1 1 36.4 24 
1 2 35.8 24 
1 3 35.85 24 
1 4 35.7 24 
1 5 35.85 24 
1 6 37.2 24 
1 7 35.9 24 
1 8 36.45 24 
1 9 36.2 24 
1 10 36.3 23 
1 11 36.2 24 
1 12 36.6 24 
1 13 35.95 24 
1 14 35.35 24 
1 15 35.2 24 
1 16 36.55 24 
1 17 36.2 24 
1 18 35.45 24 
1 19 35.6 24 
1 20 36.6 24 
1 21 36.2 24 
1 22 36.7 24 
1 23 35.7 24 
1 24 36.4 24 
1 25 35.3 24 
1 26 35.85 24 
1 27 36.1 24 
1 28 36.3 24 
1 29 37 24 
1 30 36.25 24 
1.5 1 25.1 24 
1.5 2 24.95 24 
1.5 3 25.7 24 
1.5 4 25.45 24 
1.5 5 24.85 24 
1.5 6 25.35 24 
1.5 7 25.15 24 
1.5 8 24.25 24 
1.5 9 25.15 24 
1.5 10 25.6 24 
1.5 11 25.55 24 
1.5 12 24.75 24 
1.5 13 24.7 24 
1.5 14 25.85 24 
1.5 15 25.05 24 
1.5 16 25.3 24 
1.5 17 26.2 24 
1.5 18 25.4 24 
1.5 19 25.25 23 
1.5 20 25.7 24 
1.5 21 25.25 24 
1.5 22 25.15 24 
1.5 23 25.3 24 
1.5 24 24.6 24 
1.5 25 24.85 24 
1.5 26 24.25 24 
1.5 27 25.35 24 
1.5 28 25 24 
1.5 29 25.1 24 
1.5 30 24.9 24 
2 1 20.95 24 
2 2 21.5 24 
2 3 20.15 24 
2 4 20.4 24 
2 5 20.7 24 
2 6 20.35 24 
2 7 20.7 24 
2 8 21.45 24 
2 9 21.85 24 
2 10 21 24 
2 11 20.9 24 
2 12 22 24 
2 13 20.55 24 
2 14 20.15 24 
2 15 21.05 24 
2 16 20.2 24 
2 17 19.75 24 
2 18 21.35 24 
2 19 20.3 24 
2 20 21.4 24 
2 21 20.45 23 
2 22 20.8 23 
2 23 20.65 24 
2 24 21.5 24 
2 25 20.1 24 
2 26 20.25 24 
2 27 21.3 24 
2 28 19.9 24 
2 29 20.35 24 
2 30 20.3 24 
2.5 1 20.15 24 
2.5 2 20.7 24 
2.5 3 19.95 23 
2.5 4 21.15 24 
2.5 5 20.55 24 
2.5 6 18.7 23 
2.5 7 20 24 
2.5 8 19.9 24 
2.5 9 20.5 23 
2.5 10 21.05 23 
2.5 11 19.25 24 
2.5 12 19.45 24 
2.5 13 18.3 24 
2.5 14 21.25 23 
2.5 15 20.55 24 
2.5 16 19.1 24 
2.5 17 20.8 24 
2.5 18 19.45 24 
2.5 19 19.8 24 
2.5 20 19.5 24 
2.5 21 22.35 24 
2.5 22 19.15 24 
2.5 23 19.5 24 
2.5 24 19.8 24 
2.5 25 20.25 24 
2.5 26 20.4 23 
2.5 27 18.9 24 
2.5 28 23.15 24 
2.5 29 19.6 24 
2.5 30 19.75 24 
3 1 18.8 23 
3 2 20.85 24 
3 3 19.8 23 
3 4 21.2 24 
3 5 19.8 24 
3 6 18.75 24 
3 7 19.15 24 
3 8 20.2 23 
3 9 23.85 24 
3 10 22.95 24 
3 11 21.55 24 
3 12 20.9 24 
3 13 20.85 24 
3 14 20.95 24 
3 15 23.3 24 
3 16 18.6 23 
3 17 18.75 23 
3 18 22.55 24 
3 19 21.65 24 
3 20 20.85 24 
3 21 19.1 24 
3 22 20.05 22 
3 23 22.2 24 
3 24 19.6 24 
3 25 20.25 24 
3 26 20.45 24 
3 27 20.3 24 
3 28 22.7 24 
3 29 18.7 24 
3 30 23.4 24 
3.5 1 24.15 24 
3.5 2 21.5 24 
3.5 3 22.65 24 
3.5 4 22.75 24 
3.5 5 24 24 
3.5 6 21.3 23 
3.5 7 22 24 
3.5 8 24.55 24 
3.5 9 21.35 24 
3.5 10 24.15 23 
3.5 11 19.85 24 
3.5 12 20.5 24 
3.5 13 22.9 24 
3.5 14 20.15 24 
3.5 15 22.25 24 
3.5 16 22.95 24 
3.5 17 23.05 24 
3.5 18 24.85 23 
3.5 19 21.8 23 
3.5 20 18.55 24 
3.5 21 22.3 24 
3.5 22 20.1 23 
3.5 23 19.2 24 
3.5 24 21.4 24 
3.5 25 24.75 24 
3.5 26 20.4 24 
3.5 27 21.95 23 
3.5 28 22.1 24 
3.5 29 22.95 24 
3.5 30 19.55 24 
4 1 22.4 24 
4 2 22.35 24 
4 3 20.75 24 
4 4 23.4 24 
4 5 22.8 24 
4 6 21.3 24 
4 7 21.3 23 
4 8 27.8 24 
4 9 23.7 24 
4 10 24.35 24 
4 11 21.8 24 
4 12 23.1 24 
4 13 21.35 24 
4 14 23.4 24 
4 15 23.75 24 
4 16 25.3 24 
4 17 20.75 24 
4 18 24.5 23 
4 19 23.6 24 
4 20 24.75 24 
4 21 20.2 24 
4 22 22 24 
4 23 23.6 24 
4 24 22.7 23 
4 25 22.2 24 
4 26 22.65 24 
4 27 22.5 24 
4 28 22.4 24 
4 29 22.85 24 
4 30 20.95 24 
4.5 1 21.85 24 
4.5 2 23.35 24 
4.5 3 20.85 24 
4.5 4 21.95 24 
4.5 5 21.3 23 
4.5 6 24.45 24 
4.5 7 23.3 24 
4.5 8 21.2 24 
4.5 9 20.15 24 
4.5 10 21.4 24 
4.5 11 23.3 24 
4.5 12 20.35 23 
4.5 13 23.4 24 
4.5 14 23.45 24 
4.5 15 21.25 24 
4.5 16 22.15 24 
4.5 17 21.5 24 
4.5 18 18.5 23 
4.5 19 23.7 24 
4.5 20 20.9 24 
4.5 21 24.45 24 
4.5 22 24.45 24 
4.5 23 22.65 23 
4.5 24 23.5 24 
4.5 25 21.9 24 
4.5 26 22.15 24 
4.5 27 25.35 23 
4.5 28 20.95 24 
4.5 29 24.5 24 
4.5 30 22.45 23 
5 1 22.3 24 
5 2 25.05 24 
5 3 23.35 24 
5 4 24 24 
5 5 21.6 24 
5 6 22.95 24 
5 7 20.95 24 
5 8 23.3 23 
5 9 21.25 24 
5 10 23.35 23 
5 11 22 23 
5 12 23.3 24 
5 13 23.65 23 
5 14 21.3 24 
5 15 19.8 23 
5 16 22.15 24 
5 17 20.55 23 
5 18 23.95 24 
5 19 19.9 24 
5 20 22.4 24 
5 21 23.4 24 
5 22 21.05 24 
5 23 22.15 24 
5 24 21.95 24 
5 25 23.8 24 
5 26 20.25 23 
5 27 21.1 24 
5 28 20.6 23 
5 29 24.9 24 
5 30 21.35 24 
5.5 1 21.25 24 
5.5 2 22.5 24 
5.5 3 21.8 24 
5.5 4 22 24 
5.5 5 21.7 24 
5.5 6 22.1 24 
5.5 7 23.15 23 
5.5 8 22.25 24 
5.5 9 20.2 24 
5.5 10 22.8 24 
5.5 11 21.35 24 
5.5 12 23.05 24 
5.5 13 22.65 24 
5.5 14 21.3 23 
5.5 15 24.05 23 
5.5 16 21.6 23 
5.5 17 23.05 24 
5.5 18 21.65 23 
5.5 19 22.75 24 
5.5 20 20.7 23 
5.5 21 19.5 24 
5.5 22 23 24 
5.5 23 23.5 23 
5.5 24 22.1 22 
5.5 25 21.85 23 
5.5 26 22.2 23 
5.5 27 21.4 24 
5.5 28 22.15 24 
5.5 29 22.25 24 
5.5 30 21.85 24 
6 1 21.7 24 
6 2 22.2 24 
6 3 21.1 24 
6 4 22.5 24 
6 5 20 24 
6 6 22.75 24 
6 7 21.45 24 
6 8 21.4 24 
6 9 21.2 24 
6 10 22.05 23 
6 11 20.75 24 
6 12 24.45 24 
6 13 21.9 22 
6 14 21.45 24 
6 15 24 24 
6 16 21.75 24 
6 17 21.9 24 
6 18 23.25 24 
6 19 23.4 24 
6 20 22.8 23 
6 21 20.4 23 
6 22 22.3 23 
6 23 23.3 24 
6 24 22.3 24 
6 25 19.65 24 
6 26 23.2 24 
6 27 20.2 24 
6 28 21.45 24 
6 29 21.55 24 
6 30 23.8 23 
6.5 1 21.6 24 
6.5 2 21.75 23 
6.5 3 20.8 24 
6.5 4 18.45 24 
6.5 5 19.6 24 
6.5 6 22.45 23 
6.5 7 21.75 24 
6.5 8 21.25 24 
6.5 9 21.35 24 
6.5 10 22.3 24 
6.5 11 21.35 24 
6.5 12 21.55 24 
6.5 13 21.95 24 
6.5 14 22 24 
6.5 15 23.25 24 
6.5 16 22.2 23 
6.5 17 23.35 24 
6.5 18 20 23 
6.5 19 21.8 24 
6.5 20 20.25 24 
6.5 21 18.5 23 
6.5 22 18.45 24 
6.5 23 22.15 24 
6.5 24 21.5 22 
6.5 25 21.15 24 
6.5 26 22.2 24 
6.5 27 21.55 24 
6.5 28 20.05 24 
6.5 29 20.5 24 
6.5 30 20.55 23 
7 1 17.55 24 
7 2 20.85 24 
7 3 20.65 24 
7 4 21 24 
7 5 21.55 24 
7 6 19.7 24 
7 7 18.75 24 
7 8 20.15 24 
7 9 19.3 24 
7 10 21.05 24 
7 11 21.1 24 
7 12 20.05 23 
7 13 20.05 24 
7 14 20.15 24 
7 15 21.45 24 
7 16 22.05 24 
7 17 22.7 24 
7 18 22.7 24 
7 19 21.6 24 
7 20 20.75 24 
7 21 20.25 24 
7 22 20.05 24 
7 23 22.05 24 
7 24 20.75 24 
7 25 21.6 23 
7 26 21.25 23 
7 27 19.6 24 
7 28 22.4 24 
7 29 18.85 24 
7 30 22.1 24 
7.5 1 21.65 23 
7.5 2 21.2 24 
7.5 3 21.3 24 
7.5 4 20.45 23 
7.5 5 21.4 24 
7.5 6 20.1 23 
7.5 7 21.45 24 
7.5 8 19.5 24 
7.5 9 18.7 23 
7.5 10 20.35 24 
7.5 11 20.9 24 
7.5 12 18.5 24 
7.5 13 19.45 24 
7.5 14 21.3 24 
7.5 15 19.3 24 
7.5 16 20.1 23 
7.5 17 20.5 24 
7.5 18 20.05 24 
7.5 19 19.7 24 
7.5 20 20.35 24 
7.5 21 20.2 24 
7.5 22 20.7 24 
7.5 23 20.2 24 
7.5 24 22.2 24 
7.5 25 21.75 24 
7.5 26 20.45 24 
7.5 27 20.05 24 
7.5 28 20.3 24 
7.5 29 20.05 24 
7.5 30 22.4 24 
