-0.050000 1.000000
-0.049000 1.000000
-0.048000 1.000000
-0.047000 1.000000
-0.046000 1.000000
-0.045000 1.000000
-0.044000 1.000000
-0.043000 1.000000
-0.042000 1.000000
-0.041000 1.000000
-0.040000 1.000000
-0.039000 1.000000
-0.038000 1.000000
-0.037000 1.000000
-0.036000 1.000000
-0.035000 1.000000
-0.034000 1.000000
-0.033000 1.000000
-0.032000 1.000000
-0.031000 1.000000
-0.030000 1.000000
-0.029000 1.000000
-0.028000 1.000000
-0.027000 1.000000
-0.026000 1.000000
-0.025000 1.000000
-0.024000 1.000000
-0.023000 1.000000
-0.022000 1.000000
-0.021000 1.000000
-0.020000 1.000000
-0.019000 1.000000
-0.018000 1.000000
-0.017000 1.000000
-0.016000 1.000000
-0.015000 1.000000
-0.014000 1.000000
-0.013000 1.000000
-0.012000 1.000000
-0.011000 1.000000
-0.010000 1.000000
-0.009000 1.000000
-0.008000 1.000000
-0.007000 1.000000
-0.006000 1.000000
-0.005000 1.000000
-0.004000 1.000000
-0.003000 1.000000
-0.002000 1.000000
-0.001000 1.000000
0.000000 1.000000
0.001000 0.934267
0.002000 0.889471
0.003000 0.852607
0.004000 0.820510
0.005000 0.791776
0.006000 0.765631
0.007000 0.741585
0.008000 0.719306
0.009000 0.698548
0.010000 0.679122
0.011000 0.660880
0.012000 0.643699
0.013000 0.627476
0.014000 0.612124
0.015000 0.597568
0.016000 0.583744
0.017000 0.570592
0.018000 0.558063
0.019000 0.546110
0.020000 0.534693
0.021000 0.523776
0.022000 0.513324
0.023000 0.503309
0.024000 0.493701
0.025000 0.484477
0.026000 0.475613
0.027000 0.467088
0.028000 0.458883
0.029000 0.450979
0.030000 0.443361
0.031000 0.436012
0.032000 0.428918
0.033000 0.422067
0.034000 0.415445
0.035000 0.409042
0.036000 0.402846
0.037000 0.396848
0.038000 0.391038
0.039000 0.385407
0.040000 0.379947
0.041000 0.374651
0.042000 0.369511
0.043000 0.364520
0.044000 0.359672
0.045000 0.354961
0.046000 0.350381
0.047000 0.345926
0.048000 0.341592
0.049000 0.337373
0.050000 0.333265
0.051000 0.329265
0.052000 0.325366
0.053000 0.321566
0.054000 0.317862
0.055000 0.314248
0.056000 0.310723
0.057000 0.307283
0.058000 0.303924
0.059000 0.300645
0.060000 0.297441
0.061000 0.294311
0.062000 0.291253
0.063000 0.288262
0.064000 0.285339
0.065000 0.282479
0.066000 0.279681
0.067000 0.276944
0.068000 0.274264
0.069000 0.271641
0.070000 0.269073
0.071000 0.266557
0.072000 0.264093
0.073000 0.261678
0.074000 0.259311
0.075000 0.256992
0.076000 0.254717
0.077000 0.252487
0.078000 0.250300
0.079000 0.248154
0.080000 0.246048
0.081000 0.243982
0.082000 0.241954
0.083000 0.239963
0.084000 0.238008
0.085000 0.236088
0.086000 0.234203
0.087000 0.232351
0.088000 0.230531
0.089000 0.228743
0.090000 0.226986
0.091000 0.225258
0.092000 0.223560
0.093000 0.221890
0.094000 0.220248
0.095000 0.218633
0.096000 0.217045
0.097000 0.215482
0.098000 0.213945
0.099000 0.212432
0.100000 0.210943
0.101000 0.209477
0.102000 0.208034
0.103000 0.206614
0.104000 0.205215
0.105000 0.203838
0.106000 0.202481
0.107000 0.201145
0.108000 0.199829
0.109000 0.198532
0.110000 0.197254
0.111000 0.195995
0.112000 0.194754
0.113000 0.193531
0.114000 0.192325
0.115000 0.191136
0.116000 0.189964
0.117000 0.188809
0.118000 0.187669
0.119000 0.186545
0.120000 0.185436
0.121000 0.184343
0.122000 0.183264
0.123000 0.182200
0.124000 0.181150
0.125000 0.180113
0.126000 0.179091
0.127000 0.178081
0.128000 0.177085
0.129000 0.176102
0.130000 0.175131
0.131000 0.174172
0.132000 0.173226
0.133000 0.172291
0.134000 0.171368
0.135000 0.170457
0.136000 0.169557
0.137000 0.168668
0.138000 0.167789
0.139000 0.166921
0.140000 0.166064
0.141000 0.165217
0.142000 0.164380
0.143000 0.163553
0.144000 0.162735
0.145000 0.161928
0.146000 0.161129
0.147000 0.160340
0.148000 0.159560
0.149000 0.158788
0.150000 0.158026
0.151000 0.157272
0.152000 0.156526
0.153000 0.155789
0.154000 0.155060
0.155000 0.154339
0.156000 0.153626
0.157000 0.152920
0.158000 0.152223
0.159000 0.151533
0.160000 0.150850
0.161000 0.150174
0.162000 0.149506
0.163000 0.148845
0.164000 0.148191
0.165000 0.147543
0.166000 0.146902
0.167000 0.146268
0.168000 0.145641
0.169000 0.145020
0.170000 0.144405
0.171000 0.143796
0.172000 0.143194
0.173000 0.142597
0.174000 0.142007
0.175000 0.141422
0.176000 0.140844
0.177000 0.140270
0.178000 0.139703
0.179000 0.139141
0.180000 0.138584
0.181000 0.138033
0.182000 0.137487
0.183000 0.136947
0.184000 0.136411
0.185000 0.135881
0.186000 0.135355
0.187000 0.134835
0.188000 0.134319
0.189000 0.133808
0.190000 0.133302
0.191000 0.132800
0.192000 0.132303
0.193000 0.131811
0.194000 0.131323
0.195000 0.130840
0.196000 0.130360
0.197000 0.129885
0.198000 0.129415
0.199000 0.128948
0.200000 0.128486
0.201000 0.128028
0.202000 0.127573
0.203000 0.127123
0.204000 0.126677
0.205000 0.126234
0.206000 0.125795
0.207000 0.125360
0.208000 0.124929
0.209000 0.124502
0.210000 0.124078
0.211000 0.123657
0.212000 0.123240
0.213000 0.122827
0.214000 0.122417
0.215000 0.122010
0.216000 0.121607
0.217000 0.121207
0.218000 0.120811
0.219000 0.120417
0.220000 0.120027
0.221000 0.119640
0.222000 0.119256
0.223000 0.118875
0.224000 0.118497
0.225000 0.118122
0.226000 0.117751
0.227000 0.117382
0.228000 0.117016
0.229000 0.116653
0.230000 0.116292
0.231000 0.115935
0.232000 0.115580
0.233000 0.115228
0.234000 0.114879
0.235000 0.114532
0.236000 0.114188
0.237000 0.113847
0.238000 0.113508
0.239000 0.113172
0.240000 0.112838
0.241000 0.112507
0.242000 0.112178
0.243000 0.111852
0.244000 0.111528
0.245000 0.111206
0.246000 0.110887
0.247000 0.110570
0.248000 0.110256
0.249000 0.109943
0.250000 0.109633
0.251000 0.109326
0.252000 0.109020
0.253000 0.108717
0.254000 0.108416
0.255000 0.108117
0.256000 0.107820
0.257000 0.107525
0.258000 0.107232
0.259000 0.106941
0.260000 0.106653
0.261000 0.106366
0.262000 0.106081
0.263000 0.105799
0.264000 0.105518
0.265000 0.105239
0.266000 0.104962
0.267000 0.104687
0.268000 0.104414
0.269000 0.104143
0.270000 0.103873
0.271000 0.103606
0.272000 0.103340
0.273000 0.103076
0.274000 0.102813
0.275000 0.102553
0.276000 0.102294
0.277000 0.102037
0.278000 0.101781
0.279000 0.101527
0.280000 0.101275
0.281000 0.101025
0.282000 0.100776
0.283000 0.100528
0.284000 0.100283
0.285000 0.100039
0.286000 0.099796
0.287000 0.099555
0.288000 0.099316
0.289000 0.099078
0.290000 0.098841
0.291000 0.098606
0.292000 0.098373
0.293000 0.098141
0.294000 0.097910
0.295000 0.097681
0.296000 0.097453
0.297000 0.097227
0.298000 0.097002
0.299000 0.096779
0.300000 0.096556
0.301000 0.096336
0.302000 0.096116
0.303000 0.095898
0.304000 0.095681
0.305000 0.095466
0.306000 0.095251
0.307000 0.095039
0.308000 0.094827
0.309000 0.094616
0.310000 0.094407
0.311000 0.094199
0.312000 0.093993
0.313000 0.093787
0.314000 0.093583
0.315000 0.093380
0.316000 0.093178
0.317000 0.092978
0.318000 0.092778
0.319000 0.092580
0.320000 0.092382
0.321000 0.092186
0.322000 0.091991
0.323000 0.091798
0.324000 0.091605
0.325000 0.091413
0.326000 0.091223
0.327000 0.091033
0.328000 0.090845
0.329000 0.090657
0.330000 0.090471
0.331000 0.090286
0.332000 0.090102
0.333000 0.089918
0.334000 0.089736
0.335000 0.089555
0.336000 0.089375
0.337000 0.089196
0.338000 0.089018
0.339000 0.088840
0.340000 0.088664
0.341000 0.088489
0.342000 0.088314
0.343000 0.088141
0.344000 0.087969
0.345000 0.087797
0.346000 0.087626
0.347000 0.087457
0.348000 0.087288
0.349000 0.087120
0.350000 0.086953
0.351000 0.086787
0.352000 0.086622
0.353000 0.086457
0.354000 0.086294
0.355000 0.086131
0.356000 0.085969
0.357000 0.085809
0.358000 0.085648
0.359000 0.085489
0.360000 0.085331
0.361000 0.085173
0.362000 0.085016
0.363000 0.084860
0.364000 0.084705
0.365000 0.084551
0.366000 0.084397
0.367000 0.084244
0.368000 0.084092
0.369000 0.083941
0.370000 0.083790
0.371000 0.083640
0.372000 0.083491
0.373000 0.083343
0.374000 0.083195
0.375000 0.083049
0.376000 0.082902
0.377000 0.082757
0.378000 0.082612
0.379000 0.082469
0.380000 0.082325
0.381000 0.082183
0.382000 0.082041
0.383000 0.081900
0.384000 0.081759
0.385000 0.081620
0.386000 0.081480
0.387000 0.081342
0.388000 0.081204
0.389000 0.081067
0.390000 0.080931
0.391000 0.080795
0.392000 0.080660
0.393000 0.080525
0.394000 0.080392
0.395000 0.080258
0.396000 0.080126
0.397000 0.079994
0.398000 0.079863
0.399000 0.079732
0.400000 0.079602
0.401000 0.079472
0.402000 0.079343
0.403000 0.079215
0.404000 0.079087
0.405000 0.078960
0.406000 0.078834
0.407000 0.078708
0.408000 0.078583
0.409000 0.078458
0.410000 0.078334
0.411000 0.078210
0.412000 0.078087
0.413000 0.077964
0.414000 0.077842
0.415000 0.077721
0.416000 0.077600
0.417000 0.077480
0.418000 0.077360
0.419000 0.077241
0.420000 0.077122
0.421000 0.077004
0.422000 0.076887
0.423000 0.076769
0.424000 0.076653
0.425000 0.076537
0.426000 0.076421
0.427000 0.076306
0.428000 0.076192
0.429000 0.076078
0.430000 0.075964
0.431000 0.075851
0.432000 0.075738
0.433000 0.075626
0.434000 0.075515
0.435000 0.075404
0.436000 0.075293
0.437000 0.075183
0.438000 0.075073
0.439000 0.074964
0.440000 0.074855
0.441000 0.074747
0.442000 0.074639
0.443000 0.074532
0.444000 0.074425
0.445000 0.074319
0.446000 0.074213
0.447000 0.074107
0.448000 0.074002
0.449000 0.073898
0.450000 0.073793
0.451000 0.073690
0.452000 0.073586
0.453000 0.073483
0.454000 0.073381
0.455000 0.073279
0.456000 0.073177
0.457000 0.073076
0.458000 0.072975
0.459000 0.072875
0.460000 0.072775
0.461000 0.072675
0.462000 0.072576
0.463000 0.072478
0.464000 0.072379
0.465000 0.072281
0.466000 0.072184
0.467000 0.072087
0.468000 0.071990
0.469000 0.071894
0.470000 0.071798
0.471000 0.071702
0.472000 0.071607
0.473000 0.071512
0.474000 0.071418
0.475000 0.071323
0.476000 0.071230
0.477000 0.071137
0.478000 0.071044
0.479000 0.070951
0.480000 0.070859
0.481000 0.070767
0.482000 0.070675
0.483000 0.070584
0.484000 0.070494
0.485000 0.070403
0.486000 0.070313
0.487000 0.070223
0.488000 0.070134
0.489000 0.070045
0.490000 0.069956
0.491000 0.069868
0.492000 0.069780
0.493000 0.069692
0.494000 0.069605
0.495000 0.069518
0.496000 0.069431
0.497000 0.069345
0.498000 0.069259
0.499000 0.069174
0.500000 0.069088
0.501000 0.069003
0.502000 0.068919
0.503000 0.068834
0.504000 0.068750
0.505000 0.068666
0.506000 0.068583
0.507000 0.068500
0.508000 0.068417
0.509000 0.068335
0.510000 0.068252
0.511000 0.068171
0.512000 0.068089
0.513000 0.068008
0.514000 0.067927
0.515000 0.067846
0.516000 0.067766
0.517000 0.067686
0.518000 0.067606
0.519000 0.067526
0.520000 0.067447
0.521000 0.067368
0.522000 0.067290
0.523000 0.067211
0.524000 0.067133
0.525000 0.067056
0.526000 0.066978
0.527000 0.066901
0.528000 0.066824
0.529000 0.066747
0.530000 0.066671
0.531000 0.066595
0.532000 0.066519
0.533000 0.066444
0.534000 0.066368
0.535000 0.066293
0.536000 0.066218
0.537000 0.066144
0.538000 0.066070
0.539000 0.065996
0.540000 0.065922
0.541000 0.065849
0.542000 0.065776
0.543000 0.065703
0.544000 0.065630
0.545000 0.065558
0.546000 0.065485
0.547000 0.065413
0.548000 0.065342
0.549000 0.065270
0.550000 0.065199
0.551000 0.065128
0.552000 0.065058
0.553000 0.064987
0.554000 0.064917
0.555000 0.064847
0.556000 0.064777
0.557000 0.064708
0.558000 0.064639
0.559000 0.064570
0.560000 0.064501
0.561000 0.064433
0.562000 0.064364
0.563000 0.064296
0.564000 0.064228
0.565000 0.064161
0.566000 0.064093
0.567000 0.064026
0.568000 0.063959
0.569000 0.063893
0.570000 0.063826
0.571000 0.063760
0.572000 0.063694
0.573000 0.063628
0.574000 0.063563
0.575000 0.063497
0.576000 0.063432
0.577000 0.063367
0.578000 0.063302
0.579000 0.063238
0.580000 0.063174
0.581000 0.063110
0.582000 0.063046
0.583000 0.062982
0.584000 0.062919
0.585000 0.062855
0.586000 0.062792
0.587000 0.062730
0.588000 0.062667
0.589000 0.062605
0.590000 0.062542
0.591000 0.062480
0.592000 0.062418
0.593000 0.062357
0.594000 0.062295
0.595000 0.062234
0.596000 0.062173
0.597000 0.062112
0.598000 0.062052
0.599000 0.061991
0.600000 0.061931
0.601000 0.061871
0.602000 0.061811
0.603000 0.061752
0.604000 0.061692
0.605000 0.061633
0.606000 0.061574
0.607000 0.061515
0.608000 0.061456
0.609000 0.061397
0.610000 0.061339
0.611000 0.061281
0.612000 0.061223
0.613000 0.061165
0.614000 0.061107
0.615000 0.061050
0.616000 0.060993
0.617000 0.060936
0.618000 0.060879
0.619000 0.060822
0.620000 0.060765
0.621000 0.060709
0.622000 0.060653
0.623000 0.060597
0.624000 0.060541
0.625000 0.060485
0.626000 0.060430
0.627000 0.060374
0.628000 0.060319
0.629000 0.060264
0.630000 0.060209
0.631000 0.060154
0.632000 0.060100
0.633000 0.060046
0.634000 0.059991
0.635000 0.059937
0.636000 0.059883
0.637000 0.059830
0.638000 0.059776
0.639000 0.059723
0.640000 0.059670
0.641000 0.059617
0.642000 0.059564
0.643000 0.059511
0.644000 0.059458
0.645000 0.059406
0.646000 0.059354
0.647000 0.059301
0.648000 0.059250
0.649000 0.059198
0.650000 0.059146
0.651000 0.059095
0.652000 0.059043
0.653000 0.058992
0.654000 0.058941
0.655000 0.058890
0.656000 0.058839
0.657000 0.058789
0.658000 0.058738
0.659000 0.058688
0.660000 0.058638
0.661000 0.058588
0.662000 0.058538
0.663000 0.058488
0.664000 0.058439
0.665000 0.058389
0.666000 0.058340
0.667000 0.058291
0.668000 0.058242
0.669000 0.058193
0.670000 0.058144
0.671000 0.058095
0.672000 0.058047
0.673000 0.057999
0.674000 0.057950
0.675000 0.057902
0.676000 0.057854
0.677000 0.057807
0.678000 0.057759
0.679000 0.057712
0.680000 0.057664
0.681000 0.057617
0.682000 0.057570
0.683000 0.057523
0.684000 0.057476
0.685000 0.057429
0.686000 0.057383
0.687000 0.057336
0.688000 0.057290
0.689000 0.057244
0.690000 0.057198
0.691000 0.057152
0.692000 0.057106
0.693000 0.057060
0.694000 0.057015
0.695000 0.056970
0.696000 0.056924
0.697000 0.056879
0.698000 0.056834
0.699000 0.056789
0.700000 0.056744
0.701000 0.056700
0.702000 0.056655
0.703000 0.056611
0.704000 0.056566
0.705000 0.056522
0.706000 0.056478
0.707000 0.056434
0.708000 0.056390
0.709000 0.056347
0.710000 0.056303
0.711000 0.056260
0.712000 0.056216
0.713000 0.056173
0.714000 0.056130
0.715000 0.056087
0.716000 0.056044
0.717000 0.056001
0.718000 0.055959
0.719000 0.055916
0.720000 0.055874
0.721000 0.055831
0.722000 0.055789
0.723000 0.055747
0.724000 0.055705
0.725000 0.055663
0.726000 0.055622
0.727000 0.055580
0.728000 0.055538
0.729000 0.055497
0.730000 0.055456
0.731000 0.055415
0.732000 0.055373
0.733000 0.055332
0.734000 0.055292
0.735000 0.055251
0.736000 0.055210
0.737000 0.055170
0.738000 0.055129
0.739000 0.055089
0.740000 0.055049
0.741000 0.055008
0.742000 0.054968
0.743000 0.054929
0.744000 0.054889
0.745000 0.054849
0.746000 0.054809
0.747000 0.054770
0.748000 0.054730
0.749000 0.054691
0.750000 0.054652
0.751000 0.054613
0.752000 0.054574
0.753000 0.054535
0.754000 0.054496
0.755000 0.054457
0.756000 0.054419
0.757000 0.054380
0.758000 0.054342
0.759000 0.054304
0.760000 0.054265
0.761000 0.054227
0.762000 0.054189
0.763000 0.054151
0.764000 0.054114
0.765000 0.054076
0.766000 0.054038
0.767000 0.054001
0.768000 0.053963
0.769000 0.053926
0.770000 0.053889
0.771000 0.053851
0.772000 0.053814
0.773000 0.053777
0.774000 0.053740
0.775000 0.053704
0.776000 0.053667
0.777000 0.053630
0.778000 0.053594
0.779000 0.053557
0.780000 0.053521
0.781000 0.053485
0.782000 0.053449
0.783000 0.053413
0.784000 0.053377
0.785000 0.053341
0.786000 0.053305
0.787000 0.053269
0.788000 0.053234
0.789000 0.053198
0.790000 0.053163
0.791000 0.053127
0.792000 0.053092
0.793000 0.053057
0.794000 0.053022
0.795000 0.052987
0.796000 0.052952
0.797000 0.052917
0.798000 0.052882
0.799000 0.052847
0.800000 0.052813
0.801000 0.052778
0.802000 0.052744
0.803000 0.052709
0.804000 0.052675
0.805000 0.052641
0.806000 0.052607
0.807000 0.052573
0.808000 0.052539
0.809000 0.052505
0.810000 0.052471
0.811000 0.052438
0.812000 0.052404
0.813000 0.052370
0.814000 0.052337
0.815000 0.052304
0.816000 0.052270
0.817000 0.052237
0.818000 0.052204
0.819000 0.052171
0.820000 0.052138
0.821000 0.052105
0.822000 0.052072
0.823000 0.052039
0.824000 0.052007
0.825000 0.051974
0.826000 0.051942
0.827000 0.051909
0.828000 0.051877
0.829000 0.051844
0.830000 0.051812
0.831000 0.051780
0.832000 0.051748
0.833000 0.051716
0.834000 0.051684
0.835000 0.051652
0.836000 0.051621
0.837000 0.051589
0.838000 0.051557
0.839000 0.051526
0.840000 0.051494
0.841000 0.051463
0.842000 0.051431
0.843000 0.051400
0.844000 0.051369
0.845000 0.051338
0.846000 0.051307
0.847000 0.051276
0.848000 0.051245
0.849000 0.051214
0.850000 0.051183
0.851000 0.051153
0.852000 0.051122
0.853000 0.051091
0.854000 0.051061
0.855000 0.051031
0.856000 0.051000
0.857000 0.050970
0.858000 0.050940
0.859000 0.050910
0.860000 0.050880
0.861000 0.050850
0.862000 0.050820
0.863000 0.050790
0.864000 0.050760
0.865000 0.050730
0.866000 0.050701
0.867000 0.050671
0.868000 0.050641
0.869000 0.050612
0.870000 0.050582
0.871000 0.050553
0.872000 0.050524
0.873000 0.050495
0.874000 0.050466
0.875000 0.050436
0.876000 0.050407
0.877000 0.050378
0.878000 0.050350
0.879000 0.050321
0.880000 0.050292
0.881000 0.050263
0.882000 0.050235
0.883000 0.050206
0.884000 0.050178
0.885000 0.050149
0.886000 0.050121
0.887000 0.050092
0.888000 0.050064
0.889000 0.050036
0.890000 0.050008
0.891000 0.049980
0.892000 0.049952
0.893000 0.049924
0.894000 0.049896
0.895000 0.049868
0.896000 0.049840
0.897000 0.049813
0.898000 0.049785
0.899000 0.049757
0.900000 0.049730
0.901000 0.049702
0.902000 0.049675
0.903000 0.049648
0.904000 0.049620
0.905000 0.049593
0.906000 0.049566
0.907000 0.049539
0.908000 0.049512
0.909000 0.049485
0.910000 0.049458
0.911000 0.049431
0.912000 0.049404
0.913000 0.049377
0.914000 0.049351
0.915000 0.049324
0.916000 0.049297
0.917000 0.049271
0.918000 0.049244
0.919000 0.049218
0.920000 0.049191
0.921000 0.049165
0.922000 0.049139
0.923000 0.049113
0.924000 0.049086
0.925000 0.049060
0.926000 0.049034
0.927000 0.049008
0.928000 0.048982
0.929000 0.048957
0.930000 0.048931
0.931000 0.048905
0.932000 0.048879
0.933000 0.048854
0.934000 0.048828
0.935000 0.048802
0.936000 0.048777
0.937000 0.048751
0.938000 0.048726
0.939000 0.048701
0.940000 0.048675
0.941000 0.048650
0.942000 0.048625
0.943000 0.048600
0.944000 0.048575
0.945000 0.048550
0.946000 0.048525
0.947000 0.048500
0.948000 0.048475
0.949000 0.048450
0.950000 0.048425
0.951000 0.048400
0.952000 0.048376
0.953000 0.048351
0.954000 0.048327
0.955000 0.048302
0.956000 0.048278
0.957000 0.048253
0.958000 0.048229
0.959000 0.048204
0.960000 0.048180
0.961000 0.048156
0.962000 0.048132
0.963000 0.048108
0.964000 0.048083
0.965000 0.048059
0.966000 0.048035
0.967000 0.048012
0.968000 0.047988
0.969000 0.047964
0.970000 0.047940
0.971000 0.047916
0.972000 0.047893
0.973000 0.047869
0.974000 0.047845
0.975000 0.047822
0.976000 0.047798
0.977000 0.047775
0.978000 0.047751
0.979000 0.047728
0.980000 0.047705
0.981000 0.047681
0.982000 0.047658
0.983000 0.047635
0.984000 0.047612
0.985000 0.047589
0.986000 0.047566
0.987000 0.047543
0.988000 0.047520
0.989000 0.047497
0.990000 0.047474
0.991000 0.047451
0.992000 0.047428
0.993000 0.047406
0.994000 0.047383
0.995000 0.047360
0.996000 0.047338
0.997000 0.047315
0.998000 0.047293
0.999000 0.047270
1.000000 0.047248
1.001000 0.047225
1.002000 0.047203
1.003000 0.047181
1.004000 0.047158
1.005000 0.047136
1.006000 0.047114
1.007000 0.047092
1.008000 0.047070
1.009000 0.047048
1.010000 0.047026
1.011000 0.047004
1.012000 0.046982
1.013000 0.046960
1.014000 0.046938
1.015000 0.046916
1.016000 0.046895
1.017000 0.046873
1.018000 0.046851
1.019000 0.046830
1.020000 0.046808
1.021000 0.046787
1.022000 0.046765
1.023000 0.046744
1.024000 0.046722
1.025000 0.046701
1.026000 0.046680
1.027000 0.046658
1.028000 0.046637
1.029000 0.046616
1.030000 0.046595
1.031000 0.046573
1.032000 0.046552
1.033000 0.046531
1.034000 0.046510
1.035000 0.046489
1.036000 0.046468
1.037000 0.046448
1.038000 0.046427
1.039000 0.046406
1.040000 0.046385
1.041000 0.046364
1.042000 0.046344
1.043000 0.046323
1.044000 0.046302
1.045000 0.046282
1.046000 0.046261
1.047000 0.046241
1.048000 0.046220
1.049000 0.046200
1.050000 0.046179
1.051000 0.046159
1.052000 0.046139
1.053000 0.046119
1.054000 0.046098
1.055000 0.046078
1.056000 0.046058
1.057000 0.046038
1.058000 0.046018
1.059000 0.045998
1.060000 0.045978
1.061000 0.045958
1.062000 0.045938
1.063000 0.045918
1.064000 0.045898
1.065000 0.045878
1.066000 0.045858
1.067000 0.045839
1.068000 0.045819
1.069000 0.045799
1.070000 0.045779
1.071000 0.045760
1.072000 0.045740
1.073000 0.045721
1.074000 0.045701
1.075000 0.045682
1.076000 0.045662
1.077000 0.045643
1.078000 0.045624
1.079000 0.045604
1.080000 0.045585
1.081000 0.045566
1.082000 0.045546
1.083000 0.045527
1.084000 0.045508
1.085000 0.045489
1.086000 0.045470
1.087000 0.045451
1.088000 0.045432
1.089000 0.045413
1.090000 0.045394
1.091000 0.045375
1.092000 0.045356
1.093000 0.045337
1.094000 0.045318
1.095000 0.045300
1.096000 0.045281
1.097000 0.045262
1.098000 0.045243
1.099000 0.045225
1.100000 0.045206
1.101000 0.045188
1.102000 0.045169
1.103000 0.045150
1.104000 0.045132
1.105000 0.045114
1.106000 0.045095
1.107000 0.045077
1.108000 0.045058
1.109000 0.045040
1.110000 0.045022
1.111000 0.045003
1.112000 0.044985
1.113000 0.044967
1.114000 0.044949
1.115000 0.044931
1.116000 0.044913
1.117000 0.044895
1.118000 0.044877
1.119000 0.044859
1.120000 0.044841
1.121000 0.044823
1.122000 0.044805
1.123000 0.044787
1.124000 0.044769
1.125000 0.044751
1.126000 0.044733
1.127000 0.044716
1.128000 0.044698
1.129000 0.044680
1.130000 0.044662
1.131000 0.044645
1.132000 0.044627
1.133000 0.044610
1.134000 0.044592
1.135000 0.044575
1.136000 0.044557
1.137000 0.044540
1.138000 0.044522
1.139000 0.044505
1.140000 0.044488
1.141000 0.044470
1.142000 0.044453
1.143000 0.044436
1.144000 0.044418
1.145000 0.044401
1.146000 0.044384
1.147000 0.044367
1.148000 0.044350
1.149000 0.044333
1.150000 0.044315
1.151000 0.044298
1.152000 0.044281
1.153000 0.044264
1.154000 0.044248
1.155000 0.044231
1.156000 0.044214
1.157000 0.044197
1.158000 0.044180
1.159000 0.044163
1.160000 0.044146
1.161000 0.044130
1.162000 0.044113
1.163000 0.044096
1.164000 0.044080
1.165000 0.044063
1.166000 0.044046
1.167000 0.044030
1.168000 0.044013
1.169000 0.043997
1.170000 0.043980
1.171000 0.043964
1.172000 0.043947
1.173000 0.043931
1.174000 0.043914
1.175000 0.043898
1.176000 0.043882
1.177000 0.043865
1.178000 0.043849
1.179000 0.043833
1.180000 0.043817
1.181000 0.043800
1.182000 0.043784
1.183000 0.043768
1.184000 0.043752
1.185000 0.043736
1.186000 0.043720
1.187000 0.043704
1.188000 0.043688
1.189000 0.043672
1.190000 0.043656
1.191000 0.043640
1.192000 0.043624
1.193000 0.043608
1.194000 0.043592
1.195000 0.043576
1.196000 0.043560
1.197000 0.043545
1.198000 0.043529
1.199000 0.043513
1.200000 0.043497
1.201000 0.043482
1.202000 0.043466
1.203000 0.043451
1.204000 0.043435
1.205000 0.043419
1.206000 0.043404
1.207000 0.043388
1.208000 0.043373
1.209000 0.043357
1.210000 0.043342
1.211000 0.043326
1.212000 0.043311
1.213000 0.043296
1.214000 0.043280
1.215000 0.043265
1.216000 0.043250
1.217000 0.043234
1.218000 0.043219
1.219000 0.043204
1.220000 0.043189
1.221000 0.043173
1.222000 0.043158
1.223000 0.043143
1.224000 0.043128
1.225000 0.043113
1.226000 0.043098
1.227000 0.043083
1.228000 0.043068
1.229000 0.043053
1.230000 0.043038
1.231000 0.043023
1.232000 0.043008
1.233000 0.042993
1.234000 0.042978
1.235000 0.042963
1.236000 0.042949
1.237000 0.042934
1.238000 0.042919
1.239000 0.042904
1.240000 0.042890
1.241000 0.042875
1.242000 0.042860
1.243000 0.042846
1.244000 0.042831
1.245000 0.042816
1.246000 0.042802
1.247000 0.042787
1.248000 0.042773
1.249000 0.042758
1.250000 0.042744
1.251000 0.042729
1.252000 0.042715
1.253000 0.042700
1.254000 0.042686
1.255000 0.042671
1.256000 0.042657
1.257000 0.042643
1.258000 0.042628
1.259000 0.042614
1.260000 0.042600
1.261000 0.042586
1.262000 0.042571
1.263000 0.042557
1.264000 0.042543
1.265000 0.042529
1.266000 0.042515
1.267000 0.042501
1.268000 0.042486
1.269000 0.042472
1.270000 0.042458
1.271000 0.042444
1.272000 0.042430
1.273000 0.042416
1.274000 0.042402
1.275000 0.042388
1.276000 0.042374
1.277000 0.042361
1.278000 0.042347
1.279000 0.042333
1.280000 0.042319
1.281000 0.042305
1.282000 0.042291
1.283000 0.042278
1.284000 0.042264
1.285000 0.042250
1.286000 0.042236
1.287000 0.042223
1.288000 0.042209
1.289000 0.042195
1.290000 0.042182
1.291000 0.042168
1.292000 0.042154
1.293000 0.042141
1.294000 0.042127
1.295000 0.042114
1.296000 0.042100
1.297000 0.042087
1.298000 0.042073
1.299000 0.042060
1.300000 0.042046
1.301000 0.042033
1.302000 0.042020
1.303000 0.042006
1.304000 0.041993
1.305000 0.041980
1.306000 0.041966
1.307000 0.041953
1.308000 0.041940
1.309000 0.041927
1.310000 0.041913
1.311000 0.041900
1.312000 0.041887
1.313000 0.041874
1.314000 0.041861
1.315000 0.041847
1.316000 0.041834
1.317000 0.041821
1.318000 0.041808
1.319000 0.041795
1.320000 0.041782
1.321000 0.041769
1.322000 0.041756
1.323000 0.041743
1.324000 0.041730
1.325000 0.041717
1.326000 0.041704
1.327000 0.041691
1.328000 0.041679
1.329000 0.041666
1.330000 0.041653
1.331000 0.041640
1.332000 0.041627
1.333000 0.041615
1.334000 0.041602
1.335000 0.041589
1.336000 0.041576
1.337000 0.041564
1.338000 0.041551
1.339000 0.041538
1.340000 0.041526
1.341000 0.041513
1.342000 0.041500
1.343000 0.041488
1.344000 0.041475
1.345000 0.041463
1.346000 0.041450
1.347000 0.041438
1.348000 0.041425
1.349000 0.041413
1.350000 0.041400
1.351000 0.041388
1.352000 0.041375
1.353000 0.041363
1.354000 0.041350
1.355000 0.041338
1.356000 0.041326
1.357000 0.041313
1.358000 0.041301
1.359000 0.041289
1.360000 0.041276
1.361000 0.041264
1.362000 0.041252
1.363000 0.041240
1.364000 0.041227
1.365000 0.041215
1.366000 0.041203
1.367000 0.041191
1.368000 0.041179
1.369000 0.041167
1.370000 0.041154
1.371000 0.041142
1.372000 0.041130
1.373000 0.041118
1.374000 0.041106
1.375000 0.041094
1.376000 0.041082
1.377000 0.041070
1.378000 0.041058
1.379000 0.041046
1.380000 0.041034
1.381000 0.041022
1.382000 0.041010
1.383000 0.040999
1.384000 0.040987
1.385000 0.040975
1.386000 0.040963
1.387000 0.040951
1.388000 0.040939
1.389000 0.040928
1.390000 0.040916
1.391000 0.040904
1.392000 0.040892
1.393000 0.040881
1.394000 0.040869
1.395000 0.040857
1.396000 0.040845
1.397000 0.040834
1.398000 0.040822
1.399000 0.040811
1.400000 0.040799
1.401000 0.040787
1.402000 0.040776
1.403000 0.040764
1.404000 0.040753
1.405000 0.040741
1.406000 0.040730
1.407000 0.040718
1.408000 0.040707
1.409000 0.040695
1.410000 0.040684
1.411000 0.040672
1.412000 0.040661
1.413000 0.040649
1.414000 0.040638
1.415000 0.040627
1.416000 0.040615
1.417000 0.040604
1.418000 0.040593
1.419000 0.040581
1.420000 0.040570
1.421000 0.040559
1.422000 0.040548
1.423000 0.040536
1.424000 0.040525
1.425000 0.040514
1.426000 0.040503
1.427000 0.040492
1.428000 0.040480
1.429000 0.040469
1.430000 0.040458
1.431000 0.040447
1.432000 0.040436
1.433000 0.040425
1.434000 0.040414
1.435000 0.040403
1.436000 0.040392
1.437000 0.040381
1.438000 0.040370
1.439000 0.040359
1.440000 0.040348
1.441000 0.040337
1.442000 0.040326
1.443000 0.040315
1.444000 0.040304
1.445000 0.040293
1.446000 0.040282
1.447000 0.040271
1.448000 0.040260
1.449000 0.040249
1.450000 0.040239
1.451000 0.040228
1.452000 0.040217
1.453000 0.040206
1.454000 0.040195
1.455000 0.040185
1.456000 0.040174
1.457000 0.040163
1.458000 0.040152
1.459000 0.040142
1.460000 0.040131
1.461000 0.040120
1.462000 0.040110
1.463000 0.040099
1.464000 0.040088
1.465000 0.040078
1.466000 0.040067
1.467000 0.040057
1.468000 0.040046
1.469000 0.040035
1.470000 0.040025
1.471000 0.040014
1.472000 0.040004
1.473000 0.039993
1.474000 0.039983
1.475000 0.039972
1.476000 0.039962
1.477000 0.039951
1.478000 0.039941
1.479000 0.039931
1.480000 0.039920
1.481000 0.039910
1.482000 0.039899
1.483000 0.039889
1.484000 0.039879
1.485000 0.039868
1.486000 0.039858
1.487000 0.039848
1.488000 0.039837
1.489000 0.039827
1.490000 0.039817
1.491000 0.039807
1.492000 0.039796
1.493000 0.039786
1.494000 0.039776
1.495000 0.039766
1.496000 0.039755
1.497000 0.039745
1.498000 0.039735
1.499000 0.039725
1.500000 0.039715
1.501000 0.039705
1.502000 0.039695
1.503000 0.039684
1.504000 0.039674
1.505000 0.039664
1.506000 0.039654
1.507000 0.039644
1.508000 0.039634
1.509000 0.039624
1.510000 0.039614
1.511000 0.039604
1.512000 0.039594
1.513000 0.039584
1.514000 0.039574
1.515000 0.039564
1.516000 0.039554
1.517000 0.039544
1.518000 0.039535
1.519000 0.039525
1.520000 0.039515
1.521000 0.039505
1.522000 0.039495
1.523000 0.039485
1.524000 0.039475
1.525000 0.039466
1.526000 0.039456
1.527000 0.039446
1.528000 0.039436
1.529000 0.039426
1.530000 0.039417
1.531000 0.039407
1.532000 0.039397
1.533000 0.039388
1.534000 0.039378
1.535000 0.039368
1.536000 0.039359
1.537000 0.039349
1.538000 0.039339
1.539000 0.039330
1.540000 0.039320
1.541000 0.039310
1.542000 0.039301
1.543000 0.039291
1.544000 0.039282
1.545000 0.039272
1.546000 0.039262
1.547000 0.039253
1.548000 0.039243
1.549000 0.039234
1.550000 0.039224
1.551000 0.039215
1.552000 0.039205
1.553000 0.039196
1.554000 0.039186
1.555000 0.039177
1.556000 0.039168
1.557000 0.039158
1.558000 0.039149
1.559000 0.039139
1.560000 0.039130
1.561000 0.039121
1.562000 0.039111
1.563000 0.039102
1.564000 0.039093
1.565000 0.039083
1.566000 0.039074
1.567000 0.039065
1.568000 0.039055
1.569000 0.039046
1.570000 0.039037
1.571000 0.039027
1.572000 0.039018
1.573000 0.039009
1.574000 0.039000
1.575000 0.038991
1.576000 0.038981
1.577000 0.038972
1.578000 0.038963
1.579000 0.038954
1.580000 0.038945
1.581000 0.038936
1.582000 0.038926
1.583000 0.038917
1.584000 0.038908
1.585000 0.038899
1.586000 0.038890
1.587000 0.038881
1.588000 0.038872
1.589000 0.038863
1.590000 0.038854
1.591000 0.038845
1.592000 0.038836
1.593000 0.038827
1.594000 0.038818
1.595000 0.038809
1.596000 0.038800
1.597000 0.038791
1.598000 0.038782
1.599000 0.038773
1.600000 0.038764
1.601000 0.038755
1.602000 0.038746
1.603000 0.038737
1.604000 0.038728
1.605000 0.038720
1.606000 0.038711
1.607000 0.038702
1.608000 0.038693
1.609000 0.038684
1.610000 0.038675
1.611000 0.038667
1.612000 0.038658
1.613000 0.038649
1.614000 0.038640
1.615000 0.038631
1.616000 0.038623
1.617000 0.038614
1.618000 0.038605
1.619000 0.038596
1.620000 0.038588
1.621000 0.038579
1.622000 0.038570
1.623000 0.038562
1.624000 0.038553
1.625000 0.038544
1.626000 0.038536
1.627000 0.038527
1.628000 0.038518
1.629000 0.038510
1.630000 0.038501
1.631000 0.038493
1.632000 0.038484
1.633000 0.038475
1.634000 0.038467
1.635000 0.038458
1.636000 0.038450
1.637000 0.038441
1.638000 0.038433
1.639000 0.038424
1.640000 0.038416
1.641000 0.038407
1.642000 0.038399
1.643000 0.038390
1.644000 0.038382
1.645000 0.038373
1.646000 0.038365
1.647000 0.038356
1.648000 0.038348
1.649000 0.038340
1.650000 0.038331
1.651000 0.038323
1.652000 0.038314
1.653000 0.038306
1.654000 0.038298
1.655000 0.038289
1.656000 0.038281
1.657000 0.038273
1.658000 0.038264
1.659000 0.038256
1.660000 0.038248
1.661000 0.038239
1.662000 0.038231
1.663000 0.038223
1.664000 0.038215
1.665000 0.038206
1.666000 0.038198
1.667000 0.038190
1.668000 0.038182
1.669000 0.038173
1.670000 0.038165
1.671000 0.038157
1.672000 0.038149
1.673000 0.038141
1.674000 0.038132
1.675000 0.038124
1.676000 0.038116
1.677000 0.038108
1.678000 0.038100
1.679000 0.038092
1.680000 0.038084
1.681000 0.038075
1.682000 0.038067
1.683000 0.038059
1.684000 0.038051
1.685000 0.038043
1.686000 0.038035
1.687000 0.038027
1.688000 0.038019
1.689000 0.038011
1.690000 0.038003
1.691000 0.037995
1.692000 0.037987
1.693000 0.037979
1.694000 0.037971
1.695000 0.037963
1.696000 0.037955
1.697000 0.037947
1.698000 0.037939
1.699000 0.037931
1.700000 0.037923
1.701000 0.037915
1.702000 0.037908
1.703000 0.037900
1.704000 0.037892
1.705000 0.037884
1.706000 0.037876
1.707000 0.037868
1.708000 0.037860
1.709000 0.037852
1.710000 0.037845
1.711000 0.037837
1.712000 0.037829
1.713000 0.037821
1.714000 0.037813
1.715000 0.037806
1.716000 0.037798
1.717000 0.037790
1.718000 0.037782
1.719000 0.037775
1.720000 0.037767
1.721000 0.037759
1.722000 0.037751
1.723000 0.037744
1.724000 0.037736
1.725000 0.037728
1.726000 0.037720
1.727000 0.037713
1.728000 0.037705
1.729000 0.037697
1.730000 0.037690
1.731000 0.037682
1.732000 0.037675
1.733000 0.037667
1.734000 0.037659
1.735000 0.037652
1.736000 0.037644
1.737000 0.037636
1.738000 0.037629
1.739000 0.037621
1.740000 0.037614
1.741000 0.037606
1.742000 0.037599
1.743000 0.037591
1.744000 0.037584
1.745000 0.037576
1.746000 0.037568
1.747000 0.037561
1.748000 0.037553
1.749000 0.037546
1.750000 0.037539
1.751000 0.037531
1.752000 0.037524
1.753000 0.037516
1.754000 0.037509
1.755000 0.037501
1.756000 0.037494
1.757000 0.037486
1.758000 0.037479
1.759000 0.037472
1.760000 0.037464
1.761000 0.037457
1.762000 0.037449
1.763000 0.037442
1.764000 0.037435
1.765000 0.037427
1.766000 0.037420
1.767000 0.037413
1.768000 0.037405
1.769000 0.037398
1.770000 0.037391
1.771000 0.037383
1.772000 0.037376
1.773000 0.037369
1.774000 0.037361
1.775000 0.037354
1.776000 0.037347
1.777000 0.037340
1.778000 0.037332
1.779000 0.037325
1.780000 0.037318
1.781000 0.037311
1.782000 0.037303
1.783000 0.037296
1.784000 0.037289
1.785000 0.037282
1.786000 0.037275
1.787000 0.037267
1.788000 0.037260
1.789000 0.037253
1.790000 0.037246
1.791000 0.037239
1.792000 0.037232
1.793000 0.037224
1.794000 0.037217
1.795000 0.037210
1.796000 0.037203
1.797000 0.037196
1.798000 0.037189
1.799000 0.037182
1.800000 0.037175
1.801000 0.037168
1.802000 0.037161
1.803000 0.037154
1.804000 0.037146
1.805000 0.037139
1.806000 0.037132
1.807000 0.037125
1.808000 0.037118
1.809000 0.037111
1.810000 0.037104
1.811000 0.037097
1.812000 0.037090
1.813000 0.037083
1.814000 0.037076
1.815000 0.037069
1.816000 0.037063
1.817000 0.037056
1.818000 0.037049
1.819000 0.037042
1.820000 0.037035
1.821000 0.037028
1.822000 0.037021
1.823000 0.037014
1.824000 0.037007
1.825000 0.037000
1.826000 0.036993
1.827000 0.036986
1.828000 0.036980
1.829000 0.036973
1.830000 0.036966
1.831000 0.036959
1.832000 0.036952
1.833000 0.036945
1.834000 0.036939
1.835000 0.036932
1.836000 0.036925
1.837000 0.036918
1.838000 0.036911
1.839000 0.036905
1.840000 0.036898
1.841000 0.036891
1.842000 0.036884
1.843000 0.036877
1.844000 0.036871
1.845000 0.036864
1.846000 0.036857
1.847000 0.036850
1.848000 0.036844
1.849000 0.036837
1.850000 0.036830
1.851000 0.036824
1.852000 0.036817
1.853000 0.036810
1.854000 0.036804
1.855000 0.036797
1.856000 0.036790
1.857000 0.036784
1.858000 0.036777
1.859000 0.036770
1.860000 0.036764
1.861000 0.036757
1.862000 0.036750
1.863000 0.036744
1.864000 0.036737
1.865000 0.036731
1.866000 0.036724
1.867000 0.036717
1.868000 0.036711
1.869000 0.036704
1.870000 0.036698
1.871000 0.036691
1.872000 0.036685
1.873000 0.036678
1.874000 0.036671
1.875000 0.036665
1.876000 0.036658
1.877000 0.036652
1.878000 0.036645
1.879000 0.036639
1.880000 0.036632
1.881000 0.036626
1.882000 0.036619
1.883000 0.036613
1.884000 0.036606
1.885000 0.036600
1.886000 0.036594
1.887000 0.036587
1.888000 0.036581
1.889000 0.036574
1.890000 0.036568
1.891000 0.036561
1.892000 0.036555
1.893000 0.036549
1.894000 0.036542
1.895000 0.036536
1.896000 0.036529
1.897000 0.036523
1.898000 0.036517
1.899000 0.036510
1.900000 0.036504
1.901000 0.036497
1.902000 0.036491
1.903000 0.036485
1.904000 0.036478
1.905000 0.036472
1.906000 0.036466
1.907000 0.036459
1.908000 0.036453
1.909000 0.036447
1.910000 0.036441
1.911000 0.036434
1.912000 0.036428
1.913000 0.036422
1.914000 0.036415
1.915000 0.036409
1.916000 0.036403
1.917000 0.036397
1.918000 0.036390
1.919000 0.036384
1.920000 0.036378
1.921000 0.036372
1.922000 0.036365
1.923000 0.036359
1.924000 0.036353
1.925000 0.036347
1.926000 0.036341
1.927000 0.036334
1.928000 0.036328
1.929000 0.036322
1.930000 0.036316
1.931000 0.036310
1.932000 0.036304
1.933000 0.036297
1.934000 0.036291
1.935000 0.036285
1.936000 0.036279
1.937000 0.036273
1.938000 0.036267
1.939000 0.036261
1.940000 0.036255
1.941000 0.036248
1.942000 0.036242
1.943000 0.036236
1.944000 0.036230
1.945000 0.036224
1.946000 0.036218
1.947000 0.036212
1.948000 0.036206
1.949000 0.036200
1.950000 0.036194
1.951000 0.036188
1.952000 0.036182
1.953000 0.036176
1.954000 0.036170
1.955000 0.036164
1.956000 0.036158
1.957000 0.036152
1.958000 0.036146
1.959000 0.036140
1.960000 0.036134
1.961000 0.036128
1.962000 0.036122
1.963000 0.036116
1.964000 0.036110
1.965000 0.036104
1.966000 0.036098
1.967000 0.036092
1.968000 0.036086
1.969000 0.036080
1.970000 0.036074
1.971000 0.036068
1.972000 0.036062
1.973000 0.036056
1.974000 0.036051
1.975000 0.036045
1.976000 0.036039
1.977000 0.036033
1.978000 0.036027
1.979000 0.036021
1.980000 0.036015
1.981000 0.036009
1.982000 0.036004
1.983000 0.035998
1.984000 0.035992
1.985000 0.035986
1.986000 0.035980
1.987000 0.035974
1.988000 0.035969
1.989000 0.035963
1.990000 0.035957
1.991000 0.035951
1.992000 0.035945
1.993000 0.035940
1.994000 0.035934
1.995000 0.035928
1.996000 0.035922
1.997000 0.035916
1.998000 0.035911
1.999000 0.035905
2.000000 0.035899
2.001000 0.035893
2.002000 0.035888
2.003000 0.035882
2.004000 0.035876
2.005000 0.035870
2.006000 0.035865
2.007000 0.035859
2.008000 0.035853
2.009000 0.035848
2.010000 0.035842
2.011000 0.035836
2.012000 0.035831
2.013000 0.035825
2.014000 0.035819
2.015000 0.035814
2.016000 0.035808
2.017000 0.035802
2.018000 0.035797
2.019000 0.035791
2.020000 0.035785
2.021000 0.035780
2.022000 0.035774
2.023000 0.035768
2.024000 0.035763
2.025000 0.035757
2.026000 0.035752
2.027000 0.035746
2.028000 0.035740
2.029000 0.035735
2.030000 0.035729
2.031000 0.035724
2.032000 0.035718
2.033000 0.035713
2.034000 0.035707
2.035000 0.035701
2.036000 0.035696
2.037000 0.035690
2.038000 0.035685
2.039000 0.035679
2.040000 0.035674
2.041000 0.035668
2.042000 0.035663
2.043000 0.035657
2.044000 0.035652
2.045000 0.035646
2.046000 0.035641
2.047000 0.035635
2.048000 0.035630
2.049000 0.035624
2.050000 0.035619
2.051000 0.035613
2.052000 0.035608
2.053000 0.035602
2.054000 0.035597
2.055000 0.035591
2.056000 0.035586
2.057000 0.035580
2.058000 0.035575
2.059000 0.035570
2.060000 0.035564
2.061000 0.035559
2.062000 0.035553
2.063000 0.035548
2.064000 0.035543
2.065000 0.035537
2.066000 0.035532
2.067000 0.035526
2.068000 0.035521
2.069000 0.035516
2.070000 0.035510
2.071000 0.035505
2.072000 0.035499
2.073000 0.035494
2.074000 0.035489
2.075000 0.035483
2.076000 0.035478
2.077000 0.035473
2.078000 0.035467
2.079000 0.035462
2.080000 0.035457
2.081000 0.035451
2.082000 0.035446
2.083000 0.035441
2.084000 0.035436
2.085000 0.035430
2.086000 0.035425
2.087000 0.035420
2.088000 0.035414
2.089000 0.035409
2.090000 0.035404
2.091000 0.035399
2.092000 0.035393
2.093000 0.035388
2.094000 0.035383
2.095000 0.035378
2.096000 0.035372
2.097000 0.035367
2.098000 0.035362
2.099000 0.035357
2.100000 0.035351
2.101000 0.035346
2.102000 0.035341
2.103000 0.035336
2.104000 0.035331
2.105000 0.035325
2.106000 0.035320
2.107000 0.035315
2.108000 0.035310
2.109000 0.035305
2.110000 0.035299
2.111000 0.035294
2.112000 0.035289
2.113000 0.035284
2.114000 0.035279
2.115000 0.035274
2.116000 0.035268
2.117000 0.035263
2.118000 0.035258
2.119000 0.035253
2.120000 0.035248
2.121000 0.035243
2.122000 0.035238
2.123000 0.035233
2.124000 0.035227
2.125000 0.035222
2.126000 0.035217
2.127000 0.035212
2.128000 0.035207
2.129000 0.035202
2.130000 0.035197
2.131000 0.035192
2.132000 0.035187
2.133000 0.035182
2.134000 0.035177
2.135000 0.035172
2.136000 0.035167
2.137000 0.035162
2.138000 0.035156
2.139000 0.035151
2.140000 0.035146
2.141000 0.035141
2.142000 0.035136
2.143000 0.035131
2.144000 0.035126
2.145000 0.035121
2.146000 0.035116
2.147000 0.035111
2.148000 0.035106
2.149000 0.035101
2.150000 0.035096
2.151000 0.035091
2.152000 0.035086
2.153000 0.035081
2.154000 0.035076
2.155000 0.035071
2.156000 0.035067
2.157000 0.035062
2.158000 0.035057
2.159000 0.035052
2.160000 0.035047
2.161000 0.035042
2.162000 0.035037
2.163000 0.035032
2.164000 0.035027
2.165000 0.035022
2.166000 0.035017
2.167000 0.035012
2.168000 0.035007
2.169000 0.035002
2.170000 0.034998
2.171000 0.034993
2.172000 0.034988
2.173000 0.034983
2.174000 0.034978
2.175000 0.034973
2.176000 0.034968
2.177000 0.034963
2.178000 0.034959
2.179000 0.034954
2.180000 0.034949
2.181000 0.034944
2.182000 0.034939
2.183000 0.034934
2.184000 0.034930
2.185000 0.034925
2.186000 0.034920
2.187000 0.034915
2.188000 0.034910
2.189000 0.034905
2.190000 0.034901
2.191000 0.034896
2.192000 0.034891
2.193000 0.034886
2.194000 0.034881
2.195000 0.034877
2.196000 0.034872
2.197000 0.034867
2.198000 0.034862
2.199000 0.034858
2.200000 0.034853
2.201000 0.034848
2.202000 0.034843
2.203000 0.034838
2.204000 0.034834
2.205000 0.034829
2.206000 0.034824
2.207000 0.034820
2.208000 0.034815
2.209000 0.034810
2.210000 0.034805
2.211000 0.034801
2.212000 0.034796
2.213000 0.034791
2.214000 0.034787
2.215000 0.034782
2.216000 0.034777
2.217000 0.034772
2.218000 0.034768
2.219000 0.034763
2.220000 0.034758
2.221000 0.034754
2.222000 0.034749
2.223000 0.034744
2.224000 0.034740
2.225000 0.034735
2.226000 0.034730
2.227000 0.034726
2.228000 0.034721
2.229000 0.034716
2.230000 0.034712
2.231000 0.034707
2.232000 0.034703
2.233000 0.034698
2.234000 0.034693
2.235000 0.034689
2.236000 0.034684
2.237000 0.034679
2.238000 0.034675
2.239000 0.034670
2.240000 0.034666
2.241000 0.034661
2.242000 0.034656
2.243000 0.034652
2.244000 0.034647
2.245000 0.034643
2.246000 0.034638
2.247000 0.034634
2.248000 0.034629
2.249000 0.034624
2.250000 0.034620
2.251000 0.034615
2.252000 0.034611
2.253000 0.034606
2.254000 0.034602
2.255000 0.034597
2.256000 0.034593
2.257000 0.034588
2.258000 0.034584
2.259000 0.034579
2.260000 0.034575
2.261000 0.034570
2.262000 0.034566
2.263000 0.034561
2.264000 0.034556
2.265000 0.034552
2.266000 0.034548
2.267000 0.034543
2.268000 0.034539
2.269000 0.034534
2.270000 0.034530
2.271000 0.034525
2.272000 0.034521
2.273000 0.034516
2.274000 0.034512
2.275000 0.034507
2.276000 0.034503
2.277000 0.034498
2.278000 0.034494
2.279000 0.034489
2.280000 0.034485
2.281000 0.034481
2.282000 0.034476
2.283000 0.034472
2.284000 0.034467
2.285000 0.034463
2.286000 0.034458
2.287000 0.034454
2.288000 0.034450
2.289000 0.034445
2.290000 0.034441
2.291000 0.034436
2.292000 0.034432
2.293000 0.034428
2.294000 0.034423
2.295000 0.034419
2.296000 0.034414
2.297000 0.034410
2.298000 0.034406
2.299000 0.034401
2.300000 0.034397
2.301000 0.034393
2.302000 0.034388
2.303000 0.034384
2.304000 0.034380
2.305000 0.034375
2.306000 0.034371
2.307000 0.034367
2.308000 0.034362
2.309000 0.034358
2.310000 0.034354
2.311000 0.034349
2.312000 0.034345
2.313000 0.034341
2.314000 0.034336
2.315000 0.034332
2.316000 0.034328
2.317000 0.034323
2.318000 0.034319
2.319000 0.034315
2.320000 0.034311
2.321000 0.034306
2.322000 0.034302
2.323000 0.034298
2.324000 0.034293
2.325000 0.034289
2.326000 0.034285
2.327000 0.034281
2.328000 0.034276
2.329000 0.034272
2.330000 0.034268
2.331000 0.034264
2.332000 0.034259
2.333000 0.034255
2.334000 0.034251
2.335000 0.034247
2.336000 0.034242
2.337000 0.034238
2.338000 0.034234
2.339000 0.034230
2.340000 0.034226
2.341000 0.034221
2.342000 0.034217
2.343000 0.034213
2.344000 0.034209
2.345000 0.034204
2.346000 0.034200
2.347000 0.034196
2.348000 0.034192
2.349000 0.034188
2.350000 0.034184
2.351000 0.034179
2.352000 0.034175
2.353000 0.034171
2.354000 0.034167
2.355000 0.034163
2.356000 0.034159
2.357000 0.034154
2.358000 0.034150
2.359000 0.034146
2.360000 0.034142
2.361000 0.034138
2.362000 0.034134
2.363000 0.034129
2.364000 0.034125
2.365000 0.034121
2.366000 0.034117
2.367000 0.034113
2.368000 0.034109
2.369000 0.034105
2.370000 0.034101
2.371000 0.034097
2.372000 0.034092
2.373000 0.034088
2.374000 0.034084
2.375000 0.034080
2.376000 0.034076
2.377000 0.034072
2.378000 0.034068
2.379000 0.034064
2.380000 0.034060
2.381000 0.034056
2.382000 0.034052
2.383000 0.034047
2.384000 0.034043
2.385000 0.034039
2.386000 0.034035
2.387000 0.034031
2.388000 0.034027
2.389000 0.034023
2.390000 0.034019
2.391000 0.034015
2.392000 0.034011
2.393000 0.034007
2.394000 0.034003
2.395000 0.033999
2.396000 0.033995
2.397000 0.033991
2.398000 0.033987
2.399000 0.033983
2.400000 0.033979
2.401000 0.033975
2.402000 0.033971
2.403000 0.033967
2.404000 0.033963
2.405000 0.033959
2.406000 0.033955
2.407000 0.033951
2.408000 0.033947
2.409000 0.033943
2.410000 0.033939
2.411000 0.033935
2.412000 0.033931
2.413000 0.033927
2.414000 0.033923
2.415000 0.033919
2.416000 0.033915
2.417000 0.033911
2.418000 0.033907
2.419000 0.033903
2.420000 0.033899
2.421000 0.033895
2.422000 0.033891
2.423000 0.033887
2.424000 0.033884
2.425000 0.033880
2.426000 0.033876
2.427000 0.033872
2.428000 0.033868
2.429000 0.033864
2.430000 0.033860
2.431000 0.033856
2.432000 0.033852
2.433000 0.033848
2.434000 0.033844
2.435000 0.033841
2.436000 0.033837
2.437000 0.033833
2.438000 0.033829
2.439000 0.033825
2.440000 0.033821
2.441000 0.033817
2.442000 0.033813
2.443000 0.033809
2.444000 0.033806
2.445000 0.033802
2.446000 0.033798
2.447000 0.033794
2.448000 0.033790
2.449000 0.033786
2.450000 0.033782
2.451000 0.033779
2.452000 0.033775
2.453000 0.033771
2.454000 0.033767
2.455000 0.033763
2.456000 0.033759
2.457000 0.033756
2.458000 0.033752
2.459000 0.033748
2.460000 0.033744
2.461000 0.033740
2.462000 0.033736
2.463000 0.033733
2.464000 0.033729
2.465000 0.033725
2.466000 0.033721
2.467000 0.033717
2.468000 0.033714
2.469000 0.033710
2.470000 0.033706
2.471000 0.033702
2.472000 0.033698
2.473000 0.033695
2.474000 0.033691
2.475000 0.033687
2.476000 0.033683
2.477000 0.033680
2.478000 0.033676
2.479000 0.033672
2.480000 0.033668
2.481000 0.033665
2.482000 0.033661
2.483000 0.033657
2.484000 0.033653
2.485000 0.033650
2.486000 0.033646
2.487000 0.033642
2.488000 0.033638
2.489000 0.033635
2.490000 0.033631
2.491000 0.033627
2.492000 0.033623
2.493000 0.033620
2.494000 0.033616
2.495000 0.033612
2.496000 0.033609
2.497000 0.033605
2.498000 0.033601
2.499000 0.033597
2.500000 0.033594
2.501000 0.033590
2.502000 0.033586
2.503000 0.033583
2.504000 0.033579
2.505000 0.033575
2.506000 0.033572
2.507000 0.033568
2.508000 0.033564
2.509000 0.033561
2.510000 0.033557
2.511000 0.033553
2.512000 0.033550
2.513000 0.033546
2.514000 0.033542
2.515000 0.033539
2.516000 0.033535
2.517000 0.033531
2.518000 0.033528
2.519000 0.033524
2.520000 0.033520
2.521000 0.033517
2.522000 0.033513
2.523000 0.033509
2.524000 0.033506
2.525000 0.033502
2.526000 0.033499
2.527000 0.033495
2.528000 0.033491
2.529000 0.033488
2.530000 0.033484
2.531000 0.033481
2.532000 0.033477
2.533000 0.033473
2.534000 0.033470
2.535000 0.033466
2.536000 0.033463
2.537000 0.033459
2.538000 0.033455
2.539000 0.033452
2.540000 0.033448
2.541000 0.033445
2.542000 0.033441
2.543000 0.033437
2.544000 0.033434
2.545000 0.033430
2.546000 0.033427
2.547000 0.033423
2.548000 0.033420
2.549000 0.033416
2.550000 0.033412
2.551000 0.033409
2.552000 0.033405
2.553000 0.033402
2.554000 0.033398
2.555000 0.033395
2.556000 0.033391
2.557000 0.033388
2.558000 0.033384
2.559000 0.033381
2.560000 0.033377
2.561000 0.033373
2.562000 0.033370
2.563000 0.033366
2.564000 0.033363
2.565000 0.033359
2.566000 0.033356
2.567000 0.033352
2.568000 0.033349
2.569000 0.033345
2.570000 0.033342
2.571000 0.033338
2.572000 0.033335
2.573000 0.033331
2.574000 0.033328
2.575000 0.033324
2.576000 0.033321
2.577000 0.033317
2.578000 0.033314
2.579000 0.033310
2.580000 0.033307
2.581000 0.033304
2.582000 0.033300
2.583000 0.033297
2.584000 0.033293
2.585000 0.033290
2.586000 0.033286
2.587000 0.033283
2.588000 0.033279
2.589000 0.033276
2.590000 0.033272
2.591000 0.033269
2.592000 0.033265
2.593000 0.033262
2.594000 0.033259
2.595000 0.033255
2.596000 0.033252
2.597000 0.033248
2.598000 0.033245
2.599000 0.033241
2.600000 0.033238
2.601000 0.033235
2.602000 0.033231
2.603000 0.033228
2.604000 0.033224
2.605000 0.033221
2.606000 0.033218
2.607000 0.033214
2.608000 0.033211
2.609000 0.033207
2.610000 0.033204
2.611000 0.033201
2.612000 0.033197
2.613000 0.033194
2.614000 0.033190
2.615000 0.033187
2.616000 0.033184
2.617000 0.033180
2.618000 0.033177
2.619000 0.033173
2.620000 0.033170
2.621000 0.033167
2.622000 0.033163
2.623000 0.033160
2.624000 0.033157
2.625000 0.033153
2.626000 0.033150
2.627000 0.033147
2.628000 0.033143
2.629000 0.033140
2.630000 0.033137
2.631000 0.033133
2.632000 0.033130
2.633000 0.033126
2.634000 0.033123
2.635000 0.033120
2.636000 0.033116
2.637000 0.033113
2.638000 0.033110
2.639000 0.033107
2.640000 0.033103
2.641000 0.033100
2.642000 0.033097
2.643000 0.033093
2.644000 0.033090
2.645000 0.033087
2.646000 0.033083
2.647000 0.033080
2.648000 0.033077
2.649000 0.033073
2.650000 0.033070
2.651000 0.033067
2.652000 0.033064
2.653000 0.033060
2.654000 0.033057
2.655000 0.033054
2.656000 0.033050
2.657000 0.033047
2.658000 0.033044
2.659000 0.033041
2.660000 0.033037
2.661000 0.033034
2.662000 0.033031
2.663000 0.033027
2.664000 0.033024
2.665000 0.033021
2.666000 0.033018
2.667000 0.033014
2.668000 0.033011
2.669000 0.033008
2.670000 0.033005
2.671000 0.033001
2.672000 0.032998
2.673000 0.032995
2.674000 0.032992
2.675000 0.032988
2.676000 0.032985
2.677000 0.032982
2.678000 0.032979
2.679000 0.032976
2.680000 0.032972
2.681000 0.032969
2.682000 0.032966
2.683000 0.032963
2.684000 0.032959
2.685000 0.032956
2.686000 0.032953
2.687000 0.032950
2.688000 0.032947
2.689000 0.032943
2.690000 0.032940
2.691000 0.032937
2.692000 0.032934
2.693000 0.032931
2.694000 0.032927
2.695000 0.032924
2.696000 0.032921
2.697000 0.032918
2.698000 0.032915
2.699000 0.032912
2.700000 0.032908
2.701000 0.032905
2.702000 0.032902
2.703000 0.032899
2.704000 0.032896
2.705000 0.032893
2.706000 0.032889
2.707000 0.032886
2.708000 0.032883
2.709000 0.032880
2.710000 0.032877
2.711000 0.032874
2.712000 0.032870
2.713000 0.032867
2.714000 0.032864
2.715000 0.032861
2.716000 0.032858
2.717000 0.032855
2.718000 0.032852
2.719000 0.032848
2.720000 0.032845
2.721000 0.032842
2.722000 0.032839
2.723000 0.032836
2.724000 0.032833
2.725000 0.032830
2.726000 0.032827
2.727000 0.032823
2.728000 0.032820
2.729000 0.032817
2.730000 0.032814
2.731000 0.032811
2.732000 0.032808
2.733000 0.032805
2.734000 0.032802
2.735000 0.032799
2.736000 0.032796
2.737000 0.032792
2.738000 0.032789
2.739000 0.032786
2.740000 0.032783
2.741000 0.032780
2.742000 0.032777
2.743000 0.032774
2.744000 0.032771
2.745000 0.032768
2.746000 0.032765
2.747000 0.032762
2.748000 0.032759
2.749000 0.032756
2.750000 0.032752
2.751000 0.032749
2.752000 0.032746
2.753000 0.032743
2.754000 0.032740
2.755000 0.032737
2.756000 0.032734
2.757000 0.032731
2.758000 0.032728
2.759000 0.032725
2.760000 0.032722
2.761000 0.032719
2.762000 0.032716
2.763000 0.032713
2.764000 0.032710
2.765000 0.032707
2.766000 0.032704
2.767000 0.032701
2.768000 0.032698
2.769000 0.032695
2.770000 0.032692
2.771000 0.032689
2.772000 0.032686
2.773000 0.032683
2.774000 0.032680
2.775000 0.032677
2.776000 0.032674
2.777000 0.032671
2.778000 0.032668
2.779000 0.032665
2.780000 0.032662
2.781000 0.032659
2.782000 0.032656
2.783000 0.032653
2.784000 0.032650
2.785000 0.032647
2.786000 0.032644
2.787000 0.032641
2.788000 0.032638
2.789000 0.032635
2.790000 0.032632
2.791000 0.032629
2.792000 0.032626
2.793000 0.032623
2.794000 0.032620
2.795000 0.032617
2.796000 0.032614
2.797000 0.032611
2.798000 0.032608
2.799000 0.032605
2.800000 0.032602
2.801000 0.032599
2.802000 0.032596
2.803000 0.032593
2.804000 0.032590
2.805000 0.032587
2.806000 0.032584
2.807000 0.032581
2.808000 0.032578
2.809000 0.032576
2.810000 0.032573
2.811000 0.032570
2.812000 0.032567
2.813000 0.032564
2.814000 0.032561
2.815000 0.032558
2.816000 0.032555
2.817000 0.032552
2.818000 0.032549
2.819000 0.032546
2.820000 0.032543
2.821000 0.032540
2.822000 0.032538
2.823000 0.032535
2.824000 0.032532
2.825000 0.032529
2.826000 0.032526
2.827000 0.032523
2.828000 0.032520
2.829000 0.032517
2.830000 0.032514
2.831000 0.032511
2.832000 0.032509
2.833000 0.032506
2.834000 0.032503
2.835000 0.032500
2.836000 0.032497
2.837000 0.032494
2.838000 0.032491
2.839000 0.032488
2.840000 0.032485
2.841000 0.032483
2.842000 0.032480
2.843000 0.032477
2.844000 0.032474
2.845000 0.032471
2.846000 0.032468
2.847000 0.032465
2.848000 0.032463
2.849000 0.032460
2.850000 0.032457
2.851000 0.032454
2.852000 0.032451
2.853000 0.032448
2.854000 0.032445
2.855000 0.032443
2.856000 0.032440
2.857000 0.032437
2.858000 0.032434
2.859000 0.032431
2.860000 0.032428
2.861000 0.032426
2.862000 0.032423
2.863000 0.032420
2.864000 0.032417
2.865000 0.032414
2.866000 0.032411
2.867000 0.032409
2.868000 0.032406
2.869000 0.032403
2.870000 0.032400
2.871000 0.032397
2.872000 0.032395
2.873000 0.032392
2.874000 0.032389
2.875000 0.032386
2.876000 0.032383
2.877000 0.032381
2.878000 0.032378
2.879000 0.032375
2.880000 0.032372
2.881000 0.032369
2.882000 0.032367
2.883000 0.032364
2.884000 0.032361
2.885000 0.032358
2.886000 0.032355
2.887000 0.032353
2.888000 0.032350
2.889000 0.032347
2.890000 0.032344
2.891000 0.032342
2.892000 0.032339
2.893000 0.032336
2.894000 0.032333
2.895000 0.032330
2.896000 0.032328
2.897000 0.032325
2.898000 0.032322
2.899000 0.032319
2.900000 0.032317
2.901000 0.032314
2.902000 0.032311
2.903000 0.032308
2.904000 0.032306
2.905000 0.032303
2.906000 0.032300
2.907000 0.032297
2.908000 0.032295
2.909000 0.032292
2.910000 0.032289
2.911000 0.032286
2.912000 0.032284
2.913000 0.032281
2.914000 0.032278
2.915000 0.032276
2.916000 0.032273
2.917000 0.032270
2.918000 0.032267
2.919000 0.032265
2.920000 0.032262
2.921000 0.032259
2.922000 0.032256
2.923000 0.032254
2.924000 0.032251
2.925000 0.032248
2.926000 0.032246
2.927000 0.032243
2.928000 0.032240
2.929000 0.032237
2.930000 0.032235
2.931000 0.032232
2.932000 0.032229
2.933000 0.032227
2.934000 0.032224
2.935000 0.032221
2.936000 0.032219
2.937000 0.032216
2.938000 0.032213
2.939000 0.032211
2.940000 0.032208
2.941000 0.032205
2.942000 0.032203
2.943000 0.032200
2.944000 0.032197
2.945000 0.032194
2.946000 0.032192
2.947000 0.032189
2.948000 0.032186
2.949000 0.032184
2.950000 0.032181
2.951000 0.032178
2.952000 0.032176
2.953000 0.032173
2.954000 0.032170
2.955000 0.032168
2.956000 0.032165
2.957000 0.032163
2.958000 0.032160
2.959000 0.032157
2.960000 0.032155
2.961000 0.032152
2.962000 0.032149
2.963000 0.032147
2.964000 0.032144
2.965000 0.032141
2.966000 0.032139
2.967000 0.032136
2.968000 0.032133
2.969000 0.032131
2.970000 0.032128
2.971000 0.032126
2.972000 0.032123
2.973000 0.032120
2.974000 0.032118
2.975000 0.032115
2.976000 0.032112
2.977000 0.032110
2.978000 0.032107
2.979000 0.032105
2.980000 0.032102
2.981000 0.032099
2.982000 0.032097
2.983000 0.032094
2.984000 0.032092
2.985000 0.032089
2.986000 0.032086
2.987000 0.032084
2.988000 0.032081
2.989000 0.032079
2.990000 0.032076
2.991000 0.032073
2.992000 0.032071
2.993000 0.032068
2.994000 0.032066
2.995000 0.032063
2.996000 0.032060
2.997000 0.032058
2.998000 0.032055
2.999000 0.032053
3.000000 0.032050
3.001000 0.032048
3.002000 0.032045
3.003000 0.032042
3.004000 0.032040
3.005000 0.032037
3.006000 0.032035
3.007000 0.032032
3.008000 0.032030
3.009000 0.032027
3.010000 0.032024
3.011000 0.032022
3.012000 0.032019
3.013000 0.032017
3.014000 0.032014
3.015000 0.032012
3.016000 0.032009
3.017000 0.032007
3.018000 0.032004
3.019000 0.032001
3.020000 0.031999
3.021000 0.031996
3.022000 0.031994
3.023000 0.031991
3.024000 0.031989
3.025000 0.031986
3.026000 0.031984
3.027000 0.031981
3.028000 0.031979
3.029000 0.031976
3.030000 0.031974
3.031000 0.031971
3.032000 0.031969
3.033000 0.031966
3.034000 0.031963
3.035000 0.031961
3.036000 0.031958
3.037000 0.031956
3.038000 0.031953
3.039000 0.031951
3.040000 0.031948
3.041000 0.031946
3.042000 0.031943
3.043000 0.031941
3.044000 0.031938
3.045000 0.031936
3.046000 0.031933
3.047000 0.031931
3.048000 0.031928
3.049000 0.031926
3.050000 0.031923
3.051000 0.031921
3.052000 0.031918
3.053000 0.031916
3.054000 0.031913
3.055000 0.031911
3.056000 0.031908
3.057000 0.031906
3.058000 0.031903
3.059000 0.031901
3.060000 0.031898
3.061000 0.031896
3.062000 0.031894
3.063000 0.031891
3.064000 0.031889
3.065000 0.031886
3.066000 0.031884
3.067000 0.031881
3.068000 0.031879
3.069000 0.031876
3.070000 0.031874
3.071000 0.031871
3.072000 0.031869
3.073000 0.031866
3.074000 0.031864
3.075000 0.031861
3.076000 0.031859
3.077000 0.031857
3.078000 0.031854
3.079000 0.031852
3.080000 0.031849
3.081000 0.031847
3.082000 0.031844
3.083000 0.031842
3.084000 0.031839
3.085000 0.031837
3.086000 0.031835
3.087000 0.031832
3.088000 0.031830
3.089000 0.031827
3.090000 0.031825
3.091000 0.031822
3.092000 0.031820
3.093000 0.031818
3.094000 0.031815
3.095000 0.031813
3.096000 0.031810
3.097000 0.031808
3.098000 0.031805
3.099000 0.031803
3.100000 0.031801
3.101000 0.031798
3.102000 0.031796
3.103000 0.031793
3.104000 0.031791
3.105000 0.031789
3.106000 0.031786
3.107000 0.031784
3.108000 0.031781
3.109000 0.031779
3.110000 0.031777
3.111000 0.031774
3.112000 0.031772
3.113000 0.031769
3.114000 0.031767
3.115000 0.031765
3.116000 0.031762
3.117000 0.031760
3.118000 0.031757
3.119000 0.031755
3.120000 0.031753
3.121000 0.031750
3.122000 0.031748
3.123000 0.031745
3.124000 0.031743
3.125000 0.031741
3.126000 0.031738
3.127000 0.031736
3.128000 0.031734
3.129000 0.031731
3.130000 0.031729
3.131000 0.031726
3.132000 0.031724
3.133000 0.031722
3.134000 0.031719
3.135000 0.031717
3.136000 0.031715
3.137000 0.031712
3.138000 0.031710
3.139000 0.031708
3.140000 0.031705
3.141000 0.031703
3.142000 0.031701
3.143000 0.031698
3.144000 0.031696
3.145000 0.031693
3.146000 0.031691
3.147000 0.031689
3.148000 0.031686
3.149000 0.031684
3.150000 0.031682
3.151000 0.031679
3.152000 0.031677
3.153000 0.031675
3.154000 0.031672
3.155000 0.031670
3.156000 0.031668
3.157000 0.031665
3.158000 0.031663
3.159000 0.031661
3.160000 0.031658
3.161000 0.031656
3.162000 0.031654
3.163000 0.031651
3.164000 0.031649
3.165000 0.031647
3.166000 0.031645
3.167000 0.031642
3.168000 0.031640
3.169000 0.031638
3.170000 0.031635
3.171000 0.031633
3.172000 0.031631
3.173000 0.031628
3.174000 0.031626
3.175000 0.031624
3.176000 0.031621
3.177000 0.031619
3.178000 0.031617
3.179000 0.031615
3.180000 0.031612
3.181000 0.031610
3.182000 0.031608
3.183000 0.031605
3.184000 0.031603
3.185000 0.031601
3.186000 0.031598
3.187000 0.031596
3.188000 0.031594
3.189000 0.031592
3.190000 0.031589
3.191000 0.031587
3.192000 0.031585
3.193000 0.031583
3.194000 0.031580
3.195000 0.031578
3.196000 0.031576
3.197000 0.031573
3.198000 0.031571
3.199000 0.031569
3.200000 0.031567
3.201000 0.031564
3.202000 0.031562
3.203000 0.031560
3.204000 0.031558
3.205000 0.031555
3.206000 0.031553
3.207000 0.031551
3.208000 0.031549
3.209000 0.031546
3.210000 0.031544
3.211000 0.031542
3.212000 0.031539
3.213000 0.031537
3.214000 0.031535
3.215000 0.031533
3.216000 0.031531
3.217000 0.031528
3.218000 0.031526
3.219000 0.031524
3.220000 0.031522
3.221000 0.031519
3.222000 0.031517
3.223000 0.031515
3.224000 0.031513
3.225000 0.031510
3.226000 0.031508
3.227000 0.031506
3.228000 0.031504
3.229000 0.031501
3.230000 0.031499
3.231000 0.031497
3.232000 0.031495
3.233000 0.031493
3.234000 0.031490
3.235000 0.031488
3.236000 0.031486
3.237000 0.031484
3.238000 0.031481
3.239000 0.031479
3.240000 0.031477
3.241000 0.031475
3.242000 0.031473
3.243000 0.031470
3.244000 0.031468
3.245000 0.031466
3.246000 0.031464
3.247000 0.031462
3.248000 0.031459
3.249000 0.031457
3.250000 0.031455
3.251000 0.031453
3.252000 0.031451
3.253000 0.031448
3.254000 0.031446
3.255000 0.031444
3.256000 0.031442
3.257000 0.031440
3.258000 0.031437
3.259000 0.031435
3.260000 0.031433
3.261000 0.031431
3.262000 0.031429
3.263000 0.031426
3.264000 0.031424
3.265000 0.031422
3.266000 0.031420
3.267000 0.031418
3.268000 0.031416
3.269000 0.031413
3.270000 0.031411
3.271000 0.031409
3.272000 0.031407
3.273000 0.031405
3.274000 0.031403
3.275000 0.031400
3.276000 0.031398
3.277000 0.031396
3.278000 0.031394
3.279000 0.031392
3.280000 0.031390
3.281000 0.031387
3.282000 0.031385
3.283000 0.031383
3.284000 0.031381
3.285000 0.031379
3.286000 0.031377
3.287000 0.031375
3.288000 0.031372
3.289000 0.031370
3.290000 0.031368
3.291000 0.031366
3.292000 0.031364
3.293000 0.031362
3.294000 0.031359
3.295000 0.031357
3.296000 0.031355
3.297000 0.031353
3.298000 0.031351
3.299000 0.031349
3.300000 0.031347
3.301000 0.031345
3.302000 0.031342
3.303000 0.031340
3.304000 0.031338
3.305000 0.031336
3.306000 0.031334
3.307000 0.031332
3.308000 0.031330
3.309000 0.031328
3.310000 0.031325
3.311000 0.031323
3.312000 0.031321
3.313000 0.031319
3.314000 0.031317
3.315000 0.031315
3.316000 0.031313
3.317000 0.031311
3.318000 0.031308
3.319000 0.031306
3.320000 0.031304
3.321000 0.031302
3.322000 0.031300
3.323000 0.031298
3.324000 0.031296
3.325000 0.031294
3.326000 0.031292
3.327000 0.031290
3.328000 0.031287
3.329000 0.031285
3.330000 0.031283
3.331000 0.031281
3.332000 0.031279
3.333000 0.031277
3.334000 0.031275
3.335000 0.031273
3.336000 0.031271
3.337000 0.031269
3.338000 0.031267
3.339000 0.031264
3.340000 0.031262
3.341000 0.031260
3.342000 0.031258
3.343000 0.031256
3.344000 0.031254
3.345000 0.031252
3.346000 0.031250
3.347000 0.031248
3.348000 0.031246
3.349000 0.031244
3.350000 0.031242
3.351000 0.031240
3.352000 0.031237
3.353000 0.031235
3.354000 0.031233
3.355000 0.031231
3.356000 0.031229
3.357000 0.031227
3.358000 0.031225
3.359000 0.031223
3.360000 0.031221
3.361000 0.031219
3.362000 0.031217
3.363000 0.031215
3.364000 0.031213
3.365000 0.031211
3.366000 0.031209
3.367000 0.031207
3.368000 0.031204
3.369000 0.031202
3.370000 0.031200
3.371000 0.031198
3.372000 0.031196
3.373000 0.031194
3.374000 0.031192
3.375000 0.031190
3.376000 0.031188
3.377000 0.031186
3.378000 0.031184
3.379000 0.031182
3.380000 0.031180
3.381000 0.031178
3.382000 0.031176
3.383000 0.031174
3.384000 0.031172
3.385000 0.031170
3.386000 0.031168
3.387000 0.031166
3.388000 0.031164
3.389000 0.031162
3.390000 0.031160
3.391000 0.031158
3.392000 0.031156
3.393000 0.031154
3.394000 0.031152
3.395000 0.031150
3.396000 0.031148
3.397000 0.031146
3.398000 0.031144
3.399000 0.031142
3.400000 0.031140
3.401000 0.031138
3.402000 0.031136
3.403000 0.031134
3.404000 0.031132
3.405000 0.031130
3.406000 0.031128
3.407000 0.031126
3.408000 0.031124
3.409000 0.031122
3.410000 0.031120
3.411000 0.031118
3.412000 0.031116
3.413000 0.031114
3.414000 0.031112
3.415000 0.031110
3.416000 0.031108
3.417000 0.031106
3.418000 0.031104
3.419000 0.031102
3.420000 0.031100
3.421000 0.031098
3.422000 0.031096
3.423000 0.031094
3.424000 0.031092
3.425000 0.031090
3.426000 0.031088
3.427000 0.031086
3.428000 0.031084
3.429000 0.031082
3.430000 0.031080
3.431000 0.031078
3.432000 0.031076
3.433000 0.031074
3.434000 0.031072
3.435000 0.031070
3.436000 0.031068
3.437000 0.031066
3.438000 0.031064
3.439000 0.031062
3.440000 0.031060
3.441000 0.031058
3.442000 0.031056
3.443000 0.031054
3.444000 0.031052
3.445000 0.031050
3.446000 0.031048
3.447000 0.031046
3.448000 0.031044
3.449000 0.031042
3.450000 0.031040
3.451000 0.031039
3.452000 0.031037
3.453000 0.031035
3.454000 0.031033
3.455000 0.031031
3.456000 0.031029
3.457000 0.031027
3.458000 0.031025
3.459000 0.031023
3.460000 0.031021
3.461000 0.031019
3.462000 0.031017
3.463000 0.031015
3.464000 0.031013
3.465000 0.031011
3.466000 0.031009
3.467000 0.031007
3.468000 0.031005
3.469000 0.031004
3.470000 0.031002
3.471000 0.031000
3.472000 0.030998
3.473000 0.030996
3.474000 0.030994
3.475000 0.030992
3.476000 0.030990
3.477000 0.030988
3.478000 0.030986
3.479000 0.030984
3.480000 0.030982
3.481000 0.030980
3.482000 0.030979
3.483000 0.030977
3.484000 0.030975
3.485000 0.030973
3.486000 0.030971
3.487000 0.030969
3.488000 0.030967
3.489000 0.030965
3.490000 0.030963
3.491000 0.030961
3.492000 0.030959
3.493000 0.030957
3.494000 0.030956
3.495000 0.030954
3.496000 0.030952
3.497000 0.030950
3.498000 0.030948
3.499000 0.030946
3.500000 0.030944
3.501000 0.030942
3.502000 0.030940
3.503000 0.030938
3.504000 0.030937
3.505000 0.030935
3.506000 0.030933
3.507000 0.030931
3.508000 0.030929
3.509000 0.030927
3.510000 0.030925
3.511000 0.030923
3.512000 0.030921
3.513000 0.030920
3.514000 0.030918
3.515000 0.030916
3.516000 0.030914
3.517000 0.030912
3.518000 0.030910
3.519000 0.030908
3.520000 0.030906
3.521000 0.030905
3.522000 0.030903
3.523000 0.030901
3.524000 0.030899
3.525000 0.030897
3.526000 0.030895
3.527000 0.030893
3.528000 0.030891
3.529000 0.030890
3.530000 0.030888
3.531000 0.030886
3.532000 0.030884
3.533000 0.030882
3.534000 0.030880
3.535000 0.030878
3.536000 0.030877
3.537000 0.030875
3.538000 0.030873
3.539000 0.030871
3.540000 0.030869
3.541000 0.030867
3.542000 0.030865
3.543000 0.030864
3.544000 0.030862
3.545000 0.030860
3.546000 0.030858
3.547000 0.030856
3.548000 0.030854
3.549000 0.030852
3.550000 0.030851
3.551000 0.030849
3.552000 0.030847
3.553000 0.030845
3.554000 0.030843
3.555000 0.030841
3.556000 0.030840
3.557000 0.030838
3.558000 0.030836
3.559000 0.030834
3.560000 0.030832
3.561000 0.030830
3.562000 0.030829
3.563000 0.030827
3.564000 0.030825
3.565000 0.030823
3.566000 0.030821
3.567000 0.030819
3.568000 0.030818
3.569000 0.030816
3.570000 0.030814
3.571000 0.030812
3.572000 0.030810
3.573000 0.030808
3.574000 0.030807
3.575000 0.030805
3.576000 0.030803
3.577000 0.030801
3.578000 0.030799
3.579000 0.030798
3.580000 0.030796
3.581000 0.030794
3.582000 0.030792
3.583000 0.030790
3.584000 0.030788
3.585000 0.030787
3.586000 0.030785
3.587000 0.030783
3.588000 0.030781
3.589000 0.030779
3.590000 0.030778
3.591000 0.030776
3.592000 0.030774
3.593000 0.030772
3.594000 0.030770
3.595000 0.030769
3.596000 0.030767
3.597000 0.030765
3.598000 0.030763
3.599000 0.030761
3.600000 0.030760
3.601000 0.030758
3.602000 0.030756
3.603000 0.030754
3.604000 0.030752
3.605000 0.030751
3.606000 0.030749
3.607000 0.030747
3.608000 0.030745
3.609000 0.030743
3.610000 0.030742
3.611000 0.030740
3.612000 0.030738
3.613000 0.030736
3.614000 0.030735
3.615000 0.030733
3.616000 0.030731
3.617000 0.030729
3.618000 0.030727
3.619000 0.030726
3.620000 0.030724
3.621000 0.030722
3.622000 0.030720
3.623000 0.030719
3.624000 0.030717
3.625000 0.030715
3.626000 0.030713
3.627000 0.030711
3.628000 0.030710
3.629000 0.030708
3.630000 0.030706
3.631000 0.030704
3.632000 0.030703
3.633000 0.030701
3.634000 0.030699
3.635000 0.030697
3.636000 0.030696
3.637000 0.030694
3.638000 0.030692
3.639000 0.030690
3.640000 0.030689
3.641000 0.030687
3.642000 0.030685
3.643000 0.030683
3.644000 0.030682
3.645000 0.030680
3.646000 0.030678
3.647000 0.030676
3.648000 0.030675
3.649000 0.030673
3.650000 0.030671
3.651000 0.030669
3.652000 0.030668
3.653000 0.030666
3.654000 0.030664
3.655000 0.030662
3.656000 0.030661
3.657000 0.030659
3.658000 0.030657
3.659000 0.030655
3.660000 0.030654
3.661000 0.030652
3.662000 0.030650
3.663000 0.030648
3.664000 0.030647
3.665000 0.030645
3.666000 0.030643
3.667000 0.030642
3.668000 0.030640
3.669000 0.030638
3.670000 0.030636
3.671000 0.030635
3.672000 0.030633
3.673000 0.030631
3.674000 0.030629
3.675000 0.030628
3.676000 0.030626
3.677000 0.030624
3.678000 0.030623
3.679000 0.030621
3.680000 0.030619
3.681000 0.030617
3.682000 0.030616
3.683000 0.030614
3.684000 0.030612
3.685000 0.030611
3.686000 0.030609
3.687000 0.030607
3.688000 0.030605
3.689000 0.030604
3.690000 0.030602
3.691000 0.030600
3.692000 0.030599
3.693000 0.030597
3.694000 0.030595
3.695000 0.030593
3.696000 0.030592
3.697000 0.030590
3.698000 0.030588
3.699000 0.030587
3.700000 0.030585
3.701000 0.030583
3.702000 0.030582
3.703000 0.030580
3.704000 0.030578
3.705000 0.030576
3.706000 0.030575
3.707000 0.030573
3.708000 0.030571
3.709000 0.030570
3.710000 0.030568
3.711000 0.030566
3.712000 0.030565
3.713000 0.030563
3.714000 0.030561
3.715000 0.030560
3.716000 0.030558
3.717000 0.030556
3.718000 0.030554
3.719000 0.030553
3.720000 0.030551
3.721000 0.030549
3.722000 0.030548
3.723000 0.030546
3.724000 0.030544
3.725000 0.030543
3.726000 0.030541
3.727000 0.030539
3.728000 0.030538
3.729000 0.030536
3.730000 0.030534
3.731000 0.030533
3.732000 0.030531
3.733000 0.030529
3.734000 0.030528
3.735000 0.030526
3.736000 0.030524
3.737000 0.030523
3.738000 0.030521
3.739000 0.030519
3.740000 0.030518
3.741000 0.030516
3.742000 0.030514
3.743000 0.030513
3.744000 0.030511
3.745000 0.030509
3.746000 0.030508
3.747000 0.030506
3.748000 0.030504
3.749000 0.030503
3.750000 0.030501
3.751000 0.030499
3.752000 0.030498
3.753000 0.030496
3.754000 0.030494
3.755000 0.030493
3.756000 0.030491
3.757000 0.030489
3.758000 0.030488
3.759000 0.030486
3.760000 0.030485
3.761000 0.030483
3.762000 0.030481
3.763000 0.030480
3.764000 0.030478
3.765000 0.030476
3.766000 0.030475
3.767000 0.030473
3.768000 0.030471
3.769000 0.030470
3.770000 0.030468
3.771000 0.030466
3.772000 0.030465
3.773000 0.030463
3.774000 0.030462
3.775000 0.030460
3.776000 0.030458
3.777000 0.030457
3.778000 0.030455
3.779000 0.030453
3.780000 0.030452
3.781000 0.030450
3.782000 0.030449
3.783000 0.030447
3.784000 0.030445
3.785000 0.030444
3.786000 0.030442
3.787000 0.030440
3.788000 0.030439
3.789000 0.030437
3.790000 0.030436
3.791000 0.030434
3.792000 0.030432
3.793000 0.030431
3.794000 0.030429
3.795000 0.030427
3.796000 0.030426
3.797000 0.030424
3.798000 0.030423
3.799000 0.030421
3.800000 0.030419
3.801000 0.030418
3.802000 0.030416
3.803000 0.030415
3.804000 0.030413
3.805000 0.030411
3.806000 0.030410
3.807000 0.030408
3.808000 0.030406
3.809000 0.030405
3.810000 0.030403
3.811000 0.030402
3.812000 0.030400
3.813000 0.030398
3.814000 0.030397
3.815000 0.030395
3.816000 0.030394
3.817000 0.030392
3.818000 0.030390
3.819000 0.030389
3.820000 0.030387
3.821000 0.030386
3.822000 0.030384
3.823000 0.030382
3.824000 0.030381
3.825000 0.030379
3.826000 0.030378
3.827000 0.030376
3.828000 0.030375
3.829000 0.030373
3.830000 0.030371
3.831000 0.030370
3.832000 0.030368
3.833000 0.030367
3.834000 0.030365
3.835000 0.030363
3.836000 0.030362
3.837000 0.030360
3.838000 0.030359
3.839000 0.030357
3.840000 0.030356
3.841000 0.030354
3.842000 0.030352
3.843000 0.030351
3.844000 0.030349
3.845000 0.030348
3.846000 0.030346
3.847000 0.030344
3.848000 0.030343
3.849000 0.030341
3.850000 0.030340
3.851000 0.030338
3.852000 0.030337
3.853000 0.030335
3.854000 0.030334
3.855000 0.030332
3.856000 0.030330
3.857000 0.030329
3.858000 0.030327
3.859000 0.030326
3.860000 0.030324
3.861000 0.030323
3.862000 0.030321
3.863000 0.030319
3.864000 0.030318
3.865000 0.030316
3.866000 0.030315
3.867000 0.030313
3.868000 0.030312
3.869000 0.030310
3.870000 0.030309
3.871000 0.030307
3.872000 0.030305
3.873000 0.030304
3.874000 0.030302
3.875000 0.030301
3.876000 0.030299
3.877000 0.030298
3.878000 0.030296
3.879000 0.030295
3.880000 0.030293
3.881000 0.030291
3.882000 0.030290
3.883000 0.030288
3.884000 0.030287
3.885000 0.030285
3.886000 0.030284
3.887000 0.030282
3.888000 0.030281
3.889000 0.030279
3.890000 0.030278
3.891000 0.030276
3.892000 0.030275
3.893000 0.030273
3.894000 0.030271
3.895000 0.030270
3.896000 0.030268
3.897000 0.030267
3.898000 0.030265
3.899000 0.030264
3.900000 0.030262
3.901000 0.030261
3.902000 0.030259
3.903000 0.030258
3.904000 0.030256
3.905000 0.030255
3.906000 0.030253
3.907000 0.030252
3.908000 0.030250
3.909000 0.030248
3.910000 0.030247
3.911000 0.030245
3.912000 0.030244
3.913000 0.030242
3.914000 0.030241
3.915000 0.030239
3.916000 0.030238
3.917000 0.030236
3.918000 0.030235
3.919000 0.030233
3.920000 0.030232
3.921000 0.030230
3.922000 0.030229
3.923000 0.030227
3.924000 0.030226
3.925000 0.030224
3.926000 0.030223
3.927000 0.030221
3.928000 0.030220
3.929000 0.030218
3.930000 0.030217
3.931000 0.030215
3.932000 0.030214
3.933000 0.030212
3.934000 0.030211
3.935000 0.030209
3.936000 0.030208
3.937000 0.030206
3.938000 0.030205
3.939000 0.030203
3.940000 0.030202
3.941000 0.030200
3.942000 0.030199
3.943000 0.030197
3.944000 0.030196
3.945000 0.030194
3.946000 0.030193
3.947000 0.030191
3.948000 0.030190
3.949000 0.030188
3.950000 0.030187
3.951000 0.030185
3.952000 0.030184
3.953000 0.030182
3.954000 0.030181
3.955000 0.030179
3.956000 0.030178
3.957000 0.030176
3.958000 0.030175
3.959000 0.030173
3.960000 0.030172
3.961000 0.030170
3.962000 0.030169
3.963000 0.030167
3.964000 0.030166
3.965000 0.030164
3.966000 0.030163
3.967000 0.030161
3.968000 0.030160
3.969000 0.030158
3.970000 0.030157
3.971000 0.030155
3.972000 0.030154
3.973000 0.030152
3.974000 0.030151
3.975000 0.030150
3.976000 0.030148
3.977000 0.030147
3.978000 0.030145
3.979000 0.030144
3.980000 0.030142
3.981000 0.030141
3.982000 0.030139
3.983000 0.030138
3.984000 0.030136
3.985000 0.030135
3.986000 0.030133
3.987000 0.030132
3.988000 0.030130
3.989000 0.030129
3.990000 0.030128
3.991000 0.030126
3.992000 0.030125
3.993000 0.030123
3.994000 0.030122
3.995000 0.030120
3.996000 0.030119
3.997000 0.030117
3.998000 0.030116
3.999000 0.030114
4.000000 0.030113
4.001000 0.030111
4.002000 0.030110
4.003000 0.030109
4.004000 0.030107
4.005000 0.030106
4.006000 0.030104
4.007000 0.030103
4.008000 0.030101
4.009000 0.030100
4.010000 0.030098
4.011000 0.030097
4.012000 0.030095
4.013000 0.030094
4.014000 0.030093
4.015000 0.030091
4.016000 0.030090
4.017000 0.030088
4.018000 0.030087
4.019000 0.030085
4.020000 0.030084
4.021000 0.030083
4.022000 0.030081
4.023000 0.030080
4.024000 0.030078
4.025000 0.030077
4.026000 0.030075
4.027000 0.030074
4.028000 0.030072
4.029000 0.030071
4.030000 0.030070
4.031000 0.030068
4.032000 0.030067
4.033000 0.030065
4.034000 0.030064
4.035000 0.030062
4.036000 0.030061
4.037000 0.030060
4.038000 0.030058
4.039000 0.030057
4.040000 0.030055
4.041000 0.030054
4.042000 0.030052
4.043000 0.030051
4.044000 0.030050
4.045000 0.030048
4.046000 0.030047
4.047000 0.030045
4.048000 0.030044
4.049000 0.030042
4.050000 0.030041
4.051000 0.030040
4.052000 0.030038
4.053000 0.030037
4.054000 0.030035
4.055000 0.030034
4.056000 0.030032
4.057000 0.030031
4.058000 0.030030
4.059000 0.030028
4.060000 0.030027
4.061000 0.030025
4.062000 0.030024
4.063000 0.030023
4.064000 0.030021
4.065000 0.030020
4.066000 0.030018
4.067000 0.030017
4.068000 0.030016
4.069000 0.030014
4.070000 0.030013
4.071000 0.030011
4.072000 0.030010
4.073000 0.030009
4.074000 0.030007
4.075000 0.030006
4.076000 0.030004
4.077000 0.030003
4.078000 0.030002
4.079000 0.030000
4.080000 0.029999
4.081000 0.029997
4.082000 0.029996
4.083000 0.029995
4.084000 0.029993
4.085000 0.029992
4.086000 0.029990
4.087000 0.029989
4.088000 0.029988
4.089000 0.029986
4.090000 0.029985
4.091000 0.029983
4.092000 0.029982
4.093000 0.029981
4.094000 0.029979
4.095000 0.029978
4.096000 0.029976
4.097000 0.029975
4.098000 0.029974
4.099000 0.029972
4.100000 0.029971
4.101000 0.029969
4.102000 0.029968
4.103000 0.029967
4.104000 0.029965
4.105000 0.029964
4.106000 0.029963
4.107000 0.029961
4.108000 0.029960
4.109000 0.029958
4.110000 0.029957
4.111000 0.029956
4.112000 0.029954
4.113000 0.029953
4.114000 0.029951
4.115000 0.029950
4.116000 0.029949
4.117000 0.029947
4.118000 0.029946
4.119000 0.029945
4.120000 0.029943
4.121000 0.029942
4.122000 0.029941
4.123000 0.029939
4.124000 0.029938
4.125000 0.029936
4.126000 0.029935
4.127000 0.029934
4.128000 0.029932
4.129000 0.029931
4.130000 0.029930
4.131000 0.029928
4.132000 0.029927
4.133000 0.029925
4.134000 0.029924
4.135000 0.029923
4.136000 0.029921
4.137000 0.029920
4.138000 0.029919
4.139000 0.029917
4.140000 0.029916
4.141000 0.029915
4.142000 0.029913
4.143000 0.029912
4.144000 0.029910
4.145000 0.029909
4.146000 0.029908
4.147000 0.029906
4.148000 0.029905
4.149000 0.029904
4.150000 0.029902
4.151000 0.029901
4.152000 0.029900
4.153000 0.029898
4.154000 0.029897
4.155000 0.029896
4.156000 0.029894
4.157000 0.029893
4.158000 0.029892
4.159000 0.029890
4.160000 0.029889
4.161000 0.029888
4.162000 0.029886
4.163000 0.029885
4.164000 0.029883
4.165000 0.029882
4.166000 0.029881
4.167000 0.029879
4.168000 0.029878
4.169000 0.029877
4.170000 0.029875
4.171000 0.029874
4.172000 0.029873
4.173000 0.029871
4.174000 0.029870
4.175000 0.029869
4.176000 0.029867
4.177000 0.029866
4.178000 0.029865
4.179000 0.029863
4.180000 0.029862
4.181000 0.029861
4.182000 0.029859
4.183000 0.029858
4.184000 0.029857
4.185000 0.029855
4.186000 0.029854
4.187000 0.029853
4.188000 0.029851
4.189000 0.029850
4.190000 0.029849
4.191000 0.029847
4.192000 0.029846
4.193000 0.029845
4.194000 0.029843
4.195000 0.029842
4.196000 0.029841
4.197000 0.029839
4.198000 0.029838
4.199000 0.029837
4.200000 0.029835
4.201000 0.029834
4.202000 0.029833
4.203000 0.029832
4.204000 0.029830
4.205000 0.029829
4.206000 0.029828
4.207000 0.029826
4.208000 0.029825
4.209000 0.029824
4.210000 0.029822
4.211000 0.029821
4.212000 0.029820
4.213000 0.029818
4.214000 0.029817
4.215000 0.029816
4.216000 0.029814
4.217000 0.029813
4.218000 0.029812
4.219000 0.029810
4.220000 0.029809
4.221000 0.029808
4.222000 0.029807
4.223000 0.029805
4.224000 0.029804
4.225000 0.029803
4.226000 0.029801
4.227000 0.029800
4.228000 0.029799
4.229000 0.029797
4.230000 0.029796
4.231000 0.029795
4.232000 0.029794
4.233000 0.029792
4.234000 0.029791
4.235000 0.029790
4.236000 0.029788
4.237000 0.029787
4.238000 0.029786
4.239000 0.029784
4.240000 0.029783
4.241000 0.029782
4.242000 0.029781
4.243000 0.029779
4.244000 0.029778
4.245000 0.029777
4.246000 0.029775
4.247000 0.029774
4.248000 0.029773
4.249000 0.029771
4.250000 0.029770
4.251000 0.029769
4.252000 0.029768
4.253000 0.029766
4.254000 0.029765
4.255000 0.029764
4.256000 0.029762
4.257000 0.029761
4.258000 0.029760
4.259000 0.029759
4.260000 0.029757
4.261000 0.029756
4.262000 0.029755
4.263000 0.029753
4.264000 0.029752
4.265000 0.029751
4.266000 0.029750
4.267000 0.029748
4.268000 0.029747
4.269000 0.029746
4.270000 0.029744
4.271000 0.029743
4.272000 0.029742
4.273000 0.029741
4.274000 0.029739
4.275000 0.029738
4.276000 0.029737
4.277000 0.029736
4.278000 0.029734
4.279000 0.029733
4.280000 0.029732
4.281000 0.029730
4.282000 0.029729
4.283000 0.029728
4.284000 0.029727
4.285000 0.029725
4.286000 0.029724
4.287000 0.029723
4.288000 0.029722
4.289000 0.029720
4.290000 0.029719
4.291000 0.029718
4.292000 0.029716
4.293000 0.029715
4.294000 0.029714
4.295000 0.029713
4.296000 0.029711
4.297000 0.029710
4.298000 0.029709
4.299000 0.029708
4.300000 0.029706
4.301000 0.029705
4.302000 0.029704
4.303000 0.029703
4.304000 0.029701
4.305000 0.029700
4.306000 0.029699
4.307000 0.029698
4.308000 0.029696
4.309000 0.029695
4.310000 0.029694
4.311000 0.029693
4.312000 0.029691
4.313000 0.029690
4.314000 0.029689
4.315000 0.029688
4.316000 0.029686
4.317000 0.029685
4.318000 0.029684
4.319000 0.029683
4.320000 0.029681
4.321000 0.029680
4.322000 0.029679
4.323000 0.029678
4.324000 0.029676
4.325000 0.029675
4.326000 0.029674
4.327000 0.029673
4.328000 0.029671
4.329000 0.029670
4.330000 0.029669
4.331000 0.029668
4.332000 0.029666
4.333000 0.029665
4.334000 0.029664
4.335000 0.029663
4.336000 0.029661
4.337000 0.029660
4.338000 0.029659
4.339000 0.029658
4.340000 0.029656
4.341000 0.029655
4.342000 0.029654
4.343000 0.029653
4.344000 0.029651
4.345000 0.029650
4.346000 0.029649
4.347000 0.029648
4.348000 0.029647
4.349000 0.029645
4.350000 0.029644
4.351000 0.029643
4.352000 0.029642
4.353000 0.029640
4.354000 0.029639
4.355000 0.029638
4.356000 0.029637
4.357000 0.029635
4.358000 0.029634
4.359000 0.029633
4.360000 0.029632
4.361000 0.029631
4.362000 0.029629
4.363000 0.029628
4.364000 0.029627
4.365000 0.029626
4.366000 0.029624
4.367000 0.029623
4.368000 0.029622
4.369000 0.029621
4.370000 0.029620
4.371000 0.029618
4.372000 0.029617
4.373000 0.029616
4.374000 0.029615
4.375000 0.029613
4.376000 0.029612
4.377000 0.029611
4.378000 0.029610
4.379000 0.029609
4.380000 0.029607
4.381000 0.029606
4.382000 0.029605
4.383000 0.029604
4.384000 0.029602
4.385000 0.029601
4.386000 0.029600
4.387000 0.029599
4.388000 0.029598
4.389000 0.029596
4.390000 0.029595
4.391000 0.029594
4.392000 0.029593
4.393000 0.029592
4.394000 0.029590
4.395000 0.029589
4.396000 0.029588
4.397000 0.029587
4.398000 0.029586
4.399000 0.029584
4.400000 0.029583
4.401000 0.029582
4.402000 0.029581
4.403000 0.029580
4.404000 0.029578
4.405000 0.029577
4.406000 0.029576
4.407000 0.029575
4.408000 0.029573
4.409000 0.029572
4.410000 0.029571
4.411000 0.029570
4.412000 0.029569
4.413000 0.029568
4.414000 0.029566
4.415000 0.029565
4.416000 0.029564
4.417000 0.029563
4.418000 0.029562
4.419000 0.029560
4.420000 0.029559
4.421000 0.029558
4.422000 0.029557
4.423000 0.029556
4.424000 0.029554
4.425000 0.029553
4.426000 0.029552
4.427000 0.029551
4.428000 0.029550
4.429000 0.029548
4.430000 0.029547
4.431000 0.029546
4.432000 0.029545
4.433000 0.029544
4.434000 0.029542
4.435000 0.029541
4.436000 0.029540
4.437000 0.029539
4.438000 0.029538
4.439000 0.029537
4.440000 0.029535
4.441000 0.029534
4.442000 0.029533
4.443000 0.029532
4.444000 0.029531
4.445000 0.029529
4.446000 0.029528
4.447000 0.029527
4.448000 0.029526
4.449000 0.029525
4.450000 0.029524
4.451000 0.029522
4.452000 0.029521
4.453000 0.029520
4.454000 0.029519
4.455000 0.029518
4.456000 0.029516
4.457000 0.029515
4.458000 0.029514
4.459000 0.029513
4.460000 0.029512
4.461000 0.029511
4.462000 0.029509
4.463000 0.029508
4.464000 0.029507
4.465000 0.029506
4.466000 0.029505
4.467000 0.029504
4.468000 0.029502
4.469000 0.029501
4.470000 0.029500
4.471000 0.029499
4.472000 0.029498
4.473000 0.029497
4.474000 0.029495
4.475000 0.029494
4.476000 0.029493
4.477000 0.029492
4.478000 0.029491
4.479000 0.029490
4.480000 0.029488
4.481000 0.029487
4.482000 0.029486
4.483000 0.029485
4.484000 0.029484
4.485000 0.029483
4.486000 0.029481
4.487000 0.029480
4.488000 0.029479
4.489000 0.029478
4.490000 0.029477
4.491000 0.029476
4.492000 0.029475
4.493000 0.029473
4.494000 0.029472
4.495000 0.029471
4.496000 0.029470
4.497000 0.029469
4.498000 0.029468
4.499000 0.029466
4.500000 0.029465
4.501000 0.029464
4.502000 0.029463
4.503000 0.029462
4.504000 0.029461
4.505000 0.029460
4.506000 0.029458
4.507000 0.029457
4.508000 0.029456
4.509000 0.029455
4.510000 0.029454
4.511000 0.029453
4.512000 0.029452
4.513000 0.029450
4.514000 0.029449
4.515000 0.029448
4.516000 0.029447
4.517000 0.029446
4.518000 0.029445
4.519000 0.029443
4.520000 0.029442
4.521000 0.029441
4.522000 0.029440
4.523000 0.029439
4.524000 0.029438
4.525000 0.029437
4.526000 0.029436
4.527000 0.029434
4.528000 0.029433
4.529000 0.029432
4.530000 0.029431
4.531000 0.029430
4.532000 0.029429
4.533000 0.029428
4.534000 0.029426
4.535000 0.029425
4.536000 0.029424
4.537000 0.029423
4.538000 0.029422
4.539000 0.029421
4.540000 0.029420
4.541000 0.029418
4.542000 0.029417
4.543000 0.029416
4.544000 0.029415
4.545000 0.029414
4.546000 0.029413
4.547000 0.029412
4.548000 0.029411
4.549000 0.029409
4.550000 0.029408
4.551000 0.029407
4.552000 0.029406
4.553000 0.029405
4.554000 0.029404
4.555000 0.029403
4.556000 0.029402
4.557000 0.029400
4.558000 0.029399
4.559000 0.029398
4.560000 0.029397
4.561000 0.029396
4.562000 0.029395
4.563000 0.029394
4.564000 0.029393
4.565000 0.029391
4.566000 0.029390
4.567000 0.029389
4.568000 0.029388
4.569000 0.029387
4.570000 0.029386
4.571000 0.029385
4.572000 0.029384
4.573000 0.029383
4.574000 0.029381
4.575000 0.029380
4.576000 0.029379
4.577000 0.029378
4.578000 0.029377
4.579000 0.029376
4.580000 0.029375
4.581000 0.029374
4.582000 0.029373
4.583000 0.029371
4.584000 0.029370
4.585000 0.029369
4.586000 0.029368
4.587000 0.029367
4.588000 0.029366
4.589000 0.029365
4.590000 0.029364
4.591000 0.029363
4.592000 0.029361
4.593000 0.029360
4.594000 0.029359
4.595000 0.029358
4.596000 0.029357
4.597000 0.029356
4.598000 0.029355
4.599000 0.029354
4.600000 0.029353
4.601000 0.029351
4.602000 0.029350
4.603000 0.029349
4.604000 0.029348
4.605000 0.029347
4.606000 0.029346
4.607000 0.029345
4.608000 0.029344
4.609000 0.029343
4.610000 0.029342
4.611000 0.029340
4.612000 0.029339
4.613000 0.029338
4.614000 0.029337
4.615000 0.029336
4.616000 0.029335
4.617000 0.029334
4.618000 0.029333
4.619000 0.029332
4.620000 0.029331
4.621000 0.029330
4.622000 0.029328
4.623000 0.029327
4.624000 0.029326
4.625000 0.029325
4.626000 0.029324
4.627000 0.029323
4.628000 0.029322
4.629000 0.029321
4.630000 0.029320
4.631000 0.029319
4.632000 0.029318
4.633000 0.029316
4.634000 0.029315
4.635000 0.029314
4.636000 0.029313
4.637000 0.029312
4.638000 0.029311
4.639000 0.029310
4.640000 0.029309
4.641000 0.029308
4.642000 0.029307
4.643000 0.029306
4.644000 0.029305
4.645000 0.029303
4.646000 0.029302
4.647000 0.029301
4.648000 0.029300
4.649000 0.029299
4.650000 0.029298
4.651000 0.029297
4.652000 0.029296
4.653000 0.029295
4.654000 0.029294
4.655000 0.029293
4.656000 0.029292
4.657000 0.029290
4.658000 0.029289
4.659000 0.029288
4.660000 0.029287
4.661000 0.029286
4.662000 0.029285
4.663000 0.029284
4.664000 0.029283
4.665000 0.029282
4.666000 0.029281
4.667000 0.029280
4.668000 0.029279
4.669000 0.029278
4.670000 0.029277
4.671000 0.029275
4.672000 0.029274
4.673000 0.029273
4.674000 0.029272
4.675000 0.029271
4.676000 0.029270
4.677000 0.029269
4.678000 0.029268
4.679000 0.029267
4.680000 0.029266
4.681000 0.029265
4.682000 0.029264
4.683000 0.029263
4.684000 0.029262
4.685000 0.029261
4.686000 0.029259
4.687000 0.029258
4.688000 0.029257
4.689000 0.029256
4.690000 0.029255
4.691000 0.029254
4.692000 0.029253
4.693000 0.029252
4.694000 0.029251
4.695000 0.029250
4.696000 0.029249
4.697000 0.029248
4.698000 0.029247
4.699000 0.029246
4.700000 0.029245
4.701000 0.029244
4.702000 0.029243
4.703000 0.029241
4.704000 0.029240
4.705000 0.029239
4.706000 0.029238
4.707000 0.029237
4.708000 0.029236
4.709000 0.029235
4.710000 0.029234
4.711000 0.029233
4.712000 0.029232
4.713000 0.029231
4.714000 0.029230
4.715000 0.029229
4.716000 0.029228
4.717000 0.029227
4.718000 0.029226
4.719000 0.029225
4.720000 0.029224
4.721000 0.029223
4.722000 0.029221
4.723000 0.029220
4.724000 0.029219
4.725000 0.029218
4.726000 0.029217
4.727000 0.029216
4.728000 0.029215
4.729000 0.029214
4.730000 0.029213
4.731000 0.029212
4.732000 0.029211
4.733000 0.029210
4.734000 0.029209
4.735000 0.029208
4.736000 0.029207
4.737000 0.029206
4.738000 0.029205
4.739000 0.029204
4.740000 0.029203
4.741000 0.029202
4.742000 0.029201
4.743000 0.029200
4.744000 0.029199
4.745000 0.029198
4.746000 0.029196
4.747000 0.029195
4.748000 0.029194
4.749000 0.029193
4.750000 0.029192
4.751000 0.029191
4.752000 0.029190
4.753000 0.029189
4.754000 0.029188
4.755000 0.029187
4.756000 0.029186
4.757000 0.029185
4.758000 0.029184
4.759000 0.029183
4.760000 0.029182
4.761000 0.029181
4.762000 0.029180
4.763000 0.029179
4.764000 0.029178
4.765000 0.029177
4.766000 0.029176
4.767000 0.029175
4.768000 0.029174
4.769000 0.029173
4.770000 0.029172
4.771000 0.029171
4.772000 0.029170
4.773000 0.029169
4.774000 0.029168
4.775000 0.029167
4.776000 0.029166
4.777000 0.029165
4.778000 0.029164
4.779000 0.029163
4.780000 0.029161
4.781000 0.029160
4.782000 0.029159
4.783000 0.029158
4.784000 0.029157
4.785000 0.029156
4.786000 0.029155
4.787000 0.029154
4.788000 0.029153
4.789000 0.029152
4.790000 0.029151
4.791000 0.029150
4.792000 0.029149
4.793000 0.029148
4.794000 0.029147
4.795000 0.029146
4.796000 0.029145
4.797000 0.029144
4.798000 0.029143
4.799000 0.029142
4.800000 0.029141
4.801000 0.029140
4.802000 0.029139
4.803000 0.029138
4.804000 0.029137
4.805000 0.029136
4.806000 0.029135
4.807000 0.029134
4.808000 0.029133
4.809000 0.029132
4.810000 0.029131
4.811000 0.029130
4.812000 0.029129
4.813000 0.029128
4.814000 0.029127
4.815000 0.029126
4.816000 0.029125
4.817000 0.029124
4.818000 0.029123
4.819000 0.029122
4.820000 0.029121
4.821000 0.029120
4.822000 0.029119
4.823000 0.029118
4.824000 0.029117
4.825000 0.029116
4.826000 0.029115
4.827000 0.029114
4.828000 0.029113
4.829000 0.029112
4.830000 0.029111
4.831000 0.029110
4.832000 0.029109
4.833000 0.029108
4.834000 0.029107
4.835000 0.029106
4.836000 0.029105
4.837000 0.029104
4.838000 0.029103
4.839000 0.029102
4.840000 0.029101
4.841000 0.029100
4.842000 0.029099
4.843000 0.029098
4.844000 0.029097
4.845000 0.029096
4.846000 0.029095
4.847000 0.029094
4.848000 0.029093
4.849000 0.029092
4.850000 0.029091
4.851000 0.029090
4.852000 0.029089
4.853000 0.029088
4.854000 0.029087
4.855000 0.029086
4.856000 0.029085
4.857000 0.029084
4.858000 0.029083
4.859000 0.029082
4.860000 0.029081
4.861000 0.029080
4.862000 0.029079
4.863000 0.029078
4.864000 0.029077
4.865000 0.029076
4.866000 0.029075
4.867000 0.029074
4.868000 0.029073
4.869000 0.029072
4.870000 0.029071
4.871000 0.029070
4.872000 0.029069
4.873000 0.029068
4.874000 0.029067
4.875000 0.029066
4.876000 0.029065
4.877000 0.029064
4.878000 0.029063
4.879000 0.029062
4.880000 0.029061
4.881000 0.029060
4.882000 0.029059
4.883000 0.029058
4.884000 0.029057
4.885000 0.029056
4.886000 0.029056
4.887000 0.029055
4.888000 0.029054
4.889000 0.029053
4.890000 0.029052
4.891000 0.029051
4.892000 0.029050
4.893000 0.029049
4.894000 0.029048
4.895000 0.029047
4.896000 0.029046
4.897000 0.029045
4.898000 0.029044
4.899000 0.029043
4.900000 0.029042
4.901000 0.029041
4.902000 0.029040
4.903000 0.029039
4.904000 0.029038
4.905000 0.029037
4.906000 0.029036
4.907000 0.029035
4.908000 0.029034
4.909000 0.029033
4.910000 0.029032
4.911000 0.029031
4.912000 0.029030
4.913000 0.029029
4.914000 0.029028
4.915000 0.029027
4.916000 0.029026
4.917000 0.029025
4.918000 0.029024
4.919000 0.029023
4.920000 0.029022
4.921000 0.029022
4.922000 0.029021
4.923000 0.029020
4.924000 0.029019
4.925000 0.029018
4.926000 0.029017
4.927000 0.029016
4.928000 0.029015
4.929000 0.029014
4.930000 0.029013
4.931000 0.029012
4.932000 0.029011
4.933000 0.029010
4.934000 0.029009
4.935000 0.029008
4.936000 0.029007
4.937000 0.029006
4.938000 0.029005
4.939000 0.029004
4.940000 0.029003
4.941000 0.029002
4.942000 0.029001
4.943000 0.029000
4.944000 0.028999
4.945000 0.028998
4.946000 0.028998
4.947000 0.028997
4.948000 0.028996
4.949000 0.028995
4.950000 0.028994
4.951000 0.028993
4.952000 0.028992
4.953000 0.028991
4.954000 0.028990
4.955000 0.028989
4.956000 0.028988
4.957000 0.028987
4.958000 0.028986
4.959000 0.028985
4.960000 0.028984
4.961000 0.028983
4.962000 0.028982
4.963000 0.028981
4.964000 0.028980
4.965000 0.028979
4.966000 0.028979
4.967000 0.028978
4.968000 0.028977
4.969000 0.028976
4.970000 0.028975
4.971000 0.028974
4.972000 0.028973
4.973000 0.028972
4.974000 0.028971
4.975000 0.028970
4.976000 0.028969
4.977000 0.028968
4.978000 0.028967
4.979000 0.028966
4.980000 0.028965
4.981000 0.028964
4.982000 0.028963
4.983000 0.028962
4.984000 0.028962
4.985000 0.028961
4.986000 0.028960
4.987000 0.028959
4.988000 0.028958
4.989000 0.028957
4.990000 0.028956
4.991000 0.028955
4.992000 0.028954
4.993000 0.028953
4.994000 0.028952
4.995000 0.028951
4.996000 0.028950
4.997000 0.028949
4.998000 0.028948
4.999000 0.028947
5.000000 0.028947
