-0.050000 1.000000
-0.049000 1.000000
-0.048000 1.000000
-0.047000 1.000000
-0.046000 1.000000
-0.045000 1.000000
-0.044000 1.000000
-0.043000 1.000000
-0.042000 1.000000
-0.041000 1.000000
-0.040000 1.000000
-0.039000 1.000000
-0.038000 1.000000
-0.037000 1.000000
-0.036000 1.000000
-0.035000 1.000000
-0.034000 1.000000
-0.033000 1.000000
-0.032000 1.000000
-0.031000 1.000000
-0.030000 1.000000
-0.029000 1.000000
-0.028000 1.000000
-0.027000 1.000000
-0.026000 1.000000
-0.025000 1.000000
-0.024000 1.000000
-0.023000 1.000000
-0.022000 1.000000
-0.021000 1.000000
-0.020000 1.000000
-0.019000 1.000000
-0.018000 1.000000
-0.017000 1.000000
-0.016000 1.000000
-0.015000 1.000000
-0.014000 1.000000
-0.013000 1.000000
-0.012000 1.000000
-0.011000 1.000000
-0.010000 1.000000
-0.009000 1.000000
-0.008000 1.000000
-0.007000 1.000000
-0.006000 1.000000
-0.005000 1.000000
-0.004000 1.000000
-0.003000 1.000000
-0.002000 1.000000
-0.001000 1.000000
0.000000 1.000000
0.001000 1.000009
0.002000 1.000034
0.003000 1.000074
0.004000 1.000128
0.005000 1.000195
0.006000 1.000274
0.007000 1.000364
0.008000 1.000465
0.009000 1.000575
0.010000 1.000695
0.011000 1.000823
0.012000 1.000960
0.013000 1.001105
0.014000 1.001257
0.015000 1.001416
0.016000 1.001582
0.017000 1.001755
0.018000 1.001934
0.019000 1.002118
0.020000 1.002309
0.021000 1.002505
0.022000 1.002706
0.023000 1.002912
0.024000 1.003123
0.025000 1.003339
0.026000 1.003560
0.027000 1.003784
0.028000 1.004013
0.029000 1.004246
0.030000 1.004483
0.031000 1.004724
0.032000 1.004969
0.033000 1.005217
0.034000 1.005469
0.035000 1.005723
0.036000 1.005982
0.037000 1.006243
0.038000 1.006508
0.039000 1.006775
0.040000 1.007046
0.041000 1.007319
0.042000 1.007595
0.043000 1.007873
0.044000 1.008155
0.045000 1.008439
0.046000 1.008725
0.047000 1.009014
0.048000 1.009305
0.049000 1.009598
0.050000 1.009894
0.051000 1.010191
0.052000 1.010491
0.053000 1.010793
0.054000 1.011097
0.055000 1.011403
0.056000 1.011711
0.057000 1.012021
0.058000 1.012333
0.059000 1.012646
0.060000 1.012961
0.061000 1.013278
0.062000 1.013597
0.063000 1.013917
0.064000 1.014239
0.065000 1.014563
0.066000 1.014888
0.067000 1.015214
0.068000 1.015542
0.069000 1.015872
0.070000 1.016203
0.071000 1.016535
0.072000 1.016869
0.073000 1.017204
0.074000 1.017540
0.075000 1.017877
0.076000 1.018216
0.077000 1.018556
0.078000 1.018898
0.079000 1.019240
0.080000 1.019584
0.081000 1.019928
0.082000 1.020274
0.083000 1.020621
0.084000 1.020969
0.085000 1.021318
0.086000 1.021668
0.087000 1.022019
0.088000 1.022371
0.089000 1.022724
0.090000 1.023078
0.091000 1.023433
0.092000 1.023789
0.093000 1.024146
0.094000 1.024503
0.095000 1.024862
0.096000 1.025221
0.097000 1.025581
0.098000 1.025942
0.099000 1.026304
0.100000 1.026667
0.101000 1.027030
0.102000 1.027394
0.103000 1.027759
0.104000 1.028125
0.105000 1.028491
0.106000 1.028858
0.107000 1.029226
0.108000 1.029594
0.109000 1.029963
0.110000 1.030333
0.111000 1.030703
0.112000 1.031074
0.113000 1.031446
0.114000 1.031818
0.115000 1.032191
0.116000 1.032564
0.117000 1.032938
0.118000 1.033313
0.119000 1.033688
0.120000 1.034064
0.121000 1.034440
0.122000 1.034816
0.123000 1.035194
0.124000 1.035571
0.125000 1.035950
0.126000 1.036328
0.127000 1.036708
0.128000 1.037087
0.129000 1.037467
0.130000 1.037848
0.131000 1.038229
0.132000 1.038611
0.133000 1.038992
0.134000 1.039375
0.135000 1.039758
0.136000 1.040141
0.137000 1.040524
0.138000 1.040908
0.139000 1.041293
0.140000 1.041677
0.141000 1.042062
0.142000 1.042448
0.143000 1.042834
0.144000 1.043220
0.145000 1.043606
0.146000 1.043993
0.147000 1.044380
0.148000 1.044768
0.149000 1.045156
0.150000 1.045544
0.151000 1.045932
0.152000 1.046321
0.153000 1.046710
0.154000 1.047099
0.155000 1.047489
0.156000 1.047879
0.157000 1.048269
0.158000 1.048659
0.159000 1.049050
0.160000 1.049441
0.161000 1.049832
0.162000 1.050223
0.163000 1.050615
0.164000 1.051007
0.165000 1.051399
0.166000 1.051791
0.167000 1.052184
0.168000 1.052577
0.169000 1.052970
0.170000 1.053363
0.171000 1.053756
0.172000 1.054150
0.173000 1.054544
0.174000 1.054938
0.175000 1.055332
0.176000 1.055726
0.177000 1.056121
0.178000 1.056516
0.179000 1.056910
0.180000 1.057306
0.181000 1.057701
0.182000 1.058096
0.183000 1.058492
0.184000 1.058887
0.185000 1.059283
0.186000 1.059679
0.187000 1.060075
0.188000 1.060471
0.189000 1.060868
0.190000 1.061264
0.191000 1.061661
0.192000 1.062057
0.193000 1.062454
0.194000 1.062851
0.195000 1.063248
0.196000 1.063645
0.197000 1.064043
0.198000 1.064440
0.199000 1.064838
0.200000 1.065235
0.201000 1.065633
0.202000 1.066031
0.203000 1.066428
0.204000 1.066826
0.205000 1.067224
0.206000 1.067622
0.207000 1.068021
0.208000 1.068419
0.209000 1.068817
0.210000 1.069215
0.211000 1.069614
0.212000 1.070012
0.213000 1.070411
0.214000 1.070809
0.215000 1.071208
0.216000 1.071607
0.217000 1.072006
0.218000 1.072404
0.219000 1.072803
0.220000 1.073202
0.221000 1.073601
0.222000 1.074000
0.223000 1.074399
0.224000 1.074798
0.225000 1.075197
0.226000 1.075596
0.227000 1.075995
0.228000 1.076394
0.229000 1.076793
0.230000 1.077193
0.231000 1.077592
0.232000 1.077991
0.233000 1.078390
0.234000 1.078789
0.235000 1.079188
0.236000 1.079588
0.237000 1.079987
0.238000 1.080386
0.239000 1.080785
0.240000 1.081185
0.241000 1.081584
0.242000 1.081983
0.243000 1.082382
0.244000 1.082781
0.245000 1.083181
0.246000 1.083580
0.247000 1.083979
0.248000 1.084378
0.249000 1.084777
0.250000 1.085176
0.251000 1.085575
0.252000 1.085974
0.253000 1.086374
0.254000 1.086773
0.255000 1.087171
0.256000 1.087570
0.257000 1.087969
0.258000 1.088368
0.259000 1.088767
0.260000 1.089166
0.261000 1.089565
0.262000 1.089963
0.263000 1.090362
0.264000 1.090761
0.265000 1.091159
0.266000 1.091558
0.267000 1.091956
0.268000 1.092355
0.269000 1.092753
0.270000 1.093152
0.271000 1.093550
0.272000 1.093948
0.273000 1.094347
0.274000 1.094745
0.275000 1.095143
0.276000 1.095541
0.277000 1.095939
0.278000 1.096337
0.279000 1.096735
0.280000 1.097132
0.281000 1.097530
0.282000 1.097928
0.283000 1.098325
0.284000 1.098723
0.285000 1.099120
0.286000 1.099518
0.287000 1.099915
0.288000 1.100312
0.289000 1.100710
0.290000 1.101107
0.291000 1.101504
0.292000 1.101901
0.293000 1.102297
0.294000 1.102694
0.295000 1.103091
0.296000 1.103488
0.297000 1.103884
0.298000 1.104281
0.299000 1.104677
0.300000 1.105073
0.301000 1.105470
0.302000 1.105866
0.303000 1.106262
0.304000 1.106658
0.305000 1.107053
0.306000 1.107449
0.307000 1.107845
0.308000 1.108240
0.309000 1.108636
0.310000 1.109031
0.311000 1.109427
0.312000 1.109822
0.313000 1.110217
0.314000 1.110612
0.315000 1.111007
0.316000 1.111402
0.317000 1.111796
0.318000 1.112191
0.319000 1.112585
0.320000 1.112980
0.321000 1.113374
0.322000 1.113768
0.323000 1.114162
0.324000 1.114556
0.325000 1.114950
0.326000 1.115344
0.327000 1.115738
0.328000 1.116131
0.329000 1.116524
0.330000 1.116918
0.331000 1.117311
0.332000 1.117704
0.333000 1.118097
0.334000 1.118490
0.335000 1.118883
0.336000 1.119275
0.337000 1.119668
0.338000 1.120060
0.339000 1.120452
0.340000 1.120845
0.341000 1.121237
0.342000 1.121629
0.343000 1.122020
0.344000 1.122412
0.345000 1.122804
0.346000 1.123195
0.347000 1.123586
0.348000 1.123978
0.349000 1.124369
0.350000 1.124760
0.351000 1.125150
0.352000 1.125541
0.353000 1.125932
0.354000 1.126322
0.355000 1.126713
0.356000 1.127103
0.357000 1.127493
0.358000 1.127883
0.359000 1.128272
0.360000 1.128662
0.361000 1.129052
0.362000 1.129441
0.363000 1.129830
0.364000 1.130220
0.365000 1.130609
0.366000 1.130997
0.367000 1.131386
0.368000 1.131775
0.369000 1.132163
0.370000 1.132552
0.371000 1.132940
0.372000 1.133328
0.373000 1.133716
0.374000 1.134104
0.375000 1.134491
0.376000 1.134879
0.377000 1.135266
0.378000 1.135654
0.379000 1.136041
0.380000 1.136428
0.381000 1.136814
0.382000 1.137201
0.383000 1.137588
0.384000 1.137974
0.385000 1.138360
0.386000 1.138747
0.387000 1.139132
0.388000 1.139518
0.389000 1.139904
0.390000 1.140290
0.391000 1.140675
0.392000 1.141060
0.393000 1.141445
0.394000 1.141830
0.395000 1.142215
0.396000 1.142600
0.397000 1.142984
0.398000 1.143369
0.399000 1.143753
0.400000 1.144137
0.401000 1.144521
0.402000 1.144905
0.403000 1.145289
0.404000 1.145672
0.405000 1.146055
0.406000 1.146439
0.407000 1.146822
0.408000 1.147205
0.409000 1.147587
0.410000 1.147970
0.411000 1.148352
0.412000 1.148735
0.413000 1.149117
0.414000 1.149499
0.415000 1.149881
0.416000 1.150262
0.417000 1.150644
0.418000 1.151025
0.419000 1.151407
0.420000 1.151788
0.421000 1.152169
0.422000 1.152549
0.423000 1.152930
0.424000 1.153310
0.425000 1.153691
0.426000 1.154071
0.427000 1.154451
0.428000 1.154831
0.429000 1.155210
0.430000 1.155590
0.431000 1.155969
0.432000 1.156349
0.433000 1.156728
0.434000 1.157106
0.435000 1.157485
0.436000 1.157864
0.437000 1.158242
0.438000 1.158620
0.439000 1.158999
0.440000 1.159377
0.441000 1.159754
0.442000 1.160132
0.443000 1.160509
0.444000 1.160887
0.445000 1.161264
0.446000 1.161641
0.447000 1.162018
0.448000 1.162394
0.449000 1.162771
0.450000 1.163147
0.451000 1.163523
0.452000 1.163899
0.453000 1.164275
0.454000 1.164651
0.455000 1.165027
0.456000 1.165402
0.457000 1.165777
0.458000 1.166152
0.459000 1.166527
0.460000 1.166902
0.461000 1.167276
0.462000 1.167651
0.463000 1.168025
0.464000 1.168399
0.465000 1.168773
0.466000 1.169147
0.467000 1.169520
0.468000 1.169894
0.469000 1.170267
0.470000 1.170640
0.471000 1.171013
0.472000 1.171386
0.473000 1.171758
0.474000 1.172131
0.475000 1.172503
0.476000 1.172875
0.477000 1.173247
0.478000 1.173619
0.479000 1.173991
0.480000 1.174362
0.481000 1.174733
0.482000 1.175104
0.483000 1.175475
0.484000 1.175846
0.485000 1.176217
0.486000 1.176587
0.487000 1.176957
0.488000 1.177327
0.489000 1.177697
0.490000 1.178067
0.491000 1.178437
0.492000 1.178806
0.493000 1.179175
0.494000 1.179545
0.495000 1.179914
0.496000 1.180282
0.497000 1.180651
0.498000 1.181019
0.499000 1.181388
0.500000 1.181756
0.501000 1.182124
0.502000 1.182491
0.503000 1.182859
0.504000 1.183226
0.505000 1.183594
0.506000 1.183961
0.507000 1.184328
0.508000 1.184694
0.509000 1.185061
0.510000 1.185427
0.511000 1.185794
0.512000 1.186160
0.513000 1.186525
0.514000 1.186891
0.515000 1.187257
0.516000 1.187622
0.517000 1.187987
0.518000 1.188352
0.519000 1.188717
0.520000 1.189082
0.521000 1.189447
0.522000 1.189811
0.523000 1.190175
0.524000 1.190539
0.525000 1.190903
0.526000 1.191267
0.527000 1.191630
0.528000 1.191993
0.529000 1.192357
0.530000 1.192720
0.531000 1.193082
0.532000 1.193445
0.533000 1.193808
0.534000 1.194170
0.535000 1.194532
0.536000 1.194894
0.537000 1.195256
0.538000 1.195617
0.539000 1.195979
0.540000 1.196340
0.541000 1.196701
0.542000 1.197062
0.543000 1.197423
0.544000 1.197784
0.545000 1.198144
0.546000 1.198504
0.547000 1.198864
0.548000 1.199224
0.549000 1.199584
0.550000 1.199944
0.551000 1.200303
0.552000 1.200662
0.553000 1.201021
0.554000 1.201380
0.555000 1.201739
0.556000 1.202097
0.557000 1.202456
0.558000 1.202814
0.559000 1.203172
0.560000 1.203530
0.561000 1.203888
0.562000 1.204245
0.563000 1.204602
0.564000 1.204960
0.565000 1.205317
0.566000 1.205673
0.567000 1.206030
0.568000 1.206387
0.569000 1.206743
0.570000 1.207099
0.571000 1.207455
0.572000 1.207811
0.573000 1.208166
0.574000 1.208522
0.575000 1.208877
0.576000 1.209232
0.577000 1.209587
0.578000 1.209942
0.579000 1.210296
0.580000 1.210651
0.581000 1.211005
0.582000 1.211359
0.583000 1.211713
0.584000 1.212067
0.585000 1.212420
0.586000 1.212774
0.587000 1.213127
0.588000 1.213480
0.589000 1.213833
0.590000 1.214185
0.591000 1.214538
0.592000 1.214890
0.593000 1.215242
0.594000 1.215594
0.595000 1.215946
0.596000 1.216298
0.597000 1.216649
0.598000 1.217001
0.599000 1.217352
0.600000 1.217703
0.601000 1.218053
0.602000 1.218404
0.603000 1.218755
0.604000 1.219105
0.605000 1.219455
0.606000 1.219805
0.607000 1.220155
0.608000 1.220504
0.609000 1.220854
0.610000 1.221203
0.611000 1.221552
0.612000 1.221901
0.613000 1.222249
0.614000 1.222598
0.615000 1.222946
0.616000 1.223295
0.617000 1.223643
0.618000 1.223990
0.619000 1.224338
0.620000 1.224686
0.621000 1.225033
0.622000 1.225380
0.623000 1.225727
0.624000 1.226074
0.625000 1.226421
0.626000 1.226767
0.627000 1.227113
0.628000 1.227460
0.629000 1.227805
0.630000 1.228151
0.631000 1.228497
0.632000 1.228842
0.633000 1.229188
0.634000 1.229533
0.635000 1.229878
0.636000 1.230222
0.637000 1.230567
0.638000 1.230911
0.639000 1.231256
0.640000 1.231600
0.641000 1.231944
0.642000 1.232287
0.643000 1.232631
0.644000 1.232974
0.645000 1.233318
0.646000 1.233661
0.647000 1.234003
0.648000 1.234346
0.649000 1.234689
0.650000 1.235031
0.651000 1.235373
0.652000 1.235715
0.653000 1.236057
0.654000 1.236399
0.655000 1.236740
0.656000 1.237082
0.657000 1.237423
0.658000 1.237764
0.659000 1.238105
0.660000 1.238445
0.661000 1.238786
0.662000 1.239126
0.663000 1.239466
0.664000 1.239806
0.665000 1.240146
0.666000 1.240485
0.667000 1.240825
0.668000 1.241164
0.669000 1.241503
0.670000 1.241842
0.671000 1.242181
0.672000 1.242520
0.673000 1.242858
0.674000 1.243196
0.675000 1.243534
0.676000 1.243872
0.677000 1.244210
0.678000 1.244548
0.679000 1.244885
0.680000 1.245222
0.681000 1.245559
0.682000 1.245896
0.683000 1.246233
0.684000 1.246570
0.685000 1.246906
0.686000 1.247242
0.687000 1.247578
0.688000 1.247914
0.689000 1.248250
0.690000 1.248585
0.691000 1.248921
0.692000 1.249256
0.693000 1.249591
0.694000 1.249926
0.695000 1.250261
0.696000 1.250595
0.697000 1.250929
0.698000 1.251264
0.699000 1.251598
0.700000 1.251931
0.701000 1.252265
0.702000 1.252599
0.703000 1.252932
0.704000 1.253265
0.705000 1.253598
0.706000 1.253931
0.707000 1.254264
0.708000 1.254596
0.709000 1.254929
0.710000 1.255261
0.711000 1.255593
0.712000 1.255925
0.713000 1.256256
0.714000 1.256588
0.715000 1.256919
0.716000 1.257250
0.717000 1.257581
0.718000 1.257912
0.719000 1.258243
0.720000 1.258573
0.721000 1.258903
0.722000 1.259234
0.723000 1.259564
0.724000 1.259893
0.725000 1.260223
0.726000 1.260553
0.727000 1.260882
0.728000 1.261211
0.729000 1.261540
0.730000 1.261869
0.731000 1.262197
0.732000 1.262526
0.733000 1.262854
0.734000 1.263182
0.735000 1.263510
0.736000 1.263838
0.737000 1.264166
0.738000 1.264493
0.739000 1.264821
0.740000 1.265148
0.741000 1.265475
0.742000 1.265802
0.743000 1.266128
0.744000 1.266455
0.745000 1.266781
0.746000 1.267107
0.747000 1.267433
0.748000 1.267759
0.749000 1.268085
0.750000 1.268410
0.751000 1.268735
0.752000 1.269061
0.753000 1.269386
0.754000 1.269710
0.755000 1.270035
0.756000 1.270360
0.757000 1.270684
0.758000 1.271008
0.759000 1.271332
0.760000 1.271656
0.761000 1.271980
0.762000 1.272303
0.763000 1.272626
0.764000 1.272950
0.765000 1.273273
0.766000 1.273595
0.767000 1.273918
0.768000 1.274241
0.769000 1.274563
0.770000 1.274885
0.771000 1.275207
0.772000 1.275529
0.773000 1.275851
0.774000 1.276172
0.775000 1.276494
0.776000 1.276815
0.777000 1.277136
0.778000 1.277457
0.779000 1.277778
0.780000 1.278098
0.781000 1.278418
0.782000 1.278739
0.783000 1.279059
0.784000 1.279379
0.785000 1.279698
0.786000 1.280018
0.787000 1.280337
0.788000 1.280657
0.789000 1.280976
0.790000 1.281295
0.791000 1.281613
0.792000 1.281932
0.793000 1.282250
0.794000 1.282569
0.795000 1.282887
0.796000 1.283205
0.797000 1.283523
0.798000 1.283840
0.799000 1.284158
0.800000 1.284475
0.801000 1.284792
0.802000 1.285109
0.803000 1.285426
0.804000 1.285743
0.805000 1.286059
0.806000 1.286375
0.807000 1.286691
0.808000 1.287008
0.809000 1.287323
0.810000 1.287639
0.811000 1.287955
0.812000 1.288270
0.813000 1.288585
0.814000 1.288900
0.815000 1.289215
0.816000 1.289530
0.817000 1.289844
0.818000 1.290159
0.819000 1.290473
0.820000 1.290787
0.821000 1.291101
0.822000 1.291415
0.823000 1.291728
0.824000 1.292042
0.825000 1.292355
0.826000 1.292668
0.827000 1.292981
0.828000 1.293294
0.829000 1.293607
0.830000 1.293919
0.831000 1.294231
0.832000 1.294544
0.833000 1.294856
0.834000 1.295167
0.835000 1.295479
0.836000 1.295791
0.837000 1.296102
0.838000 1.296413
0.839000 1.296724
0.840000 1.297035
0.841000 1.297346
0.842000 1.297656
0.843000 1.297967
0.844000 1.298277
0.845000 1.298587
0.846000 1.298897
0.847000 1.299207
0.848000 1.299517
0.849000 1.299826
0.850000 1.300135
0.851000 1.300445
0.852000 1.300754
0.853000 1.301062
0.854000 1.301371
0.855000 1.301680
0.856000 1.301988
0.857000 1.302296
0.858000 1.302604
0.859000 1.302912
0.860000 1.303220
0.861000 1.303527
0.862000 1.303835
0.863000 1.304142
0.864000 1.304449
0.865000 1.304756
0.866000 1.305063
0.867000 1.305370
0.868000 1.305676
0.869000 1.305982
0.870000 1.306289
0.871000 1.306595
0.872000 1.306901
0.873000 1.307206
0.874000 1.307512
0.875000 1.307817
0.876000 1.308122
0.877000 1.308428
0.878000 1.308732
0.879000 1.309037
0.880000 1.309342
0.881000 1.309646
0.882000 1.309951
0.883000 1.310255
0.884000 1.310559
0.885000 1.310863
0.886000 1.311166
0.887000 1.311470
0.888000 1.311773
0.889000 1.312076
0.890000 1.312380
0.891000 1.312682
0.892000 1.312985
0.893000 1.313288
0.894000 1.313590
0.895000 1.313893
0.896000 1.314195
0.897000 1.314497
0.898000 1.314799
0.899000 1.315100
0.900000 1.315402
0.901000 1.315703
0.902000 1.316004
0.903000 1.316306
0.904000 1.316606
0.905000 1.316907
0.906000 1.317208
0.907000 1.317508
0.908000 1.317809
0.909000 1.318109
0.910000 1.318409
0.911000 1.318709
0.912000 1.319008
0.913000 1.319308
0.914000 1.319607
0.915000 1.319907
0.916000 1.320206
0.917000 1.320505
0.918000 1.320803
0.919000 1.321102
0.920000 1.321401
0.921000 1.321699
0.922000 1.321997
0.923000 1.322295
0.924000 1.322593
0.925000 1.322891
0.926000 1.323188
0.927000 1.323486
0.928000 1.323783
0.929000 1.324080
0.930000 1.324377
0.931000 1.324674
0.932000 1.324971
0.933000 1.325267
0.934000 1.325564
0.935000 1.325860
0.936000 1.326156
0.937000 1.326452
0.938000 1.326748
0.939000 1.327043
0.940000 1.327339
0.941000 1.327634
0.942000 1.327929
0.943000 1.328224
0.944000 1.328519
0.945000 1.328814
0.946000 1.329108
0.947000 1.329403
0.948000 1.329697
0.949000 1.329991
0.950000 1.330285
0.951000 1.330579
0.952000 1.330873
0.953000 1.331166
0.954000 1.331460
0.955000 1.331753
0.956000 1.332046
0.957000 1.332339
0.958000 1.332632
0.959000 1.332924
0.960000 1.333217
0.961000 1.333509
0.962000 1.333801
0.963000 1.334093
0.964000 1.334385
0.965000 1.334677
0.966000 1.334969
0.967000 1.335260
0.968000 1.335551
0.969000 1.335843
0.970000 1.336134
0.971000 1.336425
0.972000 1.336715
0.973000 1.337006
0.974000 1.337296
0.975000 1.337587
0.976000 1.337877
0.977000 1.338167
0.978000 1.338457
0.979000 1.338746
0.980000 1.339036
0.981000 1.339325
0.982000 1.339615
0.983000 1.339904
0.984000 1.340193
0.985000 1.340481
0.986000 1.340770
0.987000 1.341059
0.988000 1.341347
0.989000 1.341635
0.990000 1.341923
0.991000 1.342211
0.992000 1.342499
0.993000 1.342787
0.994000 1.343074
0.995000 1.343362
0.996000 1.343649
0.997000 1.343936
0.998000 1.344223
0.999000 1.344510
1.000000 1.344796
1.001000 1.345083
1.002000 1.345369
1.003000 1.345656
1.004000 1.345942
1.005000 1.346228
1.006000 1.346513
1.007000 1.346799
1.008000 1.347085
1.009000 1.347370
1.010000 1.347655
1.011000 1.347940
1.012000 1.348225
1.013000 1.348510
1.014000 1.348795
1.015000 1.349079
1.016000 1.349363
1.017000 1.349648
1.018000 1.349932
1.019000 1.350216
1.020000 1.350499
1.021000 1.350783
1.022000 1.351066
1.023000 1.351350
1.024000 1.351633
1.025000 1.351916
1.026000 1.352199
1.027000 1.352482
1.028000 1.352765
1.029000 1.353047
1.030000 1.353329
1.031000 1.353612
1.032000 1.353894
1.033000 1.354176
1.034000 1.354457
1.035000 1.354739
1.036000 1.355021
1.037000 1.355302
1.038000 1.355583
1.039000 1.355864
1.040000 1.356145
1.041000 1.356426
1.042000 1.356707
1.043000 1.356987
1.044000 1.357268
1.045000 1.357548
1.046000 1.357828
1.047000 1.358108
1.048000 1.358388
1.049000 1.358667
1.050000 1.358947
1.051000 1.359226
1.052000 1.359506
1.053000 1.359785
1.054000 1.360064
1.055000 1.360343
1.056000 1.360621
1.057000 1.360900
1.058000 1.361178
1.059000 1.361457
1.060000 1.361735
1.061000 1.362013
1.062000 1.362291
1.063000 1.362568
1.064000 1.362846
1.065000 1.363124
1.066000 1.363401
1.067000 1.363678
1.068000 1.363955
1.069000 1.364232
1.070000 1.364509
1.071000 1.364785
1.072000 1.365062
1.073000 1.365338
1.074000 1.365614
1.075000 1.365890
1.076000 1.366166
1.077000 1.366442
1.078000 1.366718
1.079000 1.366993
1.080000 1.367269
1.081000 1.367544
1.082000 1.367819
1.083000 1.368094
1.084000 1.368369
1.085000 1.368644
1.086000 1.368918
1.087000 1.369193
1.088000 1.369467
1.089000 1.369741
1.090000 1.370015
1.091000 1.370289
1.092000 1.370563
1.093000 1.370836
1.094000 1.371110
1.095000 1.371383
1.096000 1.371656
1.097000 1.371930
1.098000 1.372203
1.099000 1.372475
1.100000 1.372748
1.101000 1.373021
1.102000 1.373293
1.103000 1.373565
1.104000 1.373837
1.105000 1.374109
1.106000 1.374381
1.107000 1.374653
1.108000 1.374924
1.109000 1.375196
1.110000 1.375467
1.111000 1.375738
1.112000 1.376009
1.113000 1.376280
1.114000 1.376551
1.115000 1.376822
1.116000 1.377092
1.117000 1.377363
1.118000 1.377633
1.119000 1.377903
1.120000 1.378173
1.121000 1.378443
1.122000 1.378712
1.123000 1.378982
1.124000 1.379252
1.125000 1.379521
1.126000 1.379790
1.127000 1.380059
1.128000 1.380328
1.129000 1.380597
1.130000 1.380865
1.131000 1.381134
1.132000 1.381402
1.133000 1.381670
1.134000 1.381939
1.135000 1.382207
1.136000 1.382474
1.137000 1.382742
1.138000 1.383010
1.139000 1.383277
1.140000 1.383544
1.141000 1.383812
1.142000 1.384079
1.143000 1.384346
1.144000 1.384612
1.145000 1.384879
1.146000 1.385146
1.147000 1.385412
1.148000 1.385678
1.149000 1.385944
1.150000 1.386210
1.151000 1.386476
1.152000 1.386742
1.153000 1.387008
1.154000 1.387273
1.155000 1.387538
1.156000 1.387804
1.157000 1.388069
1.158000 1.388334
1.159000 1.388599
1.160000 1.388863
1.161000 1.389128
1.162000 1.389392
1.163000 1.389657
1.164000 1.389921
1.165000 1.390185
1.166000 1.390449
1.167000 1.390712
1.168000 1.390976
1.169000 1.391240
1.170000 1.391503
1.171000 1.391766
1.172000 1.392029
1.173000 1.392292
1.174000 1.392555
1.175000 1.392818
1.176000 1.393081
1.177000 1.393343
1.178000 1.393606
1.179000 1.393868
1.180000 1.394130
1.181000 1.394392
1.182000 1.394654
1.183000 1.394915
1.184000 1.395177
1.185000 1.395438
1.186000 1.395700
1.187000 1.395961
1.188000 1.396222
1.189000 1.396483
1.190000 1.396744
1.191000 1.397005
1.192000 1.397265
1.193000 1.397526
1.194000 1.397786
1.195000 1.398046
1.196000 1.398306
1.197000 1.398566
1.198000 1.398826
1.199000 1.399086
1.200000 1.399345
1.201000 1.399605
1.202000 1.399864
1.203000 1.400123
1.204000 1.400382
1.205000 1.400641
1.206000 1.400900
1.207000 1.401158
1.208000 1.401417
1.209000 1.401675
1.210000 1.401934
1.211000 1.402192
1.212000 1.402450
1.213000 1.402708
1.214000 1.402966
1.215000 1.403223
1.216000 1.403481
1.217000 1.403738
1.218000 1.403995
1.219000 1.404253
1.220000 1.404510
1.221000 1.404767
1.222000 1.405023
1.223000 1.405280
1.224000 1.405536
1.225000 1.405793
1.226000 1.406049
1.227000 1.406305
1.228000 1.406561
1.229000 1.406817
1.230000 1.407073
1.231000 1.407329
1.232000 1.407584
1.233000 1.407840
1.234000 1.408095
1.235000 1.408350
1.236000 1.408605
1.237000 1.408860
1.238000 1.409115
1.239000 1.409370
1.240000 1.409624
1.241000 1.409878
1.242000 1.410133
1.243000 1.410387
1.244000 1.410641
1.245000 1.410895
1.246000 1.411149
1.247000 1.411402
1.248000 1.411656
1.249000 1.411909
1.250000 1.412163
1.251000 1.412416
1.252000 1.412669
1.253000 1.412922
1.254000 1.413175
1.255000 1.413427
1.256000 1.413680
1.257000 1.413932
1.258000 1.414185
1.259000 1.414437
1.260000 1.414689
1.261000 1.414941
1.262000 1.415193
1.263000 1.415445
1.264000 1.415696
1.265000 1.415948
1.266000 1.416199
1.267000 1.416450
1.268000 1.416701
1.269000 1.416952
1.270000 1.417203
1.271000 1.417454
1.272000 1.417705
1.273000 1.417955
1.274000 1.418206
1.275000 1.418456
1.276000 1.418706
1.277000 1.418956
1.278000 1.419206
1.279000 1.419456
1.280000 1.419705
1.281000 1.419955
1.282000 1.420204
1.283000 1.420454
1.284000 1.420703
1.285000 1.420952
1.286000 1.421201
1.287000 1.421450
1.288000 1.421698
1.289000 1.421947
1.290000 1.422195
1.291000 1.422444
1.292000 1.422692
1.293000 1.422940
1.294000 1.423188
1.295000 1.423436
1.296000 1.423684
1.297000 1.423931
1.298000 1.424179
1.299000 1.424426
1.300000 1.424673
1.301000 1.424921
1.302000 1.425168
1.303000 1.425415
1.304000 1.425661
1.305000 1.425908
1.306000 1.426155
1.307000 1.426401
1.308000 1.426647
1.309000 1.426894
1.310000 1.427140
1.311000 1.427386
1.312000 1.427632
1.313000 1.427877
1.314000 1.428123
1.315000 1.428368
1.316000 1.428614
1.317000 1.428859
1.318000 1.429104
1.319000 1.429349
1.320000 1.429594
1.321000 1.429839
1.322000 1.430084
1.323000 1.430328
1.324000 1.430573
1.325000 1.430817
1.326000 1.431061
1.327000 1.431305
1.328000 1.431549
1.329000 1.431793
1.330000 1.432037
1.331000 1.432280
1.332000 1.432524
1.333000 1.432767
1.334000 1.433011
1.335000 1.433254
1.336000 1.433497
1.337000 1.433740
1.338000 1.433983
1.339000 1.434225
1.340000 1.434468
1.341000 1.434710
1.342000 1.434953
1.343000 1.435195
1.344000 1.435437
1.345000 1.435679
1.346000 1.435921
1.347000 1.436163
1.348000 1.436404
1.349000 1.436646
1.350000 1.436887
1.351000 1.437129
1.352000 1.437370
1.353000 1.437611
1.354000 1.437852
1.355000 1.438093
1.356000 1.438334
1.357000 1.438574
1.358000 1.438815
1.359000 1.439055
1.360000 1.439295
1.361000 1.439536
1.362000 1.439776
1.363000 1.440016
1.364000 1.440255
1.365000 1.440495
1.366000 1.440735
1.367000 1.440974
1.368000 1.441214
1.369000 1.441453
1.370000 1.441692
1.371000 1.441931
1.372000 1.442170
1.373000 1.442409
1.374000 1.442648
1.375000 1.442886
1.376000 1.443125
1.377000 1.443363
1.378000 1.443601
1.379000 1.443839
1.380000 1.444077
1.381000 1.444315
1.382000 1.444553
1.383000 1.444791
1.384000 1.445028
1.385000 1.445266
1.386000 1.445503
1.387000 1.445740
1.388000 1.445977
1.389000 1.446214
1.390000 1.446451
1.391000 1.446688
1.392000 1.446925
1.393000 1.447161
1.394000 1.447398
1.395000 1.447634
1.396000 1.447870
1.397000 1.448107
1.398000 1.448343
1.399000 1.448578
1.400000 1.448814
1.401000 1.449050
1.402000 1.449285
1.403000 1.449521
1.404000 1.449756
1.405000 1.449991
1.406000 1.450227
1.407000 1.450462
1.408000 1.450697
1.409000 1.450931
1.410000 1.451166
1.411000 1.451401
1.412000 1.451635
1.413000 1.451869
1.414000 1.452104
1.415000 1.452338
1.416000 1.452572
1.417000 1.452806
1.418000 1.453039
1.419000 1.453273
1.420000 1.453507
1.421000 1.453740
1.422000 1.453973
1.423000 1.454207
1.424000 1.454440
1.425000 1.454673
1.426000 1.454906
1.427000 1.455139
1.428000 1.455371
1.429000 1.455604
1.430000 1.455836
1.431000 1.456069
1.432000 1.456301
1.433000 1.456533
1.434000 1.456765
1.435000 1.456997
1.436000 1.457229
1.437000 1.457461
1.438000 1.457692
1.439000 1.457924
1.440000 1.458155
1.441000 1.458387
1.442000 1.458618
1.443000 1.458849
1.444000 1.459080
1.445000 1.459311
1.446000 1.459541
1.447000 1.459772
1.448000 1.460003
1.449000 1.460233
1.450000 1.460463
1.451000 1.460693
1.452000 1.460924
1.453000 1.461154
1.454000 1.461383
1.455000 1.461613
1.456000 1.461843
1.457000 1.462072
1.458000 1.462302
1.459000 1.462531
1.460000 1.462761
1.461000 1.462990
1.462000 1.463219
1.463000 1.463448
1.464000 1.463676
1.465000 1.463905
1.466000 1.464134
1.467000 1.464362
1.468000 1.464591
1.469000 1.464819
1.470000 1.465047
1.471000 1.465275
1.472000 1.465503
1.473000 1.465731
1.474000 1.465959
1.475000 1.466186
1.476000 1.466414
1.477000 1.466641
1.478000 1.466869
1.479000 1.467096
1.480000 1.467323
1.481000 1.467550
1.482000 1.467777
1.483000 1.468004
1.484000 1.468231
1.485000 1.468457
1.486000 1.468684
1.487000 1.468910
1.488000 1.469136
1.489000 1.469362
1.490000 1.469589
1.491000 1.469814
1.492000 1.470040
1.493000 1.470266
1.494000 1.470492
1.495000 1.470717
1.496000 1.470943
1.497000 1.471168
1.498000 1.471393
1.499000 1.471618
1.500000 1.471843
1.501000 1.472068
1.502000 1.472293
1.503000 1.472518
1.504000 1.472743
1.505000 1.472967
1.506000 1.473191
1.507000 1.473416
1.508000 1.473640
1.509000 1.473864
1.510000 1.474088
1.511000 1.474312
1.512000 1.474536
1.513000 1.474759
1.514000 1.474983
1.515000 1.475206
1.516000 1.475430
1.517000 1.475653
1.518000 1.475876
1.519000 1.476099
1.520000 1.476322
1.521000 1.476545
1.522000 1.476768
1.523000 1.476991
1.524000 1.477213
1.525000 1.477436
1.526000 1.477658
1.527000 1.477880
1.528000 1.478102
1.529000 1.478324
1.530000 1.478546
1.531000 1.478768
1.532000 1.478990
1.533000 1.479211
1.534000 1.479433
1.535000 1.479654
1.536000 1.479876
1.537000 1.480097
1.538000 1.480318
1.539000 1.480539
1.540000 1.480760
1.541000 1.480981
1.542000 1.481202
1.543000 1.481422
1.544000 1.481643
1.545000 1.481863
1.546000 1.482083
1.547000 1.482304
1.548000 1.482524
1.549000 1.482744
1.550000 1.482964
1.551000 1.483183
1.552000 1.483403
1.553000 1.483623
1.554000 1.483842
1.555000 1.484062
1.556000 1.484281
1.557000 1.484500
1.558000 1.484719
1.559000 1.484938
1.560000 1.485157
1.561000 1.485376
1.562000 1.485595
1.563000 1.485813
1.564000 1.486032
1.565000 1.486250
1.566000 1.486469
1.567000 1.486687
1.568000 1.486905
1.569000 1.487123
1.570000 1.487341
1.571000 1.487559
1.572000 1.487776
1.573000 1.487994
1.574000 1.488211
1.575000 1.488429
1.576000 1.488646
1.577000 1.488863
1.578000 1.489080
1.579000 1.489297
1.580000 1.489514
1.581000 1.489731
1.582000 1.489948
1.583000 1.490165
1.584000 1.490381
1.585000 1.490598
1.586000 1.490814
1.587000 1.491030
1.588000 1.491246
1.589000 1.491462
1.590000 1.491678
1.591000 1.491894
1.592000 1.492110
1.593000 1.492325
1.594000 1.492541
1.595000 1.492756
1.596000 1.492972
1.597000 1.493187
1.598000 1.493402
1.599000 1.493617
1.600000 1.493832
1.601000 1.494047
1.602000 1.494262
1.603000 1.494476
1.604000 1.494691
1.605000 1.494905
1.606000 1.495120
1.607000 1.495334
1.608000 1.495548
1.609000 1.495762
1.610000 1.495976
1.611000 1.496190
1.612000 1.496404
1.613000 1.496618
1.614000 1.496831
1.615000 1.497045
1.616000 1.497258
1.617000 1.497472
1.618000 1.497685
1.619000 1.497898
1.620000 1.498111
1.621000 1.498324
1.622000 1.498537
1.623000 1.498749
1.624000 1.498962
1.625000 1.499175
1.626000 1.499387
1.627000 1.499599
1.628000 1.499812
1.629000 1.500024
1.630000 1.500236
1.631000 1.500448
1.632000 1.500660
1.633000 1.500871
1.634000 1.501083
1.635000 1.501295
1.636000 1.501506
1.637000 1.501718
1.638000 1.501929
1.639000 1.502140
1.640000 1.502351
1.641000 1.502562
1.642000 1.502773
1.643000 1.502984
1.644000 1.503195
1.645000 1.503405
1.646000 1.503616
1.647000 1.503826
1.648000 1.504037
1.649000 1.504247
1.650000 1.504457
1.651000 1.504667
1.652000 1.504877
1.653000 1.505087
1.654000 1.505297
1.655000 1.505506
1.656000 1.505716
1.657000 1.505925
1.658000 1.506135
1.659000 1.506344
1.660000 1.506553
1.661000 1.506763
1.662000 1.506972
1.663000 1.507181
1.664000 1.507389
1.665000 1.507598
1.666000 1.507807
1.667000 1.508015
1.668000 1.508224
1.669000 1.508432
1.670000 1.508640
1.671000 1.508849
1.672000 1.509057
1.673000 1.509265
1.674000 1.509473
1.675000 1.509681
1.676000 1.509888
1.677000 1.510096
1.678000 1.510303
1.679000 1.510511
1.680000 1.510718
1.681000 1.510926
1.682000 1.511133
1.683000 1.511340
1.684000 1.511547
1.685000 1.511754
1.686000 1.511960
1.687000 1.512167
1.688000 1.512374
1.689000 1.512580
1.690000 1.512787
1.691000 1.512993
1.692000 1.513199
1.693000 1.513405
1.694000 1.513612
1.695000 1.513818
1.696000 1.514023
1.697000 1.514229
1.698000 1.514435
1.699000 1.514641
1.700000 1.514846
1.701000 1.515051
1.702000 1.515257
1.703000 1.515462
1.704000 1.515667
1.705000 1.515872
1.706000 1.516077
1.707000 1.516282
1.708000 1.516487
1.709000 1.516692
1.710000 1.516896
1.711000 1.517101
1.712000 1.517305
1.713000 1.517509
1.714000 1.517714
1.715000 1.517918
1.716000 1.518122
1.717000 1.518326
1.718000 1.518530
1.719000 1.518734
1.720000 1.518937
1.721000 1.519141
1.722000 1.519344
1.723000 1.519548
1.724000 1.519751
1.725000 1.519954
1.726000 1.520158
1.727000 1.520361
1.728000 1.520564
1.729000 1.520767
1.730000 1.520969
1.731000 1.521172
1.732000 1.521375
1.733000 1.521577
1.734000 1.521780
1.735000 1.521982
1.736000 1.522184
1.737000 1.522387
1.738000 1.522589
1.739000 1.522791
1.740000 1.522993
1.741000 1.523194
1.742000 1.523396
1.743000 1.523598
1.744000 1.523799
1.745000 1.524001
1.746000 1.524202
1.747000 1.524403
1.748000 1.524605
1.749000 1.524806
1.750000 1.525007
1.751000 1.525208
1.752000 1.525409
1.753000 1.525609
1.754000 1.525810
1.755000 1.526011
1.756000 1.526211
1.757000 1.526411
1.758000 1.526612
1.759000 1.526812
1.760000 1.527012
1.761000 1.527212
1.762000 1.527412
1.763000 1.527612
1.764000 1.527812
1.765000 1.528011
1.766000 1.528211
1.767000 1.528411
1.768000 1.528610
1.769000 1.528809
1.770000 1.529009
1.771000 1.529208
1.772000 1.529407
1.773000 1.529606
1.774000 1.529805
1.775000 1.530004
1.776000 1.530202
1.777000 1.530401
1.778000 1.530600
1.779000 1.530798
1.780000 1.530997
1.781000 1.531195
1.782000 1.531393
1.783000 1.531591
1.784000 1.531789
1.785000 1.531987
1.786000 1.532185
1.787000 1.532383
1.788000 1.532581
1.789000 1.532778
1.790000 1.532976
1.791000 1.533173
1.792000 1.533370
1.793000 1.533568
1.794000 1.533765
1.795000 1.533962
1.796000 1.534159
1.797000 1.534356
1.798000 1.534553
1.799000 1.534750
1.800000 1.534946
1.801000 1.535143
1.802000 1.535339
1.803000 1.535536
1.804000 1.535732
1.805000 1.535928
1.806000 1.536124
1.807000 1.536321
1.808000 1.536517
1.809000 1.536712
1.810000 1.536908
1.811000 1.537104
1.812000 1.537300
1.813000 1.537495
1.814000 1.537691
1.815000 1.537886
1.816000 1.538081
1.817000 1.538277
1.818000 1.538472
1.819000 1.538667
1.820000 1.538862
1.821000 1.539057
1.822000 1.539251
1.823000 1.539446
1.824000 1.539641
1.825000 1.539835
1.826000 1.540030
1.827000 1.540224
1.828000 1.540418
1.829000 1.540613
1.830000 1.540807
1.831000 1.541001
1.832000 1.541195
1.833000 1.541389
1.834000 1.541582
1.835000 1.541776
1.836000 1.541970
1.837000 1.542163
1.838000 1.542357
1.839000 1.542550
1.840000 1.542743
1.841000 1.542936
1.842000 1.543130
1.843000 1.543323
1.844000 1.543516
1.845000 1.543708
1.846000 1.543901
1.847000 1.544094
1.848000 1.544287
1.849000 1.544479
1.850000 1.544672
1.851000 1.544864
1.852000 1.545056
1.853000 1.545248
1.854000 1.545440
1.855000 1.545633
1.856000 1.545824
1.857000 1.546016
1.858000 1.546208
1.859000 1.546400
1.860000 1.546591
1.861000 1.546783
1.862000 1.546974
1.863000 1.547166
1.864000 1.547357
1.865000 1.547548
1.866000 1.547739
1.867000 1.547930
1.868000 1.548121
1.869000 1.548312
1.870000 1.548503
1.871000 1.548694
1.872000 1.548884
1.873000 1.549075
1.874000 1.549265
1.875000 1.549456
1.876000 1.549646
1.877000 1.549836
1.878000 1.550027
1.879000 1.550217
1.880000 1.550407
1.881000 1.550597
1.882000 1.550786
1.883000 1.550976
1.884000 1.551166
1.885000 1.551355
1.886000 1.551545
1.887000 1.551734
1.888000 1.551924
1.889000 1.552113
1.890000 1.552302
1.891000 1.552491
1.892000 1.552680
1.893000 1.552869
1.894000 1.553058
1.895000 1.553247
1.896000 1.553435
1.897000 1.553624
1.898000 1.553812
1.899000 1.554001
1.900000 1.554189
1.901000 1.554377
1.902000 1.554566
1.903000 1.554754
1.904000 1.554942
1.905000 1.555130
1.906000 1.555318
1.907000 1.555505
1.908000 1.555693
1.909000 1.555881
1.910000 1.556068
1.911000 1.556256
1.912000 1.556443
1.913000 1.556631
1.914000 1.556818
1.915000 1.557005
1.916000 1.557192
1.917000 1.557379
1.918000 1.557566
1.919000 1.557753
1.920000 1.557940
1.921000 1.558126
1.922000 1.558313
1.923000 1.558499
1.924000 1.558686
1.925000 1.558872
1.926000 1.559058
1.927000 1.559245
1.928000 1.559431
1.929000 1.559617
1.930000 1.559803
1.931000 1.559989
1.932000 1.560175
1.933000 1.560360
1.934000 1.560546
1.935000 1.560731
1.936000 1.560917
1.937000 1.561102
1.938000 1.561288
1.939000 1.561473
1.940000 1.561658
1.941000 1.561843
1.942000 1.562028
1.943000 1.562213
1.944000 1.562398
1.945000 1.562583
1.946000 1.562768
1.947000 1.562952
1.948000 1.563137
1.949000 1.563321
1.950000 1.563506
1.951000 1.563690
1.952000 1.563874
1.953000 1.564058
1.954000 1.564242
1.955000 1.564426
1.956000 1.564610
1.957000 1.564794
1.958000 1.564978
1.959000 1.565162
1.960000 1.565345
1.961000 1.565529
1.962000 1.565712
1.963000 1.565896
1.964000 1.566079
1.965000 1.566262
1.966000 1.566445
1.967000 1.566629
1.968000 1.566812
1.969000 1.566994
1.970000 1.567177
1.971000 1.567360
1.972000 1.567543
1.973000 1.567725
1.974000 1.567908
1.975000 1.568090
1.976000 1.568273
1.977000 1.568455
1.978000 1.568637
1.979000 1.568819
1.980000 1.569002
1.981000 1.569184
1.982000 1.569365
1.983000 1.569547
1.984000 1.569729
1.985000 1.569911
1.986000 1.570092
1.987000 1.570274
1.988000 1.570455
1.989000 1.570637
1.990000 1.570818
1.991000 1.570999
1.992000 1.571181
1.993000 1.571362
1.994000 1.571543
1.995000 1.571724
1.996000 1.571904
1.997000 1.572085
1.998000 1.572266
1.999000 1.572447
2.000000 1.572627
2.001000 1.572808
2.002000 1.572988
2.003000 1.573168
2.004000 1.573349
2.005000 1.573529
2.006000 1.573709
2.007000 1.573889
2.008000 1.574069
2.009000 1.574249
2.010000 1.574429
2.011000 1.574608
2.012000 1.574788
2.013000 1.574967
2.014000 1.575147
2.015000 1.575326
2.016000 1.575506
2.017000 1.575685
2.018000 1.575864
2.019000 1.576043
2.020000 1.576222
2.021000 1.576401
2.022000 1.576580
2.023000 1.576759
2.024000 1.576938
2.025000 1.577117
2.026000 1.577295
2.027000 1.577474
2.028000 1.577652
2.029000 1.577831
2.030000 1.578009
2.031000 1.578187
2.032000 1.578365
2.033000 1.578543
2.034000 1.578721
2.035000 1.578899
2.036000 1.579077
2.037000 1.579255
2.038000 1.579433
2.039000 1.579610
2.040000 1.579788
2.041000 1.579965
2.042000 1.580143
2.043000 1.580320
2.044000 1.580497
2.045000 1.580675
2.046000 1.580852
2.047000 1.581029
2.048000 1.581206
2.049000 1.581383
2.050000 1.581559
2.051000 1.581736
2.052000 1.581913
2.053000 1.582089
2.054000 1.582266
2.055000 1.582442
2.056000 1.582619
2.057000 1.582795
2.058000 1.582971
2.059000 1.583148
2.060000 1.583324
2.061000 1.583500
2.062000 1.583676
2.063000 1.583852
2.064000 1.584027
2.065000 1.584203
2.066000 1.584379
2.067000 1.584554
2.068000 1.584730
2.069000 1.584905
2.070000 1.585081
2.071000 1.585256
2.072000 1.585431
2.073000 1.585606
2.074000 1.585781
2.075000 1.585956
2.076000 1.586131
2.077000 1.586306
2.078000 1.586481
2.079000 1.586656
2.080000 1.586830
2.081000 1.587005
2.082000 1.587179
2.083000 1.587354
2.084000 1.587528
2.085000 1.587703
2.086000 1.587877
2.087000 1.588051
2.088000 1.588225
2.089000 1.588399
2.090000 1.588573
2.091000 1.588747
2.092000 1.588921
2.093000 1.589094
2.094000 1.589268
2.095000 1.589442
2.096000 1.589615
2.097000 1.589788
2.098000 1.589962
2.099000 1.590135
2.100000 1.590308
2.101000 1.590481
2.102000 1.590655
2.103000 1.590828
2.104000 1.591000
2.105000 1.591173
2.106000 1.591346
2.107000 1.591519
2.108000 1.591691
2.109000 1.591864
2.110000 1.592037
2.111000 1.592209
2.112000 1.592381
2.113000 1.592554
2.114000 1.592726
2.115000 1.592898
2.116000 1.593070
2.117000 1.593242
2.118000 1.593414
2.119000 1.593586
2.120000 1.593758
2.121000 1.593929
2.122000 1.594101
2.123000 1.594273
2.124000 1.594444
2.125000 1.594616
2.126000 1.594787
2.127000 1.594958
2.128000 1.595130
2.129000 1.595301
2.130000 1.595472
2.131000 1.595643
2.132000 1.595814
2.133000 1.595985
2.134000 1.596156
2.135000 1.596326
2.136000 1.596497
2.137000 1.596668
2.138000 1.596838
2.139000 1.597009
2.140000 1.597179
2.141000 1.597349
2.142000 1.597520
2.143000 1.597690
2.144000 1.597860
2.145000 1.598030
2.146000 1.598200
2.147000 1.598370
2.148000 1.598540
2.149000 1.598710
2.150000 1.598879
2.151000 1.599049
2.152000 1.599218
2.153000 1.599388
2.154000 1.599557
2.155000 1.599727
2.156000 1.599896
2.157000 1.600065
2.158000 1.600234
2.159000 1.600404
2.160000 1.600573
2.161000 1.600742
2.162000 1.600910
2.163000 1.601079
2.164000 1.601248
2.165000 1.601417
2.166000 1.601585
2.167000 1.601754
2.168000 1.601922
2.169000 1.602091
2.170000 1.602259
2.171000 1.602427
2.172000 1.602595
2.173000 1.602764
2.174000 1.602932
2.175000 1.603100
2.176000 1.603268
2.177000 1.603435
2.178000 1.603603
2.179000 1.603771
2.180000 1.603939
2.181000 1.604106
2.182000 1.604274
2.183000 1.604441
2.184000 1.604609
2.185000 1.604776
2.186000 1.604943
2.187000 1.605110
2.188000 1.605277
2.189000 1.605444
2.190000 1.605611
2.191000 1.605778
2.192000 1.605945
2.193000 1.606112
2.194000 1.606279
2.195000 1.606445
2.196000 1.606612
2.197000 1.606778
2.198000 1.606945
2.199000 1.607111
2.200000 1.607278
2.201000 1.607444
2.202000 1.607610
2.203000 1.607776
2.204000 1.607942
2.205000 1.608108
2.206000 1.608274
2.207000 1.608440
2.208000 1.608606
2.209000 1.608771
2.210000 1.608937
2.211000 1.609103
2.212000 1.609268
2.213000 1.609433
2.214000 1.609599
2.215000 1.609764
2.216000 1.609929
2.217000 1.610095
2.218000 1.610260
2.219000 1.610425
2.220000 1.610590
2.221000 1.610755
2.222000 1.610919
2.223000 1.611084
2.224000 1.611249
2.225000 1.611414
2.226000 1.611578
2.227000 1.611743
2.228000 1.611907
2.229000 1.612071
2.230000 1.612236
2.231000 1.612400
2.232000 1.612564
2.233000 1.612728
2.234000 1.612892
2.235000 1.613056
2.236000 1.613220
2.237000 1.613384
2.238000 1.613548
2.239000 1.613712
2.240000 1.613875
2.241000 1.614039
2.242000 1.614202
2.243000 1.614366
2.244000 1.614529
2.245000 1.614693
2.246000 1.614856
2.247000 1.615019
2.248000 1.615182
2.249000 1.615345
2.250000 1.615508
2.251000 1.615671
2.252000 1.615834
2.253000 1.615997
2.254000 1.616160
2.255000 1.616322
2.256000 1.616485
2.257000 1.616647
2.258000 1.616810
2.259000 1.616972
2.260000 1.617135
2.261000 1.617297
2.262000 1.617459
2.263000 1.617621
2.264000 1.617783
2.265000 1.617945
2.266000 1.618107
2.267000 1.618269
2.268000 1.618431
2.269000 1.618593
2.270000 1.618755
2.271000 1.618916
2.272000 1.619078
2.273000 1.619239
2.274000 1.619401
2.275000 1.619562
2.276000 1.619724
2.277000 1.619885
2.278000 1.620046
2.279000 1.620207
2.280000 1.620368
2.281000 1.620529
2.282000 1.620690
2.283000 1.620851
2.284000 1.621012
2.285000 1.621173
2.286000 1.621333
2.287000 1.621494
2.288000 1.621654
2.289000 1.621815
2.290000 1.621975
2.291000 1.622136
2.292000 1.622296
2.293000 1.622456
2.294000 1.622616
2.295000 1.622777
2.296000 1.622937
2.297000 1.623097
2.298000 1.623257
2.299000 1.623416
2.300000 1.623576
2.301000 1.623736
2.302000 1.623896
2.303000 1.624055
2.304000 1.624215
2.305000 1.624374
2.306000 1.624534
2.307000 1.624693
2.308000 1.624852
2.309000 1.625012
2.310000 1.625171
2.311000 1.625330
2.312000 1.625489
2.313000 1.625648
2.314000 1.625807
2.315000 1.625966
2.316000 1.626124
2.317000 1.626283
2.318000 1.626442
2.319000 1.626600
2.320000 1.626759
2.321000 1.626917
2.322000 1.627076
2.323000 1.627234
2.324000 1.627392
2.325000 1.627551
2.326000 1.627709
2.327000 1.627867
2.328000 1.628025
2.329000 1.628183
2.330000 1.628341
2.331000 1.628499
2.332000 1.628656
2.333000 1.628814
2.334000 1.628972
2.335000 1.629129
2.336000 1.629287
2.337000 1.629444
2.338000 1.629602
2.339000 1.629759
2.340000 1.629917
2.341000 1.630074
2.342000 1.630231
2.343000 1.630388
2.344000 1.630545
2.345000 1.630702
2.346000 1.630859
2.347000 1.631016
2.348000 1.631173
2.349000 1.631329
2.350000 1.631486
2.351000 1.631643
2.352000 1.631799
2.353000 1.631956
2.354000 1.632112
2.355000 1.632269
2.356000 1.632425
2.357000 1.632581
2.358000 1.632737
2.359000 1.632893
2.360000 1.633050
2.361000 1.633206
2.362000 1.633362
2.363000 1.633517
2.364000 1.633673
2.365000 1.633829
2.366000 1.633985
2.367000 1.634140
2.368000 1.634296
2.369000 1.634451
2.370000 1.634607
2.371000 1.634762
2.372000 1.634918
2.373000 1.635073
2.374000 1.635228
2.375000 1.635383
2.376000 1.635538
2.377000 1.635693
2.378000 1.635848
2.379000 1.636003
2.380000 1.636158
2.381000 1.636313
2.382000 1.636468
2.383000 1.636622
2.384000 1.636777
2.385000 1.636932
2.386000 1.637086
2.387000 1.637240
2.388000 1.637395
2.389000 1.637549
2.390000 1.637703
2.391000 1.637858
2.392000 1.638012
2.393000 1.638166
2.394000 1.638320
2.395000 1.638474
2.396000 1.638628
2.397000 1.638781
2.398000 1.638935
2.399000 1.639089
2.400000 1.639243
2.401000 1.639396
2.402000 1.639550
2.403000 1.639703
2.404000 1.639857
2.405000 1.640010
2.406000 1.640163
2.407000 1.640317
2.408000 1.640470
2.409000 1.640623
2.410000 1.640776
2.411000 1.640929
2.412000 1.641082
2.413000 1.641235
2.414000 1.641388
2.415000 1.641540
2.416000 1.641693
2.417000 1.641846
2.418000 1.641998
2.419000 1.642151
2.420000 1.642303
2.421000 1.642456
2.422000 1.642608
2.423000 1.642760
2.424000 1.642912
2.425000 1.643065
2.426000 1.643217
2.427000 1.643369
2.428000 1.643521
2.429000 1.643673
2.430000 1.643825
2.431000 1.643976
2.432000 1.644128
2.433000 1.644280
2.434000 1.644432
2.435000 1.644583
2.436000 1.644735
2.437000 1.644886
2.438000 1.645038
2.439000 1.645189
2.440000 1.645340
2.441000 1.645491
2.442000 1.645643
2.443000 1.645794
2.444000 1.645945
2.445000 1.646096
2.446000 1.646247
2.447000 1.646398
2.448000 1.646548
2.449000 1.646699
2.450000 1.646850
2.451000 1.647001
2.452000 1.647151
2.453000 1.647302
2.454000 1.647452
2.455000 1.647603
2.456000 1.647753
2.457000 1.647903
2.458000 1.648054
2.459000 1.648204
2.460000 1.648354
2.461000 1.648504
2.462000 1.648654
2.463000 1.648804
2.464000 1.648954
2.465000 1.649104
2.466000 1.649253
2.467000 1.649403
2.468000 1.649553
2.469000 1.649703
2.470000 1.649852
2.471000 1.650002
2.472000 1.650151
2.473000 1.650300
2.474000 1.650450
2.475000 1.650599
2.476000 1.650748
2.477000 1.650897
2.478000 1.651046
2.479000 1.651196
2.480000 1.651345
2.481000 1.651493
2.482000 1.651642
2.483000 1.651791
2.484000 1.651940
2.485000 1.652089
2.486000 1.652237
2.487000 1.652386
2.488000 1.652534
2.489000 1.652683
2.490000 1.652831
2.491000 1.652980
2.492000 1.653128
2.493000 1.653276
2.494000 1.653424
2.495000 1.653573
2.496000 1.653721
2.497000 1.653869
2.498000 1.654017
2.499000 1.654165
2.500000 1.654312
2.501000 1.654460
2.502000 1.654608
2.503000 1.654756
2.504000 1.654903
2.505000 1.655051
2.506000 1.655198
2.507000 1.655346
2.508000 1.655493
2.509000 1.655641
2.510000 1.655788
2.511000 1.655935
2.512000 1.656082
2.513000 1.656229
2.514000 1.656376
2.515000 1.656523
2.516000 1.656670
2.517000 1.656817
2.518000 1.656964
2.519000 1.657111
2.520000 1.657258
2.521000 1.657404
2.522000 1.657551
2.523000 1.657698
2.524000 1.657844
2.525000 1.657991
2.526000 1.658137
2.527000 1.658283
2.528000 1.658430
2.529000 1.658576
2.530000 1.658722
2.531000 1.658868
2.532000 1.659014
2.533000 1.659160
2.534000 1.659306
2.535000 1.659452
2.536000 1.659598
2.537000 1.659744
2.538000 1.659889
2.539000 1.660035
2.540000 1.660181
2.541000 1.660326
2.542000 1.660472
2.543000 1.660617
2.544000 1.660763
2.545000 1.660908
2.546000 1.661053
2.547000 1.661199
2.548000 1.661344
2.549000 1.661489
2.550000 1.661634
2.551000 1.661779
2.552000 1.661924
2.553000 1.662069
2.554000 1.662214
2.555000 1.662358
2.556000 1.662503
2.557000 1.662648
2.558000 1.662793
2.559000 1.662937
2.560000 1.663082
2.561000 1.663226
2.562000 1.663371
2.563000 1.663515
2.564000 1.663659
2.565000 1.663804
2.566000 1.663948
2.567000 1.664092
2.568000 1.664236
2.569000 1.664380
2.570000 1.664524
2.571000 1.664668
2.572000 1.664812
2.573000 1.664956
2.574000 1.665099
2.575000 1.665243
2.576000 1.665387
2.577000 1.665530
2.578000 1.665674
2.579000 1.665817
2.580000 1.665961
2.581000 1.666104
2.582000 1.666248
2.583000 1.666391
2.584000 1.666534
2.585000 1.666677
2.586000 1.666820
2.587000 1.666963
2.588000 1.667107
2.589000 1.667249
2.590000 1.667392
2.591000 1.667535
2.592000 1.667678
2.593000 1.667821
2.594000 1.667963
2.595000 1.668106
2.596000 1.668249
2.597000 1.668391
2.598000 1.668534
2.599000 1.668676
2.600000 1.668819
2.601000 1.668961
2.602000 1.669103
2.603000 1.669245
2.604000 1.669387
2.605000 1.669530
2.606000 1.669672
2.607000 1.669814
2.608000 1.669956
2.609000 1.670098
2.610000 1.670239
2.611000 1.670381
2.612000 1.670523
2.613000 1.670665
2.614000 1.670806
2.615000 1.670948
2.616000 1.671089
2.617000 1.671231
2.618000 1.671372
2.619000 1.671514
2.620000 1.671655
2.621000 1.671796
2.622000 1.671937
2.623000 1.672078
2.624000 1.672220
2.625000 1.672361
2.626000 1.672502
2.627000 1.672643
2.628000 1.672783
2.629000 1.672924
2.630000 1.673065
2.631000 1.673206
2.632000 1.673347
2.633000 1.673487
2.634000 1.673628
2.635000 1.673768
2.636000 1.673909
2.637000 1.674049
2.638000 1.674190
2.639000 1.674330
2.640000 1.674470
2.641000 1.674610
2.642000 1.674751
2.643000 1.674891
2.644000 1.675031
2.645000 1.675171
2.646000 1.675311
2.647000 1.675451
2.648000 1.675590
2.649000 1.675730
2.650000 1.675870
2.651000 1.676010
2.652000 1.676149
2.653000 1.676289
2.654000 1.676428
2.655000 1.676568
2.656000 1.676707
2.657000 1.676847
2.658000 1.676986
2.659000 1.677125
2.660000 1.677265
2.661000 1.677404
2.662000 1.677543
2.663000 1.677682
2.664000 1.677821
2.665000 1.677960
2.666000 1.678099
2.667000 1.678238
2.668000 1.678377
2.669000 1.678515
2.670000 1.678654
2.671000 1.678793
2.672000 1.678931
2.673000 1.679070
2.674000 1.679208
2.675000 1.679347
2.676000 1.679485
2.677000 1.679624
2.678000 1.679762
2.679000 1.679900
2.680000 1.680038
2.681000 1.680177
2.682000 1.680315
2.683000 1.680453
2.684000 1.680591
2.685000 1.680729
2.686000 1.680867
2.687000 1.681004
2.688000 1.681142
2.689000 1.681280
2.690000 1.681418
2.691000 1.681555
2.692000 1.681693
2.693000 1.681830
2.694000 1.681968
2.695000 1.682105
2.696000 1.682243
2.697000 1.682380
2.698000 1.682517
2.699000 1.682655
2.700000 1.682792
2.701000 1.682929
2.702000 1.683066
2.703000 1.683203
2.704000 1.683340
2.705000 1.683477
2.706000 1.683614
2.707000 1.683751
2.708000 1.683887
2.709000 1.684024
2.710000 1.684161
2.711000 1.684298
2.712000 1.684434
2.713000 1.684571
2.714000 1.684707
2.715000 1.684844
2.716000 1.684980
2.717000 1.685116
2.718000 1.685253
2.719000 1.685389
2.720000 1.685525
2.721000 1.685661
2.722000 1.685797
2.723000 1.685933
2.724000 1.686069
2.725000 1.686205
2.726000 1.686341
2.727000 1.686477
2.728000 1.686613
2.729000 1.686748
2.730000 1.686884
2.731000 1.687020
2.732000 1.687155
2.733000 1.687291
2.734000 1.687426
2.735000 1.687562
2.736000 1.687697
2.737000 1.687833
2.738000 1.687968
2.739000 1.688103
2.740000 1.688238
2.741000 1.688373
2.742000 1.688509
2.743000 1.688644
2.744000 1.688779
2.745000 1.688914
2.746000 1.689048
2.747000 1.689183
2.748000 1.689318
2.749000 1.689453
2.750000 1.689588
2.751000 1.689722
2.752000 1.689857
2.753000 1.689991
2.754000 1.690126
2.755000 1.690260
2.756000 1.690395
2.757000 1.690529
2.758000 1.690663
2.759000 1.690798
2.760000 1.690932
2.761000 1.691066
2.762000 1.691200
2.763000 1.691334
2.764000 1.691468
2.765000 1.691602
2.766000 1.691736
2.767000 1.691870
2.768000 1.692004
2.769000 1.692138
2.770000 1.692271
2.771000 1.692405
2.772000 1.692539
2.773000 1.692672
2.774000 1.692806
2.775000 1.692939
2.776000 1.693073
2.777000 1.693206
2.778000 1.693339
2.779000 1.693473
2.780000 1.693606
2.781000 1.693739
2.782000 1.693872
2.783000 1.694005
2.784000 1.694138
2.785000 1.694271
2.786000 1.694404
2.787000 1.694537
2.788000 1.694670
2.789000 1.694803
2.790000 1.694936
2.791000 1.695068
2.792000 1.695201
2.793000 1.695334
2.794000 1.695466
2.795000 1.695599
2.796000 1.695731
2.797000 1.695864
2.798000 1.695996
2.799000 1.696128
2.800000 1.696261
2.801000 1.696393
2.802000 1.696525
2.803000 1.696657
2.804000 1.696789
2.805000 1.696921
2.806000 1.697053
2.807000 1.697185
2.808000 1.697317
2.809000 1.697449
2.810000 1.697581
2.811000 1.697713
2.812000 1.697844
2.813000 1.697976
2.814000 1.698108
2.815000 1.698239
2.816000 1.698371
2.817000 1.698502
2.818000 1.698634
2.819000 1.698765
2.820000 1.698896
2.821000 1.699028
2.822000 1.699159
2.823000 1.699290
2.824000 1.699421
2.825000 1.699552
2.826000 1.699683
2.827000 1.699814
2.828000 1.699945
2.829000 1.700076
2.830000 1.700207
2.831000 1.700338
2.832000 1.700469
2.833000 1.700599
2.834000 1.700730
2.835000 1.700861
2.836000 1.700991
2.837000 1.701122
2.838000 1.701252
2.839000 1.701383
2.840000 1.701513
2.841000 1.701643
2.842000 1.701774
2.843000 1.701904
2.844000 1.702034
2.845000 1.702164
2.846000 1.702294
2.847000 1.702424
2.848000 1.702554
2.849000 1.702684
2.850000 1.702814
2.851000 1.702944
2.852000 1.703074
2.853000 1.703204
2.854000 1.703334
2.855000 1.703463
2.856000 1.703593
2.857000 1.703722
2.858000 1.703852
2.859000 1.703981
2.860000 1.704111
2.861000 1.704240
2.862000 1.704370
2.863000 1.704499
2.864000 1.704628
2.865000 1.704758
2.866000 1.704887
2.867000 1.705016
2.868000 1.705145
2.869000 1.705274
2.870000 1.705403
2.871000 1.705532
2.872000 1.705661
2.873000 1.705790
2.874000 1.705919
2.875000 1.706047
2.876000 1.706176
2.877000 1.706305
2.878000 1.706433
2.879000 1.706562
2.880000 1.706690
2.881000 1.706819
2.882000 1.706947
2.883000 1.707076
2.884000 1.707204
2.885000 1.707332
2.886000 1.707461
2.887000 1.707589
2.888000 1.707717
2.889000 1.707845
2.890000 1.707973
2.891000 1.708101
2.892000 1.708229
2.893000 1.708357
2.894000 1.708485
2.895000 1.708613
2.896000 1.708741
2.897000 1.708869
2.898000 1.708996
2.899000 1.709124
2.900000 1.709252
2.901000 1.709379
2.902000 1.709507
2.903000 1.709634
2.904000 1.709762
2.905000 1.709889
2.906000 1.710016
2.907000 1.710144
2.908000 1.710271
2.909000 1.710398
2.910000 1.710525
2.911000 1.710653
2.912000 1.710780
2.913000 1.710907
2.914000 1.711034
2.915000 1.711161
2.916000 1.711288
2.917000 1.711414
2.918000 1.711541
2.919000 1.711668
2.920000 1.711795
2.921000 1.711921
2.922000 1.712048
2.923000 1.712175
2.924000 1.712301
2.925000 1.712428
2.926000 1.712554
2.927000 1.712681
2.928000 1.712807
2.929000 1.712933
2.930000 1.713060
2.931000 1.713186
2.932000 1.713312
2.933000 1.713438
2.934000 1.713564
2.935000 1.713690
2.936000 1.713816
2.937000 1.713942
2.938000 1.714068
2.939000 1.714194
2.940000 1.714320
2.941000 1.714446
2.942000 1.714571
2.943000 1.714697
2.944000 1.714823
2.945000 1.714948
2.946000 1.715074
2.947000 1.715200
2.948000 1.715325
2.949000 1.715450
2.950000 1.715576
2.951000 1.715701
2.952000 1.715826
2.953000 1.715952
2.954000 1.716077
2.955000 1.716202
2.956000 1.716327
2.957000 1.716452
2.958000 1.716577
2.959000 1.716702
2.960000 1.716827
2.961000 1.716952
2.962000 1.717077
2.963000 1.717202
2.964000 1.717327
2.965000 1.717451
2.966000 1.717576
2.967000 1.717701
2.968000 1.717825
2.969000 1.717950
2.970000 1.718074
2.971000 1.718199
2.972000 1.718323
2.973000 1.718448
2.974000 1.718572
2.975000 1.718696
2.976000 1.718821
2.977000 1.718945
2.978000 1.719069
2.979000 1.719193
2.980000 1.719317
2.981000 1.719441
2.982000 1.719565
2.983000 1.719689
2.984000 1.719813
2.985000 1.719937
2.986000 1.720061
2.987000 1.720185
2.988000 1.720308
2.989000 1.720432
2.990000 1.720556
2.991000 1.720679
2.992000 1.720803
2.993000 1.720926
2.994000 1.721050
2.995000 1.721173
2.996000 1.721297
2.997000 1.721420
2.998000 1.721543
2.999000 1.721666
3.000000 1.721790
3.001000 1.721913
3.002000 1.722036
3.003000 1.722159
3.004000 1.722282
3.005000 1.722405
3.006000 1.722528
3.007000 1.722651
3.008000 1.722774
3.009000 1.722897
3.010000 1.723019
3.011000 1.723142
3.012000 1.723265
3.013000 1.723388
3.014000 1.723510
3.015000 1.723633
3.016000 1.723755
3.017000 1.723878
3.018000 1.724000
3.019000 1.724123
3.020000 1.724245
3.021000 1.724367
3.022000 1.724490
3.023000 1.724612
3.024000 1.724734
3.025000 1.724856
3.026000 1.724978
3.027000 1.725100
3.028000 1.725222
3.029000 1.725344
3.030000 1.725466
3.031000 1.725588
3.032000 1.725710
3.033000 1.725832
3.034000 1.725954
3.035000 1.726075
3.036000 1.726197
3.037000 1.726319
3.038000 1.726440
3.039000 1.726562
3.040000 1.726683
3.041000 1.726805
3.042000 1.726926
3.043000 1.727048
3.044000 1.727169
3.045000 1.727290
3.046000 1.727411
3.047000 1.727533
3.048000 1.727654
3.049000 1.727775
3.050000 1.727896
3.051000 1.728017
3.052000 1.728138
3.053000 1.728259
3.054000 1.728380
3.055000 1.728501
3.056000 1.728622
3.057000 1.728743
3.058000 1.728863
3.059000 1.728984
3.060000 1.729105
3.061000 1.729225
3.062000 1.729346
3.063000 1.729467
3.064000 1.729587
3.065000 1.729707
3.066000 1.729828
3.067000 1.729948
3.068000 1.730069
3.069000 1.730189
3.070000 1.730309
3.071000 1.730429
3.072000 1.730550
3.073000 1.730670
3.074000 1.730790
3.075000 1.730910
3.076000 1.731030
3.077000 1.731150
3.078000 1.731270
3.079000 1.731390
3.080000 1.731510
3.081000 1.731629
3.082000 1.731749
3.083000 1.731869
3.084000 1.731988
3.085000 1.732108
3.086000 1.732228
3.087000 1.732347
3.088000 1.732467
3.089000 1.732586
3.090000 1.732706
3.091000 1.732825
3.092000 1.732944
3.093000 1.733064
3.094000 1.733183
3.095000 1.733302
3.096000 1.733421
3.097000 1.733541
3.098000 1.733660
3.099000 1.733779
3.100000 1.733898
3.101000 1.734017
3.102000 1.734136
3.103000 1.734255
3.104000 1.734374
3.105000 1.734492
3.106000 1.734611
3.107000 1.734730
3.108000 1.734849
3.109000 1.734967
3.110000 1.735086
3.111000 1.735204
3.112000 1.735323
3.113000 1.735441
3.114000 1.735560
3.115000 1.735678
3.116000 1.735797
3.117000 1.735915
3.118000 1.736033
3.119000 1.736152
3.120000 1.736270
3.121000 1.736388
3.122000 1.736506
3.123000 1.736624
3.124000 1.736742
3.125000 1.736860
3.126000 1.736978
3.127000 1.737096
3.128000 1.737214
3.129000 1.737332
3.130000 1.737450
3.131000 1.737567
3.132000 1.737685
3.133000 1.737803
3.134000 1.737921
3.135000 1.738038
3.136000 1.738156
3.137000 1.738273
3.138000 1.738391
3.139000 1.738508
3.140000 1.738626
3.141000 1.738743
3.142000 1.738860
3.143000 1.738978
3.144000 1.739095
3.145000 1.739212
3.146000 1.739329
3.147000 1.739446
3.148000 1.739563
3.149000 1.739680
3.150000 1.739797
3.151000 1.739914
3.152000 1.740031
3.153000 1.740148
3.154000 1.740265
3.155000 1.740382
3.156000 1.740499
3.157000 1.740615
3.158000 1.740732
3.159000 1.740849
3.160000 1.740965
3.161000 1.741082
3.162000 1.741198
3.163000 1.741315
3.164000 1.741431
3.165000 1.741548
3.166000 1.741664
3.167000 1.741781
3.168000 1.741897
3.169000 1.742013
3.170000 1.742129
3.171000 1.742245
3.172000 1.742362
3.173000 1.742478
3.174000 1.742594
3.175000 1.742710
3.176000 1.742826
3.177000 1.742942
3.178000 1.743058
3.179000 1.743173
3.180000 1.743289
3.181000 1.743405
3.182000 1.743521
3.183000 1.743637
3.184000 1.743752
3.185000 1.743868
3.186000 1.743983
3.187000 1.744099
3.188000 1.744215
3.189000 1.744330
3.190000 1.744445
3.191000 1.744561
3.192000 1.744676
3.193000 1.744791
3.194000 1.744907
3.195000 1.745022
3.196000 1.745137
3.197000 1.745252
3.198000 1.745367
3.199000 1.745483
3.200000 1.745598
3.201000 1.745713
3.202000 1.745828
3.203000 1.745942
3.204000 1.746057
3.205000 1.746172
3.206000 1.746287
3.207000 1.746402
3.208000 1.746517
3.209000 1.746631
3.210000 1.746746
3.211000 1.746861
3.212000 1.746975
3.213000 1.747090
3.214000 1.747204
3.215000 1.747319
3.216000 1.747433
3.217000 1.747547
3.218000 1.747662
3.219000 1.747776
3.220000 1.747890
3.221000 1.748005
3.222000 1.748119
3.223000 1.748233
3.224000 1.748347
3.225000 1.748461
3.226000 1.748575
3.227000 1.748689
3.228000 1.748803
3.229000 1.748917
3.230000 1.749031
3.231000 1.749145
3.232000 1.749259
3.233000 1.749372
3.234000 1.749486
3.235000 1.749600
3.236000 1.749713
3.237000 1.749827
3.238000 1.749941
3.239000 1.750054
3.240000 1.750168
3.241000 1.750281
3.242000 1.750395
3.243000 1.750508
3.244000 1.750621
3.245000 1.750735
3.246000 1.750848
3.247000 1.750961
3.248000 1.751074
3.249000 1.751188
3.250000 1.751301
3.251000 1.751414
3.252000 1.751527
3.253000 1.751640
3.254000 1.751753
3.255000 1.751866
3.256000 1.751979
3.257000 1.752092
3.258000 1.752204
3.259000 1.752317
3.260000 1.752430
3.261000 1.752543
3.262000 1.752655
3.263000 1.752768
3.264000 1.752881
3.265000 1.752993
3.266000 1.753106
3.267000 1.753218
3.268000 1.753331
3.269000 1.753443
3.270000 1.753555
3.271000 1.753668
3.272000 1.753780
3.273000 1.753892
3.274000 1.754004
3.275000 1.754117
3.276000 1.754229
3.277000 1.754341
3.278000 1.754453
3.279000 1.754565
3.280000 1.754677
3.281000 1.754789
3.282000 1.754901
3.283000 1.755013
3.284000 1.755125
3.285000 1.755236
3.286000 1.755348
3.287000 1.755460
3.288000 1.755572
3.289000 1.755683
3.290000 1.755795
3.291000 1.755907
3.292000 1.756018
3.293000 1.756130
3.294000 1.756241
3.295000 1.756353
3.296000 1.756464
3.297000 1.756575
3.298000 1.756687
3.299000 1.756798
3.300000 1.756909
3.301000 1.757020
3.302000 1.757132
3.303000 1.757243
3.304000 1.757354
3.305000 1.757465
3.306000 1.757576
3.307000 1.757687
3.308000 1.757798
3.309000 1.757909
3.310000 1.758020
3.311000 1.758131
3.312000 1.758241
3.313000 1.758352
3.314000 1.758463
3.315000 1.758574
3.316000 1.758684
3.317000 1.758795
3.318000 1.758906
3.319000 1.759016
3.320000 1.759127
3.321000 1.759237
3.322000 1.759348
3.323000 1.759458
3.324000 1.759568
3.325000 1.759679
3.326000 1.759789
3.327000 1.759899
3.328000 1.760010
3.329000 1.760120
3.330000 1.760230
3.331000 1.760340
3.332000 1.760450
3.333000 1.760560
3.334000 1.760670
3.335000 1.760780
3.336000 1.760890
3.337000 1.761000
3.338000 1.761110
3.339000 1.761220
3.340000 1.761330
3.341000 1.761439
3.342000 1.761549
3.343000 1.761659
3.344000 1.761768
3.345000 1.761878
3.346000 1.761988
3.347000 1.762097
3.348000 1.762207
3.349000 1.762316
3.350000 1.762425
3.351000 1.762535
3.352000 1.762644
3.353000 1.762754
3.354000 1.762863
3.355000 1.762972
3.356000 1.763081
3.357000 1.763191
3.358000 1.763300
3.359000 1.763409
3.360000 1.763518
3.361000 1.763627
3.362000 1.763736
3.363000 1.763845
3.364000 1.763954
3.365000 1.764063
3.366000 1.764172
3.367000 1.764280
3.368000 1.764389
3.369000 1.764498
3.370000 1.764607
3.371000 1.764715
3.372000 1.764824
3.373000 1.764933
3.374000 1.765041
3.375000 1.765150
3.376000 1.765258
3.377000 1.765367
3.378000 1.765475
3.379000 1.765583
3.380000 1.765692
3.381000 1.765800
3.382000 1.765908
3.383000 1.766017
3.384000 1.766125
3.385000 1.766233
3.386000 1.766341
3.387000 1.766449
3.388000 1.766557
3.389000 1.766666
3.390000 1.766774
3.391000 1.766881
3.392000 1.766989
3.393000 1.767097
3.394000 1.767205
3.395000 1.767313
3.396000 1.767421
3.397000 1.767529
3.398000 1.767636
3.399000 1.767744
3.400000 1.767852
3.401000 1.767959
3.402000 1.768067
3.403000 1.768174
3.404000 1.768282
3.405000 1.768389
3.406000 1.768497
3.407000 1.768604
3.408000 1.768712
3.409000 1.768819
3.410000 1.768926
3.411000 1.769034
3.412000 1.769141
3.413000 1.769248
3.414000 1.769355
3.415000 1.769462
3.416000 1.769569
3.417000 1.769676
3.418000 1.769783
3.419000 1.769890
3.420000 1.769997
3.421000 1.770104
3.422000 1.770211
3.423000 1.770318
3.424000 1.770425
3.425000 1.770532
3.426000 1.770638
3.427000 1.770745
3.428000 1.770852
3.429000 1.770958
3.430000 1.771065
3.431000 1.771172
3.432000 1.771278
3.433000 1.771385
3.434000 1.771491
3.435000 1.771598
3.436000 1.771704
3.437000 1.771810
3.438000 1.771917
3.439000 1.772023
3.440000 1.772129
3.441000 1.772235
3.442000 1.772342
3.443000 1.772448
3.444000 1.772554
3.445000 1.772660
3.446000 1.772766
3.447000 1.772872
3.448000 1.772978
3.449000 1.773084
3.450000 1.773190
3.451000 1.773296
3.452000 1.773402
3.453000 1.773508
3.454000 1.773613
3.455000 1.773719
3.456000 1.773825
3.457000 1.773930
3.458000 1.774036
3.459000 1.774142
3.460000 1.774247
3.461000 1.774353
3.462000 1.774458
3.463000 1.774564
3.464000 1.774669
3.465000 1.774775
3.466000 1.774880
3.467000 1.774985
3.468000 1.775091
3.469000 1.775196
3.470000 1.775301
3.471000 1.775406
3.472000 1.775512
3.473000 1.775617
3.474000 1.775722
3.475000 1.775827
3.476000 1.775932
3.477000 1.776037
3.478000 1.776142
3.479000 1.776247
3.480000 1.776352
3.481000 1.776456
3.482000 1.776561
3.483000 1.776666
3.484000 1.776771
3.485000 1.776876
3.486000 1.776980
3.487000 1.777085
3.488000 1.777190
3.489000 1.777294
3.490000 1.777399
3.491000 1.777503
3.492000 1.777608
3.493000 1.777712
3.494000 1.777817
3.495000 1.777921
3.496000 1.778025
3.497000 1.778130
3.498000 1.778234
3.499000 1.778338
3.500000 1.778442
3.501000 1.778547
3.502000 1.778651
3.503000 1.778755
3.504000 1.778859
3.505000 1.778963
3.506000 1.779067
3.507000 1.779171
3.508000 1.779275
3.509000 1.779379
3.510000 1.779483
3.511000 1.779587
3.512000 1.779691
3.513000 1.779794
3.514000 1.779898
3.515000 1.780002
3.516000 1.780106
3.517000 1.780209
3.518000 1.780313
3.519000 1.780416
3.520000 1.780520
3.521000 1.780623
3.522000 1.780727
3.523000 1.780830
3.524000 1.780934
3.525000 1.781037
3.526000 1.781141
3.527000 1.781244
3.528000 1.781347
3.529000 1.781450
3.530000 1.781554
3.531000 1.781657
3.532000 1.781760
3.533000 1.781863
3.534000 1.781966
3.535000 1.782069
3.536000 1.782172
3.537000 1.782275
3.538000 1.782378
3.539000 1.782481
3.540000 1.782584
3.541000 1.782687
3.542000 1.782790
3.543000 1.782893
3.544000 1.782995
3.545000 1.783098
3.546000 1.783201
3.547000 1.783303
3.548000 1.783406
3.549000 1.783509
3.550000 1.783611
3.551000 1.783714
3.552000 1.783816
3.553000 1.783919
3.554000 1.784021
3.555000 1.784124
3.556000 1.784226
3.557000 1.784328
3.558000 1.784431
3.559000 1.784533
3.560000 1.784635
3.561000 1.784737
3.562000 1.784840
3.563000 1.784942
3.564000 1.785044
3.565000 1.785146
3.566000 1.785248
3.567000 1.785350
3.568000 1.785452
3.569000 1.785554
3.570000 1.785656
3.571000 1.785758
3.572000 1.785860
3.573000 1.785961
3.574000 1.786063
3.575000 1.786165
3.576000 1.786267
3.577000 1.786368
3.578000 1.786470
3.579000 1.786572
3.580000 1.786673
3.581000 1.786775
3.582000 1.786876
3.583000 1.786978
3.584000 1.787079
3.585000 1.787181
3.586000 1.787282
3.587000 1.787383
3.588000 1.787485
3.589000 1.787586
3.590000 1.787687
3.591000 1.787789
3.592000 1.787890
3.593000 1.787991
3.594000 1.788092
3.595000 1.788193
3.596000 1.788294
3.597000 1.788395
3.598000 1.788496
3.599000 1.788597
3.600000 1.788698
3.601000 1.788799
3.602000 1.788900
3.603000 1.789001
3.604000 1.789102
3.605000 1.789203
3.606000 1.789303
3.607000 1.789404
3.608000 1.789505
3.609000 1.789605
3.610000 1.789706
3.611000 1.789807
3.612000 1.789907
3.613000 1.790008
3.614000 1.790108
3.615000 1.790209
3.616000 1.790309
3.617000 1.790410
3.618000 1.790510
3.619000 1.790610
3.620000 1.790711
3.621000 1.790811
3.622000 1.790911
3.623000 1.791011
3.624000 1.791112
3.625000 1.791212
3.626000 1.791312
3.627000 1.791412
3.628000 1.791512
3.629000 1.791612
3.630000 1.791712
3.631000 1.791812
3.632000 1.791912
3.633000 1.792012
3.634000 1.792112
3.635000 1.792212
3.636000 1.792311
3.637000 1.792411
3.638000 1.792511
3.639000 1.792611
3.640000 1.792710
3.641000 1.792810
3.642000 1.792910
3.643000 1.793009
3.644000 1.793109
3.645000 1.793208
3.646000 1.793308
3.647000 1.793407
3.648000 1.793507
3.649000 1.793606
3.650000 1.793706
3.651000 1.793805
3.652000 1.793904
3.653000 1.794004
3.654000 1.794103
3.655000 1.794202
3.656000 1.794301
3.657000 1.794400
3.658000 1.794499
3.659000 1.794599
3.660000 1.794698
3.661000 1.794797
3.662000 1.794896
3.663000 1.794995
3.664000 1.795094
3.665000 1.795192
3.666000 1.795291
3.667000 1.795390
3.668000 1.795489
3.669000 1.795588
3.670000 1.795687
3.671000 1.795785
3.672000 1.795884
3.673000 1.795983
3.674000 1.796081
3.675000 1.796180
3.676000 1.796278
3.677000 1.796377
3.678000 1.796475
3.679000 1.796574
3.680000 1.796672
3.681000 1.796771
3.682000 1.796869
3.683000 1.796968
3.684000 1.797066
3.685000 1.797164
3.686000 1.797262
3.687000 1.797361
3.688000 1.797459
3.689000 1.797557
3.690000 1.797655
3.691000 1.797753
3.692000 1.797851
3.693000 1.797949
3.694000 1.798047
3.695000 1.798145
3.696000 1.798243
3.697000 1.798341
3.698000 1.798439
3.699000 1.798537
3.700000 1.798635
3.701000 1.798733
3.702000 1.798830
3.703000 1.798928
3.704000 1.799026
3.705000 1.799124
3.706000 1.799221
3.707000 1.799319
3.708000 1.799416
3.709000 1.799514
3.710000 1.799611
3.711000 1.799709
3.712000 1.799806
3.713000 1.799904
3.714000 1.800001
3.715000 1.800099
3.716000 1.800196
3.717000 1.800293
3.718000 1.800391
3.719000 1.800488
3.720000 1.800585
3.721000 1.800682
3.722000 1.800779
3.723000 1.800877
3.724000 1.800974
3.725000 1.801071
3.726000 1.801168
3.727000 1.801265
3.728000 1.801362
3.729000 1.801459
3.730000 1.801556
3.731000 1.801653
3.732000 1.801749
3.733000 1.801846
3.734000 1.801943
3.735000 1.802040
3.736000 1.802137
3.737000 1.802233
3.738000 1.802330
3.739000 1.802427
3.740000 1.802523
3.741000 1.802620
3.742000 1.802716
3.743000 1.802813
3.744000 1.802909
3.745000 1.803006
3.746000 1.803102
3.747000 1.803199
3.748000 1.803295
3.749000 1.803392
3.750000 1.803488
3.751000 1.803584
3.752000 1.803680
3.753000 1.803777
3.754000 1.803873
3.755000 1.803969
3.756000 1.804065
3.757000 1.804161
3.758000 1.804257
3.759000 1.804353
3.760000 1.804450
3.761000 1.804546
3.762000 1.804641
3.763000 1.804737
3.764000 1.804833
3.765000 1.804929
3.766000 1.805025
3.767000 1.805121
3.768000 1.805217
3.769000 1.805312
3.770000 1.805408
3.771000 1.805504
3.772000 1.805600
3.773000 1.805695
3.774000 1.805791
3.775000 1.805886
3.776000 1.805982
3.777000 1.806077
3.778000 1.806173
3.779000 1.806268
3.780000 1.806364
3.781000 1.806459
3.782000 1.806555
3.783000 1.806650
3.784000 1.806745
3.785000 1.806841
3.786000 1.806936
3.787000 1.807031
3.788000 1.807126
3.789000 1.807222
3.790000 1.807317
3.791000 1.807412
3.792000 1.807507
3.793000 1.807602
3.794000 1.807697
3.795000 1.807792
3.796000 1.807887
3.797000 1.807982
3.798000 1.808077
3.799000 1.808172
3.800000 1.808267
3.801000 1.808361
3.802000 1.808456
3.803000 1.808551
3.804000 1.808646
3.805000 1.808740
3.806000 1.808835
3.807000 1.808930
3.808000 1.809024
3.809000 1.809119
3.810000 1.809213
3.811000 1.809308
3.812000 1.809403
3.813000 1.809497
3.814000 1.809591
3.815000 1.809686
3.816000 1.809780
3.817000 1.809875
3.818000 1.809969
3.819000 1.810063
3.820000 1.810158
3.821000 1.810252
3.822000 1.810346
3.823000 1.810440
3.824000 1.810534
3.825000 1.810628
3.826000 1.810723
3.827000 1.810817
3.828000 1.810911
3.829000 1.811005
3.830000 1.811099
3.831000 1.811193
3.832000 1.811287
3.833000 1.811380
3.834000 1.811474
3.835000 1.811568
3.836000 1.811662
3.837000 1.811756
3.838000 1.811850
3.839000 1.811943
3.840000 1.812037
3.841000 1.812131
3.842000 1.812224
3.843000 1.812318
3.844000 1.812412
3.845000 1.812505
3.846000 1.812599
3.847000 1.812692
3.848000 1.812786
3.849000 1.812879
3.850000 1.812972
3.851000 1.813066
3.852000 1.813159
3.853000 1.813253
3.854000 1.813346
3.855000 1.813439
3.856000 1.813532
3.857000 1.813626
3.858000 1.813719
3.859000 1.813812
3.860000 1.813905
3.861000 1.813998
3.862000 1.814091
3.863000 1.814184
3.864000 1.814277
3.865000 1.814370
3.866000 1.814463
3.867000 1.814556
3.868000 1.814649
3.869000 1.814742
3.870000 1.814835
3.871000 1.814928
3.872000 1.815020
3.873000 1.815113
3.874000 1.815206
3.875000 1.815299
3.876000 1.815391
3.877000 1.815484
3.878000 1.815577
3.879000 1.815669
3.880000 1.815762
3.881000 1.815854
3.882000 1.815947
3.883000 1.816039
3.884000 1.816132
3.885000 1.816224
3.886000 1.816317
3.887000 1.816409
3.888000 1.816501
3.889000 1.816594
3.890000 1.816686
3.891000 1.816778
3.892000 1.816870
3.893000 1.816963
3.894000 1.817055
3.895000 1.817147
3.896000 1.817239
3.897000 1.817331
3.898000 1.817423
3.899000 1.817515
3.900000 1.817607
3.901000 1.817699
3.902000 1.817791
3.903000 1.817883
3.904000 1.817975
3.905000 1.818067
3.906000 1.818159
3.907000 1.818251
3.908000 1.818342
3.909000 1.818434
3.910000 1.818526
3.911000 1.818617
3.912000 1.818709
3.913000 1.818801
3.914000 1.818892
3.915000 1.818984
3.916000 1.819076
3.917000 1.819167
3.918000 1.819259
3.919000 1.819350
3.920000 1.819442
3.921000 1.819533
3.922000 1.819624
3.923000 1.819716
3.924000 1.819807
3.925000 1.819898
3.926000 1.819990
3.927000 1.820081
3.928000 1.820172
3.929000 1.820263
3.930000 1.820355
3.931000 1.820446
3.932000 1.820537
3.933000 1.820628
3.934000 1.820719
3.935000 1.820810
3.936000 1.820901
3.937000 1.820992
3.938000 1.821083
3.939000 1.821174
3.940000 1.821265
3.941000 1.821356
3.942000 1.821447
3.943000 1.821537
3.944000 1.821628
3.945000 1.821719
3.946000 1.821810
3.947000 1.821901
3.948000 1.821991
3.949000 1.822082
3.950000 1.822173
3.951000 1.822263
3.952000 1.822354
3.953000 1.822444
3.954000 1.822535
3.955000 1.822625
3.956000 1.822716
3.957000 1.822806
3.958000 1.822897
3.959000 1.822987
3.960000 1.823077
3.961000 1.823168
3.962000 1.823258
3.963000 1.823348
3.964000 1.823439
3.965000 1.823529
3.966000 1.823619
3.967000 1.823709
3.968000 1.823799
3.969000 1.823889
3.970000 1.823980
3.971000 1.824070
3.972000 1.824160
3.973000 1.824250
3.974000 1.824340
3.975000 1.824430
3.976000 1.824520
3.977000 1.824609
3.978000 1.824699
3.979000 1.824789
3.980000 1.824879
3.981000 1.824969
3.982000 1.825059
3.983000 1.825148
3.984000 1.825238
3.985000 1.825328
3.986000 1.825417
3.987000 1.825507
3.988000 1.825597
3.989000 1.825686
3.990000 1.825776
3.991000 1.825865
3.992000 1.825955
3.993000 1.826044
3.994000 1.826134
3.995000 1.826223
3.996000 1.826313
3.997000 1.826402
3.998000 1.826491
3.999000 1.826581
4.000000 1.826670
4.001000 1.826759
4.002000 1.826848
4.003000 1.826938
4.004000 1.827027
4.005000 1.827116
4.006000 1.827205
4.007000 1.827294
4.008000 1.827383
4.009000 1.827472
4.010000 1.827561
4.011000 1.827650
4.012000 1.827739
4.013000 1.827828
4.014000 1.827917
4.015000 1.828006
4.016000 1.828095
4.017000 1.828184
4.018000 1.828273
4.019000 1.828361
4.020000 1.828450
4.021000 1.828539
4.022000 1.828628
4.023000 1.828716
4.024000 1.828805
4.025000 1.828893
4.026000 1.828982
4.027000 1.829071
4.028000 1.829159
4.029000 1.829248
4.030000 1.829336
4.031000 1.829425
4.032000 1.829513
4.033000 1.829602
4.034000 1.829690
4.035000 1.829778
4.036000 1.829867
4.037000 1.829955
4.038000 1.830043
4.039000 1.830132
4.040000 1.830220
4.041000 1.830308
4.042000 1.830396
4.043000 1.830484
4.044000 1.830572
4.045000 1.830661
4.046000 1.830749
4.047000 1.830837
4.048000 1.830925
4.049000 1.831013
4.050000 1.831101
4.051000 1.831189
4.052000 1.831277
4.053000 1.831364
4.054000 1.831452
4.055000 1.831540
4.056000 1.831628
4.057000 1.831716
4.058000 1.831804
4.059000 1.831891
4.060000 1.831979
4.061000 1.832067
4.062000 1.832154
4.063000 1.832242
4.064000 1.832330
4.065000 1.832417
4.066000 1.832505
4.067000 1.832592
4.068000 1.832680
4.069000 1.832767
4.070000 1.832855
4.071000 1.832942
4.072000 1.833030
4.073000 1.833117
4.074000 1.833204
4.075000 1.833292
4.076000 1.833379
4.077000 1.833466
4.078000 1.833554
4.079000 1.833641
4.080000 1.833728
4.081000 1.833815
4.082000 1.833902
4.083000 1.833989
4.084000 1.834076
4.085000 1.834164
4.086000 1.834251
4.087000 1.834338
4.088000 1.834425
4.089000 1.834512
4.090000 1.834599
4.091000 1.834685
4.092000 1.834772
4.093000 1.834859
4.094000 1.834946
4.095000 1.835033
4.096000 1.835120
4.097000 1.835206
4.098000 1.835293
4.099000 1.835380
4.100000 1.835467
4.101000 1.835553
4.102000 1.835640
4.103000 1.835726
4.104000 1.835813
4.105000 1.835900
4.106000 1.835986
4.107000 1.836073
4.108000 1.836159
4.109000 1.836246
4.110000 1.836332
4.111000 1.836418
4.112000 1.836505
4.113000 1.836591
4.114000 1.836678
4.115000 1.836764
4.116000 1.836850
4.117000 1.836936
4.118000 1.837023
4.119000 1.837109
4.120000 1.837195
4.121000 1.837281
4.122000 1.837367
4.123000 1.837453
4.124000 1.837540
4.125000 1.837626
4.126000 1.837712
4.127000 1.837798
4.128000 1.837884
4.129000 1.837970
4.130000 1.838055
4.131000 1.838141
4.132000 1.838227
4.133000 1.838313
4.134000 1.838399
4.135000 1.838485
4.136000 1.838571
4.137000 1.838656
4.138000 1.838742
4.139000 1.838828
4.140000 1.838913
4.141000 1.838999
4.142000 1.839085
4.143000 1.839170
4.144000 1.839256
4.145000 1.839341
4.146000 1.839427
4.147000 1.839512
4.148000 1.839598
4.149000 1.839683
4.150000 1.839769
4.151000 1.839854
4.152000 1.839940
4.153000 1.840025
4.154000 1.840110
4.155000 1.840196
4.156000 1.840281
4.157000 1.840366
4.158000 1.840451
4.159000 1.840537
4.160000 1.840622
4.161000 1.840707
4.162000 1.840792
4.163000 1.840877
4.164000 1.840962
4.165000 1.841047
4.166000 1.841132
4.167000 1.841217
4.168000 1.841302
4.169000 1.841387
4.170000 1.841472
4.171000 1.841557
4.172000 1.841642
4.173000 1.841727
4.174000 1.841812
4.175000 1.841897
4.176000 1.841981
4.177000 1.842066
4.178000 1.842151
4.179000 1.842236
4.180000 1.842320
4.181000 1.842405
4.182000 1.842490
4.183000 1.842574
4.184000 1.842659
4.185000 1.842743
4.186000 1.842828
4.187000 1.842912
4.188000 1.842997
4.189000 1.843081
4.190000 1.843166
4.191000 1.843250
4.192000 1.843335
4.193000 1.843419
4.194000 1.843503
4.195000 1.843588
4.196000 1.843672
4.197000 1.843756
4.198000 1.843841
4.199000 1.843925
4.200000 1.844009
4.201000 1.844093
4.202000 1.844177
4.203000 1.844261
4.204000 1.844345
4.205000 1.844430
4.206000 1.844514
4.207000 1.844598
4.208000 1.844682
4.209000 1.844766
4.210000 1.844850
4.211000 1.844934
4.212000 1.845017
4.213000 1.845101
4.214000 1.845185
4.215000 1.845269
4.216000 1.845353
4.217000 1.845437
4.218000 1.845520
4.219000 1.845604
4.220000 1.845688
4.221000 1.845772
4.222000 1.845855
4.223000 1.845939
4.224000 1.846022
4.225000 1.846106
4.226000 1.846190
4.227000 1.846273
4.228000 1.846357
4.229000 1.846440
4.230000 1.846524
4.231000 1.846607
4.232000 1.846691
4.233000 1.846774
4.234000 1.846857
4.235000 1.846941
4.236000 1.847024
4.237000 1.847107
4.238000 1.847191
4.239000 1.847274
4.240000 1.847357
4.241000 1.847440
4.242000 1.847523
4.243000 1.847607
4.244000 1.847690
4.245000 1.847773
4.246000 1.847856
4.247000 1.847939
4.248000 1.848022
4.249000 1.848105
4.250000 1.848188
4.251000 1.848271
4.252000 1.848354
4.253000 1.848437
4.254000 1.848520
4.255000 1.848603
4.256000 1.848686
4.257000 1.848768
4.258000 1.848851
4.259000 1.848934
4.260000 1.849017
4.261000 1.849100
4.262000 1.849182
4.263000 1.849265
4.264000 1.849348
4.265000 1.849430
4.266000 1.849513
4.267000 1.849595
4.268000 1.849678
4.269000 1.849761
4.270000 1.849843
4.271000 1.849926
4.272000 1.850008
4.273000 1.850090
4.274000 1.850173
4.275000 1.850255
4.276000 1.850338
4.277000 1.850420
4.278000 1.850502
4.279000 1.850585
4.280000 1.850667
4.281000 1.850749
4.282000 1.850831
4.283000 1.850914
4.284000 1.850996
4.285000 1.851078
4.286000 1.851160
4.287000 1.851242
4.288000 1.851324
4.289000 1.851406
4.290000 1.851489
4.291000 1.851571
4.292000 1.851653
4.293000 1.851735
4.294000 1.851816
4.295000 1.851898
4.296000 1.851980
4.297000 1.852062
4.298000 1.852144
4.299000 1.852226
4.300000 1.852308
4.301000 1.852390
4.302000 1.852471
4.303000 1.852553
4.304000 1.852635
4.305000 1.852716
4.306000 1.852798
4.307000 1.852880
4.308000 1.852961
4.309000 1.853043
4.310000 1.853125
4.311000 1.853206
4.312000 1.853288
4.313000 1.853369
4.314000 1.853451
4.315000 1.853532
4.316000 1.853614
4.317000 1.853695
4.318000 1.853776
4.319000 1.853858
4.320000 1.853939
4.321000 1.854021
4.322000 1.854102
4.323000 1.854183
4.324000 1.854264
4.325000 1.854346
4.326000 1.854427
4.327000 1.854508
4.328000 1.854589
4.329000 1.854670
4.330000 1.854751
4.331000 1.854833
4.332000 1.854914
4.333000 1.854995
4.334000 1.855076
4.335000 1.855157
4.336000 1.855238
4.337000 1.855319
4.338000 1.855400
4.339000 1.855480
4.340000 1.855561
4.341000 1.855642
4.342000 1.855723
4.343000 1.855804
4.344000 1.855885
4.345000 1.855966
4.346000 1.856046
4.347000 1.856127
4.348000 1.856208
4.349000 1.856288
4.350000 1.856369
4.351000 1.856450
4.352000 1.856530
4.353000 1.856611
4.354000 1.856691
4.355000 1.856772
4.356000 1.856853
4.357000 1.856933
4.358000 1.857014
4.359000 1.857094
4.360000 1.857174
4.361000 1.857255
4.362000 1.857335
4.363000 1.857416
4.364000 1.857496
4.365000 1.857576
4.366000 1.857657
4.367000 1.857737
4.368000 1.857817
4.369000 1.857897
4.370000 1.857978
4.371000 1.858058
4.372000 1.858138
4.373000 1.858218
4.374000 1.858298
4.375000 1.858378
4.376000 1.858458
4.377000 1.858538
4.378000 1.858618
4.379000 1.858698
4.380000 1.858778
4.381000 1.858858
4.382000 1.858938
4.383000 1.859018
4.384000 1.859098
4.385000 1.859178
4.386000 1.859258
4.387000 1.859338
4.388000 1.859417
4.389000 1.859497
4.390000 1.859577
4.391000 1.859657
4.392000 1.859736
4.393000 1.859816
4.394000 1.859896
4.395000 1.859975
4.396000 1.860055
4.397000 1.860135
4.398000 1.860214
4.399000 1.860294
4.400000 1.860373
4.401000 1.860453
4.402000 1.860532
4.403000 1.860612
4.404000 1.860691
4.405000 1.860771
4.406000 1.860850
4.407000 1.860929
4.408000 1.861009
4.409000 1.861088
4.410000 1.861167
4.411000 1.861247
4.412000 1.861326
4.413000 1.861405
4.414000 1.861484
4.415000 1.861564
4.416000 1.861643
4.417000 1.861722
4.418000 1.861801
4.419000 1.861880
4.420000 1.861959
4.421000 1.862038
4.422000 1.862117
4.423000 1.862196
4.424000 1.862275
4.425000 1.862354
4.426000 1.862433
4.427000 1.862512
4.428000 1.862591
4.429000 1.862670
4.430000 1.862749
4.431000 1.862828
4.432000 1.862907
4.433000 1.862985
4.434000 1.863064
4.435000 1.863143
4.436000 1.863222
4.437000 1.863300
4.438000 1.863379
4.439000 1.863458
4.440000 1.863536
4.441000 1.863615
4.442000 1.863694
4.443000 1.863772
4.444000 1.863851
4.445000 1.863929
4.446000 1.864008
4.447000 1.864086
4.448000 1.864165
4.449000 1.864243
4.450000 1.864322
4.451000 1.864400
4.452000 1.864478
4.453000 1.864557
4.454000 1.864635
4.455000 1.864713
4.456000 1.864792
4.457000 1.864870
4.458000 1.864948
4.459000 1.865026
4.460000 1.865105
4.461000 1.865183
4.462000 1.865261
4.463000 1.865339
4.464000 1.865417
4.465000 1.865495
4.466000 1.865573
4.467000 1.865651
4.468000 1.865729
4.469000 1.865808
4.470000 1.865885
4.471000 1.865963
4.472000 1.866041
4.473000 1.866119
4.474000 1.866197
4.475000 1.866275
4.476000 1.866353
4.477000 1.866431
4.478000 1.866509
4.479000 1.866586
4.480000 1.866664
4.481000 1.866742
4.482000 1.866820
4.483000 1.866897
4.484000 1.866975
4.485000 1.867053
4.486000 1.867130
4.487000 1.867208
4.488000 1.867286
4.489000 1.867363
4.490000 1.867441
4.491000 1.867518
4.492000 1.867596
4.493000 1.867673
4.494000 1.867751
4.495000 1.867828
4.496000 1.867906
4.497000 1.867983
4.498000 1.868060
4.499000 1.868138
4.500000 1.868215
4.501000 1.868292
4.502000 1.868370
4.503000 1.868447
4.504000 1.868524
4.505000 1.868602
4.506000 1.868679
4.507000 1.868756
4.508000 1.868833
4.509000 1.868910
4.510000 1.868987
4.511000 1.869064
4.512000 1.869142
4.513000 1.869219
4.514000 1.869296
4.515000 1.869373
4.516000 1.869450
4.517000 1.869527
4.518000 1.869604
4.519000 1.869681
4.520000 1.869757
4.521000 1.869834
4.522000 1.869911
4.523000 1.869988
4.524000 1.870065
4.525000 1.870142
4.526000 1.870219
4.527000 1.870295
4.528000 1.870372
4.529000 1.870449
4.530000 1.870525
4.531000 1.870602
4.532000 1.870679
4.533000 1.870755
4.534000 1.870832
4.535000 1.870909
4.536000 1.870985
4.537000 1.871062
4.538000 1.871138
4.539000 1.871215
4.540000 1.871291
4.541000 1.871368
4.542000 1.871444
4.543000 1.871521
4.544000 1.871597
4.545000 1.871673
4.546000 1.871750
4.547000 1.871826
4.548000 1.871903
4.549000 1.871979
4.550000 1.872055
4.551000 1.872131
4.552000 1.872208
4.553000 1.872284
4.554000 1.872360
4.555000 1.872436
4.556000 1.872512
4.557000 1.872588
4.558000 1.872665
4.559000 1.872741
4.560000 1.872817
4.561000 1.872893
4.562000 1.872969
4.563000 1.873045
4.564000 1.873121
4.565000 1.873197
4.566000 1.873273
4.567000 1.873349
4.568000 1.873425
4.569000 1.873500
4.570000 1.873576
4.571000 1.873652
4.572000 1.873728
4.573000 1.873804
4.574000 1.873880
4.575000 1.873955
4.576000 1.874031
4.577000 1.874107
4.578000 1.874182
4.579000 1.874258
4.580000 1.874334
4.581000 1.874409
4.582000 1.874485
4.583000 1.874561
4.584000 1.874636
4.585000 1.874712
4.586000 1.874787
4.587000 1.874863
4.588000 1.874938
4.589000 1.875014
4.590000 1.875089
4.591000 1.875165
4.592000 1.875240
4.593000 1.875315
4.594000 1.875391
4.595000 1.875466
4.596000 1.875541
4.597000 1.875617
4.598000 1.875692
4.599000 1.875767
4.600000 1.875843
4.601000 1.875918
4.602000 1.875993
4.603000 1.876068
4.604000 1.876143
4.605000 1.876218
4.606000 1.876294
4.607000 1.876369
4.608000 1.876444
4.609000 1.876519
4.610000 1.876594
4.611000 1.876669
4.612000 1.876744
4.613000 1.876819
4.614000 1.876894
4.615000 1.876969
4.616000 1.877044
4.617000 1.877118
4.618000 1.877193
4.619000 1.877268
4.620000 1.877343
4.621000 1.877418
4.622000 1.877493
4.623000 1.877567
4.624000 1.877642
4.625000 1.877717
4.626000 1.877792
4.627000 1.877866
4.628000 1.877941
4.629000 1.878016
4.630000 1.878090
4.631000 1.878165
4.632000 1.878239
4.633000 1.878314
4.634000 1.878389
4.635000 1.878463
4.636000 1.878538
4.637000 1.878612
4.638000 1.878687
4.639000 1.878761
4.640000 1.878835
4.641000 1.878910
4.642000 1.878984
4.643000 1.879059
4.644000 1.879133
4.645000 1.879207
4.646000 1.879282
4.647000 1.879356
4.648000 1.879430
4.649000 1.879504
4.650000 1.879579
4.651000 1.879653
4.652000 1.879727
4.653000 1.879801
4.654000 1.879875
4.655000 1.879949
4.656000 1.880023
4.657000 1.880098
4.658000 1.880172
4.659000 1.880246
4.660000 1.880320
4.661000 1.880394
4.662000 1.880468
4.663000 1.880542
4.664000 1.880616
4.665000 1.880689
4.666000 1.880763
4.667000 1.880837
4.668000 1.880911
4.669000 1.880985
4.670000 1.881059
4.671000 1.881133
4.672000 1.881206
4.673000 1.881280
4.674000 1.881354
4.675000 1.881428
4.676000 1.881501
4.677000 1.881575
4.678000 1.881649
4.679000 1.881722
4.680000 1.881796
4.681000 1.881869
4.682000 1.881943
4.683000 1.882017
4.684000 1.882090
4.685000 1.882164
4.686000 1.882237
4.687000 1.882311
4.688000 1.882384
4.689000 1.882458
4.690000 1.882531
4.691000 1.882604
4.692000 1.882678
4.693000 1.882751
4.694000 1.882824
4.695000 1.882898
4.696000 1.882971
4.697000 1.883044
4.698000 1.883118
4.699000 1.883191
4.700000 1.883264
4.701000 1.883337
4.702000 1.883410
4.703000 1.883484
4.704000 1.883557
4.705000 1.883630
4.706000 1.883703
4.707000 1.883776
4.708000 1.883849
4.709000 1.883922
4.710000 1.883995
4.711000 1.884068
4.712000 1.884141
4.713000 1.884214
4.714000 1.884287
4.715000 1.884360
4.716000 1.884433
4.717000 1.884506
4.718000 1.884579
4.719000 1.884652
4.720000 1.884724
4.721000 1.884797
4.722000 1.884870
4.723000 1.884943
4.724000 1.885016
4.725000 1.885088
4.726000 1.885161
4.727000 1.885234
4.728000 1.885306
4.729000 1.885379
4.730000 1.885452
4.731000 1.885524
4.732000 1.885597
4.733000 1.885669
4.734000 1.885742
4.735000 1.885815
4.736000 1.885887
4.737000 1.885960
4.738000 1.886032
4.739000 1.886105
4.740000 1.886177
4.741000 1.886249
4.742000 1.886322
4.743000 1.886394
4.744000 1.886467
4.745000 1.886539
4.746000 1.886611
4.747000 1.886683
4.748000 1.886756
4.749000 1.886828
4.750000 1.886900
4.751000 1.886973
4.752000 1.887045
4.753000 1.887117
4.754000 1.887189
4.755000 1.887261
4.756000 1.887333
4.757000 1.887405
4.758000 1.887478
4.759000 1.887550
4.760000 1.887622
4.761000 1.887694
4.762000 1.887766
4.763000 1.887838
4.764000 1.887910
4.765000 1.887982
4.766000 1.888054
4.767000 1.888126
4.768000 1.888197
4.769000 1.888269
4.770000 1.888341
4.771000 1.888413
4.772000 1.888485
4.773000 1.888557
4.774000 1.888628
4.775000 1.888700
4.776000 1.888772
4.777000 1.888844
4.778000 1.888915
4.779000 1.888987
4.780000 1.889059
4.781000 1.889130
4.782000 1.889202
4.783000 1.889274
4.784000 1.889345
4.785000 1.889417
4.786000 1.889488
4.787000 1.889560
4.788000 1.889631
4.789000 1.889703
4.790000 1.889774
4.791000 1.889846
4.792000 1.889917
4.793000 1.889989
4.794000 1.890060
4.795000 1.890131
4.796000 1.890203
4.797000 1.890274
4.798000 1.890345
4.799000 1.890417
4.800000 1.890488
4.801000 1.890559
4.802000 1.890631
4.803000 1.890702
4.804000 1.890773
4.805000 1.890844
4.806000 1.890915
4.807000 1.890987
4.808000 1.891058
4.809000 1.891129
4.810000 1.891200
4.811000 1.891271
4.812000 1.891342
4.813000 1.891413
4.814000 1.891484
4.815000 1.891555
4.816000 1.891626
4.817000 1.891697
4.818000 1.891768
4.819000 1.891839
4.820000 1.891910
4.821000 1.891981
4.822000 1.892052
4.823000 1.892122
4.824000 1.892193
4.825000 1.892264
4.826000 1.892335
4.827000 1.892406
4.828000 1.892476
4.829000 1.892547
4.830000 1.892618
4.831000 1.892689
4.832000 1.892759
4.833000 1.892830
4.834000 1.892901
4.835000 1.892971
4.836000 1.893042
4.837000 1.893112
4.838000 1.893183
4.839000 1.893254
4.840000 1.893324
4.841000 1.893395
4.842000 1.893465
4.843000 1.893536
4.844000 1.893606
4.845000 1.893676
4.846000 1.893747
4.847000 1.893817
4.848000 1.893888
4.849000 1.893958
4.850000 1.894028
4.851000 1.894099
4.852000 1.894169
4.853000 1.894239
4.854000 1.894310
4.855000 1.894380
4.856000 1.894450
4.857000 1.894520
4.858000 1.894590
4.859000 1.894661
4.860000 1.894731
4.861000 1.894801
4.862000 1.894871
4.863000 1.894941
4.864000 1.895011
4.865000 1.895081
4.866000 1.895151
4.867000 1.895221
4.868000 1.895291
4.869000 1.895361
4.870000 1.895431
4.871000 1.895501
4.872000 1.895571
4.873000 1.895641
4.874000 1.895711
4.875000 1.895781
4.876000 1.895851
4.877000 1.895921
4.878000 1.895991
4.879000 1.896060
4.880000 1.896130
4.881000 1.896200
4.882000 1.896270
4.883000 1.896339
4.884000 1.896409
4.885000 1.896479
4.886000 1.896549
4.887000 1.896618
4.888000 1.896688
4.889000 1.896757
4.890000 1.896827
4.891000 1.896897
4.892000 1.896966
4.893000 1.897036
4.894000 1.897105
4.895000 1.897175
4.896000 1.897244
4.897000 1.897314
4.898000 1.897383
4.899000 1.897453
4.900000 1.897522
4.901000 1.897592
4.902000 1.897661
4.903000 1.897730
4.904000 1.897800
4.905000 1.897869
4.906000 1.897938
4.907000 1.898008
4.908000 1.898077
4.909000 1.898146
4.910000 1.898215
4.911000 1.898285
4.912000 1.898354
4.913000 1.898423
4.914000 1.898492
4.915000 1.898561
4.916000 1.898631
4.917000 1.898700
4.918000 1.898769
4.919000 1.898838
4.920000 1.898907
4.921000 1.898976
4.922000 1.899045
4.923000 1.899114
4.924000 1.899183
4.925000 1.899252
4.926000 1.899321
4.927000 1.899390
4.928000 1.899459
4.929000 1.899528
4.930000 1.899597
4.931000 1.899665
4.932000 1.899734
4.933000 1.899803
4.934000 1.899872
4.935000 1.899941
4.936000 1.900009
4.937000 1.900078
4.938000 1.900147
4.939000 1.900216
4.940000 1.900284
4.941000 1.900353
4.942000 1.900422
4.943000 1.900490
4.944000 1.900559
4.945000 1.900628
4.946000 1.900696
4.947000 1.900765
4.948000 1.900833
4.949000 1.900902
4.950000 1.900970
4.951000 1.901039
4.952000 1.901107
4.953000 1.901176
4.954000 1.901244
4.955000 1.901313
4.956000 1.901381
4.957000 1.901450
4.958000 1.901518
4.959000 1.901586
4.960000 1.901655
4.961000 1.901723
4.962000 1.901791
4.963000 1.901860
4.964000 1.901928
4.965000 1.901996
4.966000 1.902064
4.967000 1.902133
4.968000 1.902201
4.969000 1.902269
4.970000 1.902337
4.971000 1.902405
4.972000 1.902473
4.973000 1.902541
4.974000 1.902610
4.975000 1.902678
4.976000 1.902746
4.977000 1.902814
4.978000 1.902882
4.979000 1.902950
4.980000 1.903018
4.981000 1.903086
4.982000 1.903154
4.983000 1.903222
4.984000 1.903290
4.985000 1.903357
4.986000 1.903425
4.987000 1.903493
4.988000 1.903561
4.989000 1.903629
4.990000 1.903697
4.991000 1.903764
4.992000 1.903832
4.993000 1.903900
4.994000 1.903968
4.995000 1.904035
4.996000 1.904103
4.997000 1.904171
4.998000 1.904239
4.999000 1.904306
5.000000 1.904374
