-0.050000 1.000000
-0.049000 1.000000
-0.048000 1.000000
-0.047000 1.000000
-0.046000 1.000000
-0.045000 1.000000
-0.044000 1.000000
-0.043000 1.000000
-0.042000 1.000000
-0.041000 1.000000
-0.040000 1.000000
-0.039000 1.000000
-0.038000 1.000000
-0.037000 1.000000
-0.036000 1.000000
-0.035000 1.000000
-0.034000 1.000000
-0.033000 1.000000
-0.032000 1.000000
-0.031000 1.000000
-0.030000 1.000000
-0.029000 1.000000
-0.028000 1.000000
-0.027000 1.000000
-0.026000 1.000000
-0.025000 1.000000
-0.024000 1.000000
-0.023000 1.000000
-0.022000 1.000000
-0.021000 1.000000
-0.020000 1.000000
-0.019000 1.000000
-0.018000 1.000000
-0.017000 1.000000
-0.016000 1.000000
-0.015000 1.000000
-0.014000 1.000000
-0.013000 1.000000
-0.012000 1.000000
-0.011000 1.000000
-0.010000 1.000000
-0.009000 1.000000
-0.008000 1.000000
-0.007000 1.000000
-0.006000 1.000000
-0.005000 1.000000
-0.004000 1.000000
-0.003000 1.000000
-0.002000 1.000000
-0.001000 1.000000
0.000000 1.000000
0.001000 0.991778
0.002000 0.984621
0.003000 0.978152
0.004000 0.972186
0.005000 0.966612
0.006000 0.961358
0.007000 0.956370
0.008000 0.951611
0.009000 0.947051
0.010000 0.942667
0.011000 0.938438
0.012000 0.934350
0.013000 0.930389
0.014000 0.926545
0.015000 0.922806
0.016000 0.919165
0.017000 0.915616
0.018000 0.912150
0.019000 0.908763
0.020000 0.905450
0.021000 0.902206
0.022000 0.899027
0.023000 0.895909
0.024000 0.892849
0.025000 0.889845
0.026000 0.886892
0.027000 0.883990
0.028000 0.881134
0.029000 0.878325
0.030000 0.875558
0.031000 0.872833
0.032000 0.870148
0.033000 0.867501
0.034000 0.864891
0.035000 0.862316
0.036000 0.859775
0.037000 0.857267
0.038000 0.854791
0.039000 0.852346
0.040000 0.849930
0.041000 0.847544
0.042000 0.845185
0.043000 0.842853
0.044000 0.840548
0.045000 0.838268
0.046000 0.836013
0.047000 0.833782
0.048000 0.831575
0.049000 0.829391
0.050000 0.827229
0.051000 0.825089
0.052000 0.822970
0.053000 0.820872
0.054000 0.818794
0.055000 0.816736
0.056000 0.814697
0.057000 0.812677
0.058000 0.810676
0.059000 0.808693
0.060000 0.806728
0.061000 0.804780
0.062000 0.802849
0.063000 0.800935
0.064000 0.799038
0.065000 0.797156
0.066000 0.795291
0.067000 0.793441
0.068000 0.791606
0.069000 0.789786
0.070000 0.787980
0.071000 0.786190
0.072000 0.784413
0.073000 0.782650
0.074000 0.780902
0.075000 0.779166
0.076000 0.777444
0.077000 0.775735
0.078000 0.774039
0.079000 0.772356
0.080000 0.770685
0.081000 0.769026
0.082000 0.767380
0.083000 0.765746
0.084000 0.764123
0.085000 0.762512
0.086000 0.760912
0.087000 0.759324
0.088000 0.757747
0.089000 0.756181
0.090000 0.754625
0.091000 0.753081
0.092000 0.751547
0.093000 0.750023
0.094000 0.748510
0.095000 0.747006
0.096000 0.745513
0.097000 0.744030
0.098000 0.742556
0.099000 0.741092
0.100000 0.739638
0.101000 0.738193
0.102000 0.736758
0.103000 0.735331
0.104000 0.733914
0.105000 0.732506
0.106000 0.731106
0.107000 0.729716
0.108000 0.728334
0.109000 0.726960
0.110000 0.725595
0.111000 0.724239
0.112000 0.722891
0.113000 0.721551
0.114000 0.720219
0.115000 0.718895
0.116000 0.717579
0.117000 0.716271
0.118000 0.714971
0.119000 0.713679
0.120000 0.712394
0.121000 0.711117
0.122000 0.709847
0.123000 0.708584
0.124000 0.707329
0.125000 0.706081
0.126000 0.704841
0.127000 0.703607
0.128000 0.702381
0.129000 0.701161
0.130000 0.699948
0.131000 0.698742
0.132000 0.697543
0.133000 0.696351
0.134000 0.695165
0.135000 0.693986
0.136000 0.692813
0.137000 0.691647
0.138000 0.690487
0.139000 0.689334
0.140000 0.688187
0.141000 0.687046
0.142000 0.685911
0.143000 0.684782
0.144000 0.683660
0.145000 0.682543
0.146000 0.681432
0.147000 0.680328
0.148000 0.679229
0.149000 0.678135
0.150000 0.677048
0.151000 0.675966
0.152000 0.674890
0.153000 0.673820
0.154000 0.672755
0.155000 0.671695
0.156000 0.670641
0.157000 0.669593
0.158000 0.668549
0.159000 0.667512
0.160000 0.666479
0.161000 0.665452
0.162000 0.664429
0.163000 0.663412
0.164000 0.662400
0.165000 0.661393
0.166000 0.660391
0.167000 0.659395
0.168000 0.658403
0.169000 0.657416
0.170000 0.656433
0.171000 0.655456
0.172000 0.654483
0.173000 0.653515
0.174000 0.652552
0.175000 0.651594
0.176000 0.650640
0.177000 0.649691
0.178000 0.648746
0.179000 0.647806
0.180000 0.646870
0.181000 0.645939
0.182000 0.645012
0.183000 0.644090
0.184000 0.643172
0.185000 0.642258
0.186000 0.641349
0.187000 0.640444
0.188000 0.639543
0.189000 0.638646
0.190000 0.637753
0.191000 0.636865
0.192000 0.635981
0.193000 0.635101
0.194000 0.634224
0.195000 0.633352
0.196000 0.632484
0.197000 0.631620
0.198000 0.630760
0.199000 0.629903
0.200000 0.629051
0.201000 0.628202
0.202000 0.627357
0.203000 0.626516
0.204000 0.625679
0.205000 0.624846
0.206000 0.624016
0.207000 0.623190
0.208000 0.622367
0.209000 0.621548
0.210000 0.620733
0.211000 0.619922
0.212000 0.619114
0.213000 0.618309
0.214000 0.617508
0.215000 0.616711
0.216000 0.615917
0.217000 0.615126
0.218000 0.614339
0.219000 0.613555
0.220000 0.612775
0.221000 0.611998
0.222000 0.611224
0.223000 0.610453
0.224000 0.609686
0.225000 0.608922
0.226000 0.608162
0.227000 0.607404
0.228000 0.606650
0.229000 0.605899
0.230000 0.605151
0.231000 0.604406
0.232000 0.603665
0.233000 0.602926
0.234000 0.602191
0.235000 0.601458
0.236000 0.600729
0.237000 0.600003
0.238000 0.599279
0.239000 0.598559
0.240000 0.597841
0.241000 0.597127
0.242000 0.596415
0.243000 0.595707
0.244000 0.595001
0.245000 0.594298
0.246000 0.593598
0.247000 0.592901
0.248000 0.592206
0.249000 0.591515
0.250000 0.590826
0.251000 0.590140
0.252000 0.589456
0.253000 0.588776
0.254000 0.588098
0.255000 0.587423
0.256000 0.586750
0.257000 0.586080
0.258000 0.585413
0.259000 0.584748
0.260000 0.584086
0.261000 0.583427
0.262000 0.582770
0.263000 0.582116
0.264000 0.581464
0.265000 0.580815
0.266000 0.580169
0.267000 0.579524
0.268000 0.578883
0.269000 0.578244
0.270000 0.577607
0.271000 0.576973
0.272000 0.576341
0.273000 0.575711
0.274000 0.575084
0.275000 0.574460
0.276000 0.573838
0.277000 0.573218
0.278000 0.572600
0.279000 0.571985
0.280000 0.571372
0.281000 0.570761
0.282000 0.570153
0.283000 0.569547
0.284000 0.568943
0.285000 0.568342
0.286000 0.567743
0.287000 0.567146
0.288000 0.566551
0.289000 0.565958
0.290000 0.565368
0.291000 0.564780
0.292000 0.564194
0.293000 0.563610
0.294000 0.563028
0.295000 0.562448
0.296000 0.561871
0.297000 0.561295
0.298000 0.560722
0.299000 0.560151
0.300000 0.559582
0.301000 0.559015
0.302000 0.558449
0.303000 0.557886
0.304000 0.557325
0.305000 0.556767
0.306000 0.556210
0.307000 0.555655
0.308000 0.555102
0.309000 0.554551
0.310000 0.554001
0.311000 0.553454
0.312000 0.552909
0.313000 0.552366
0.314000 0.551825
0.315000 0.551285
0.316000 0.550748
0.317000 0.550212
0.318000 0.549678
0.319000 0.549146
0.320000 0.548616
0.321000 0.548088
0.322000 0.547562
0.323000 0.547037
0.324000 0.546515
0.325000 0.545994
0.326000 0.545475
0.327000 0.544957
0.328000 0.544442
0.329000 0.543928
0.330000 0.543416
0.331000 0.542906
0.332000 0.542397
0.333000 0.541891
0.334000 0.541386
0.335000 0.540882
0.336000 0.540381
0.337000 0.539881
0.338000 0.539383
0.339000 0.538886
0.340000 0.538391
0.341000 0.537898
0.342000 0.537406
0.343000 0.536917
0.344000 0.536428
0.345000 0.535942
0.346000 0.535457
0.347000 0.534973
0.348000 0.534492
0.349000 0.534011
0.350000 0.533533
0.351000 0.533056
0.352000 0.532580
0.353000 0.532106
0.354000 0.531634
0.355000 0.531163
0.356000 0.530694
0.357000 0.530226
0.358000 0.529760
0.359000 0.529296
0.360000 0.528833
0.361000 0.528371
0.362000 0.527911
0.363000 0.527452
0.364000 0.526995
0.365000 0.526539
0.366000 0.526085
0.367000 0.525632
0.368000 0.525181
0.369000 0.524731
0.370000 0.524283
0.371000 0.523836
0.372000 0.523390
0.373000 0.522946
0.374000 0.522504
0.375000 0.522062
0.376000 0.521622
0.377000 0.521184
0.378000 0.520747
0.379000 0.520311
0.380000 0.519877
0.381000 0.519444
0.382000 0.519012
0.383000 0.518582
0.384000 0.518153
0.385000 0.517725
0.386000 0.517299
0.387000 0.516874
0.388000 0.516450
0.389000 0.516028
0.390000 0.515607
0.391000 0.515187
0.392000 0.514769
0.393000 0.514352
0.394000 0.513936
0.395000 0.513521
0.396000 0.513108
0.397000 0.512696
0.398000 0.512285
0.399000 0.511876
0.400000 0.511468
0.401000 0.511061
0.402000 0.510655
0.403000 0.510250
0.404000 0.509847
0.405000 0.509445
0.406000 0.509044
0.407000 0.508644
0.408000 0.508246
0.409000 0.507849
0.410000 0.507453
0.411000 0.507058
0.412000 0.506664
0.413000 0.506271
0.414000 0.505880
0.415000 0.505490
0.416000 0.505101
0.417000 0.504713
0.418000 0.504326
0.419000 0.503941
0.420000 0.503556
0.421000 0.503173
0.422000 0.502791
0.423000 0.502410
0.424000 0.502030
0.425000 0.501651
0.426000 0.501273
0.427000 0.500897
0.428000 0.500521
0.429000 0.500147
0.430000 0.499774
0.431000 0.499401
0.432000 0.499030
0.433000 0.498660
0.434000 0.498291
0.435000 0.497923
0.436000 0.497556
0.437000 0.497191
0.438000 0.496826
0.439000 0.496462
0.440000 0.496100
0.441000 0.495738
0.442000 0.495377
0.443000 0.495018
0.444000 0.494659
0.445000 0.494302
0.446000 0.493945
0.447000 0.493590
0.448000 0.493235
0.449000 0.492882
0.450000 0.492529
0.451000 0.492178
0.452000 0.491828
0.453000 0.491478
0.454000 0.491130
0.455000 0.490782
0.456000 0.490435
0.457000 0.490090
0.458000 0.489745
0.459000 0.489402
0.460000 0.489059
0.461000 0.488717
0.462000 0.488376
0.463000 0.488037
0.464000 0.487698
0.465000 0.487360
0.466000 0.487023
0.467000 0.486687
0.468000 0.486351
0.469000 0.486017
0.470000 0.485684
0.471000 0.485351
0.472000 0.485020
0.473000 0.484689
0.474000 0.484360
0.475000 0.484031
0.476000 0.483703
0.477000 0.483376
0.478000 0.483050
0.479000 0.482725
0.480000 0.482400
0.481000 0.482077
0.482000 0.481754
0.483000 0.481433
0.484000 0.481112
0.485000 0.480792
0.486000 0.480473
0.487000 0.480154
0.488000 0.479837
0.489000 0.479520
0.490000 0.479205
0.491000 0.478890
0.492000 0.478576
0.493000 0.478263
0.494000 0.477950
0.495000 0.477639
0.496000 0.477328
0.497000 0.477018
0.498000 0.476709
0.499000 0.476401
0.500000 0.476093
0.501000 0.475787
0.502000 0.475481
0.503000 0.475176
0.504000 0.474872
0.505000 0.474568
0.506000 0.474266
0.507000 0.473964
0.508000 0.473663
0.509000 0.473363
0.510000 0.473063
0.511000 0.472764
0.512000 0.472467
0.513000 0.472169
0.514000 0.471873
0.515000 0.471577
0.516000 0.471283
0.517000 0.470989
0.518000 0.470695
0.519000 0.470403
0.520000 0.470111
0.521000 0.469820
0.522000 0.469529
0.523000 0.469240
0.524000 0.468951
0.525000 0.468663
0.526000 0.468376
0.527000 0.468089
0.528000 0.467803
0.529000 0.467518
0.530000 0.467233
0.531000 0.466950
0.532000 0.466667
0.533000 0.466384
0.534000 0.466103
0.535000 0.465822
0.536000 0.465542
0.537000 0.465262
0.538000 0.464983
0.539000 0.464705
0.540000 0.464428
0.541000 0.464151
0.542000 0.463875
0.543000 0.463600
0.544000 0.463325
0.545000 0.463051
0.546000 0.462778
0.547000 0.462506
0.548000 0.462234
0.549000 0.461963
0.550000 0.461692
0.551000 0.461422
0.552000 0.461153
0.553000 0.460884
0.554000 0.460616
0.555000 0.460349
0.556000 0.460083
0.557000 0.459817
0.558000 0.459551
0.559000 0.459287
0.560000 0.459023
0.561000 0.458760
0.562000 0.458497
0.563000 0.458235
0.564000 0.457973
0.565000 0.457713
0.566000 0.457452
0.567000 0.457193
0.568000 0.456934
0.569000 0.456676
0.570000 0.456418
0.571000 0.456161
0.572000 0.455905
0.573000 0.455649
0.574000 0.455394
0.575000 0.455139
0.576000 0.454885
0.577000 0.454632
0.578000 0.454379
0.579000 0.454127
0.580000 0.453876
0.581000 0.453625
0.582000 0.453374
0.583000 0.453125
0.584000 0.452875
0.585000 0.452627
0.586000 0.452379
0.587000 0.452131
0.588000 0.451885
0.589000 0.451638
0.590000 0.451393
0.591000 0.451148
0.592000 0.450903
0.593000 0.450659
0.594000 0.450416
0.595000 0.450173
0.596000 0.449931
0.597000 0.449689
0.598000 0.449448
0.599000 0.449208
0.600000 0.448968
0.601000 0.448729
0.602000 0.448490
0.603000 0.448251
0.604000 0.448014
0.605000 0.447777
0.606000 0.447540
0.607000 0.447304
0.608000 0.447068
0.609000 0.446833
0.610000 0.446599
0.611000 0.446365
0.612000 0.446132
0.613000 0.445899
0.614000 0.445666
0.615000 0.445435
0.616000 0.445203
0.617000 0.444973
0.618000 0.444742
0.619000 0.444513
0.620000 0.444284
0.621000 0.444055
0.622000 0.443827
0.623000 0.443599
0.624000 0.443372
0.625000 0.443146
0.626000 0.442920
0.627000 0.442694
0.628000 0.442469
0.629000 0.442244
0.630000 0.442020
0.631000 0.441797
0.632000 0.441574
0.633000 0.441351
0.634000 0.441129
0.635000 0.440908
0.636000 0.440687
0.637000 0.440466
0.638000 0.440246
0.639000 0.440027
0.640000 0.439808
0.641000 0.439589
0.642000 0.439371
0.643000 0.439153
0.644000 0.438936
0.645000 0.438719
0.646000 0.438503
0.647000 0.438288
0.648000 0.438072
0.649000 0.437858
0.650000 0.437643
0.651000 0.437430
0.652000 0.437216
0.653000 0.437003
0.654000 0.436791
0.655000 0.436579
0.656000 0.436367
0.657000 0.436156
0.658000 0.435946
0.659000 0.435736
0.660000 0.435526
0.661000 0.435317
0.662000 0.435108
0.663000 0.434900
0.664000 0.434692
0.665000 0.434485
0.666000 0.434278
0.667000 0.434071
0.668000 0.433865
0.669000 0.433660
0.670000 0.433455
0.671000 0.433250
0.672000 0.433046
0.673000 0.432842
0.674000 0.432638
0.675000 0.432435
0.676000 0.432233
0.677000 0.432031
0.678000 0.431829
0.679000 0.431628
0.680000 0.431427
0.681000 0.431227
0.682000 0.431027
0.683000 0.430827
0.684000 0.430628
0.685000 0.430429
0.686000 0.430231
0.687000 0.430033
0.688000 0.429836
0.689000 0.429639
0.690000 0.429442
0.691000 0.429246
0.692000 0.429050
0.693000 0.428855
0.694000 0.428660
0.695000 0.428465
0.696000 0.428271
0.697000 0.428078
0.698000 0.427884
0.699000 0.427691
0.700000 0.427499
0.701000 0.427307
0.702000 0.427115
0.703000 0.426924
0.704000 0.426733
0.705000 0.426542
0.706000 0.426352
0.707000 0.426162
0.708000 0.425973
0.709000 0.425784
0.710000 0.425595
0.711000 0.425407
0.712000 0.425219
0.713000 0.425032
0.714000 0.424845
0.715000 0.424658
0.716000 0.424472
0.717000 0.424286
0.718000 0.424101
0.719000 0.423916
0.720000 0.423731
0.721000 0.423546
0.722000 0.423362
0.723000 0.423179
0.724000 0.422996
0.725000 0.422813
0.726000 0.422630
0.727000 0.422448
0.728000 0.422266
0.729000 0.422085
0.730000 0.421904
0.731000 0.421723
0.732000 0.421543
0.733000 0.421363
0.734000 0.421183
0.735000 0.421004
0.736000 0.420825
0.737000 0.420647
0.738000 0.420469
0.739000 0.420291
0.740000 0.420113
0.741000 0.419936
0.742000 0.419760
0.743000 0.419583
0.744000 0.419407
0.745000 0.419232
0.746000 0.419056
0.747000 0.418881
0.748000 0.418707
0.749000 0.418532
0.750000 0.418359
0.751000 0.418185
0.752000 0.418012
0.753000 0.417839
0.754000 0.417666
0.755000 0.417494
0.756000 0.417322
0.757000 0.417151
0.758000 0.416979
0.759000 0.416808
0.760000 0.416638
0.761000 0.416468
0.762000 0.416298
0.763000 0.416128
0.764000 0.415959
0.765000 0.415790
0.766000 0.415622
0.767000 0.415453
0.768000 0.415286
0.769000 0.415118
0.770000 0.414951
0.771000 0.414784
0.772000 0.414617
0.773000 0.414451
0.774000 0.414285
0.775000 0.414119
0.776000 0.413954
0.777000 0.413789
0.778000 0.413624
0.779000 0.413460
0.780000 0.413296
0.781000 0.413132
0.782000 0.412969
0.783000 0.412806
0.784000 0.412643
0.785000 0.412481
0.786000 0.412318
0.787000 0.412157
0.788000 0.411995
0.789000 0.411834
0.790000 0.411673
0.791000 0.411512
0.792000 0.411352
0.793000 0.411192
0.794000 0.411032
0.795000 0.410873
0.796000 0.410714
0.797000 0.410555
0.798000 0.410396
0.799000 0.410238
0.800000 0.410080
0.801000 0.409923
0.802000 0.409765
0.803000 0.409608
0.804000 0.409452
0.805000 0.409295
0.806000 0.409139
0.807000 0.408983
0.808000 0.408828
0.809000 0.408672
0.810000 0.408517
0.811000 0.408363
0.812000 0.408208
0.813000 0.408054
0.814000 0.407900
0.815000 0.407747
0.816000 0.407594
0.817000 0.407441
0.818000 0.407288
0.819000 0.407135
0.820000 0.406983
0.821000 0.406832
0.822000 0.406680
0.823000 0.406529
0.824000 0.406378
0.825000 0.406227
0.826000 0.406077
0.827000 0.405926
0.828000 0.405776
0.829000 0.405627
0.830000 0.405478
0.831000 0.405328
0.832000 0.405180
0.833000 0.405031
0.834000 0.404883
0.835000 0.404735
0.836000 0.404587
0.837000 0.404440
0.838000 0.404293
0.839000 0.404146
0.840000 0.403999
0.841000 0.403853
0.842000 0.403707
0.843000 0.403561
0.844000 0.403415
0.845000 0.403270
0.846000 0.403125
0.847000 0.402980
0.848000 0.402835
0.849000 0.402691
0.850000 0.402547
0.851000 0.402403
0.852000 0.402260
0.853000 0.402117
0.854000 0.401974
0.855000 0.401831
0.856000 0.401689
0.857000 0.401546
0.858000 0.401404
0.859000 0.401263
0.860000 0.401121
0.861000 0.400980
0.862000 0.400839
0.863000 0.400698
0.864000 0.400558
0.865000 0.400418
0.866000 0.400278
0.867000 0.400138
0.868000 0.399999
0.869000 0.399859
0.870000 0.399721
0.871000 0.399582
0.872000 0.399443
0.873000 0.399305
0.874000 0.399167
0.875000 0.399029
0.876000 0.398892
0.877000 0.398755
0.878000 0.398618
0.879000 0.398481
0.880000 0.398344
0.881000 0.398208
0.882000 0.398072
0.883000 0.397936
0.884000 0.397801
0.885000 0.397665
0.886000 0.397530
0.887000 0.397395
0.888000 0.397261
0.889000 0.397126
0.890000 0.396992
0.891000 0.396858
0.892000 0.396724
0.893000 0.396591
0.894000 0.396458
0.895000 0.396325
0.896000 0.396192
0.897000 0.396059
0.898000 0.395927
0.899000 0.395795
0.900000 0.395663
0.901000 0.395531
0.902000 0.395400
0.903000 0.395269
0.904000 0.395138
0.905000 0.395007
0.906000 0.394877
0.907000 0.394746
0.908000 0.394616
0.909000 0.394486
0.910000 0.394357
0.911000 0.394227
0.912000 0.394098
0.913000 0.393969
0.914000 0.393840
0.915000 0.393712
0.916000 0.393584
0.917000 0.393456
0.918000 0.393328
0.919000 0.393200
0.920000 0.393073
0.921000 0.392945
0.922000 0.392818
0.923000 0.392692
0.924000 0.392565
0.925000 0.392439
0.926000 0.392312
0.927000 0.392187
0.928000 0.392061
0.929000 0.391935
0.930000 0.391810
0.931000 0.391685
0.932000 0.391560
0.933000 0.391435
0.934000 0.391311
0.935000 0.391187
0.936000 0.391063
0.937000 0.390939
0.938000 0.390815
0.939000 0.390692
0.940000 0.390568
0.941000 0.390445
0.942000 0.390323
0.943000 0.390200
0.944000 0.390077
0.945000 0.389955
0.946000 0.389833
0.947000 0.389711
0.948000 0.389590
0.949000 0.389468
0.950000 0.389347
0.951000 0.389226
0.952000 0.389105
0.953000 0.388985
0.954000 0.388864
0.955000 0.388744
0.956000 0.388624
0.957000 0.388504
0.958000 0.388385
0.959000 0.388265
0.960000 0.388146
0.961000 0.388027
0.962000 0.387908
0.963000 0.387790
0.964000 0.387671
0.965000 0.387553
0.966000 0.387435
0.967000 0.387317
0.968000 0.387199
0.969000 0.387082
0.970000 0.386965
0.971000 0.386847
0.972000 0.386731
0.973000 0.386614
0.974000 0.386497
0.975000 0.386381
0.976000 0.386265
0.977000 0.386149
0.978000 0.386033
0.979000 0.385917
0.980000 0.385802
0.981000 0.385687
0.982000 0.385572
0.983000 0.385457
0.984000 0.385342
0.985000 0.385228
0.986000 0.385113
0.987000 0.384999
0.988000 0.384885
0.989000 0.384772
0.990000 0.384658
0.991000 0.384545
0.992000 0.384431
0.993000 0.384318
0.994000 0.384206
0.995000 0.384093
0.996000 0.383980
0.997000 0.383868
0.998000 0.383756
0.999000 0.383644
1.000000 0.383532
1.001000 0.383421
1.002000 0.383309
1.003000 0.383198
1.004000 0.383087
1.005000 0.382976
1.006000 0.382865
1.007000 0.382755
1.008000 0.382644
1.009000 0.382534
1.010000 0.382424
1.011000 0.382314
1.012000 0.382204
1.013000 0.382095
1.014000 0.381986
1.015000 0.381876
1.016000 0.381767
1.017000 0.381659
1.018000 0.381550
1.019000 0.381442
1.020000 0.381333
1.021000 0.381225
1.022000 0.381117
1.023000 0.381009
1.024000 0.380902
1.025000 0.380794
1.026000 0.380687
1.027000 0.380580
1.028000 0.380473
1.029000 0.380366
1.030000 0.380259
1.031000 0.380153
1.032000 0.380046
1.033000 0.379940
1.034000 0.379834
1.035000 0.379728
1.036000 0.379623
1.037000 0.379517
1.038000 0.379412
1.039000 0.379307
1.040000 0.379202
1.041000 0.379097
1.042000 0.378992
1.043000 0.378888
1.044000 0.378783
1.045000 0.378679
1.046000 0.378575
1.047000 0.378471
1.048000 0.378367
1.049000 0.378264
1.050000 0.378160
1.051000 0.378057
1.052000 0.377954
1.053000 0.377851
1.054000 0.377748
1.055000 0.377646
1.056000 0.377543
1.057000 0.377441
1.058000 0.377339
1.059000 0.377237
1.060000 0.377135
1.061000 0.377033
1.062000 0.376932
1.063000 0.376830
1.064000 0.376729
1.065000 0.376628
1.066000 0.376527
1.067000 0.376426
1.068000 0.376326
1.069000 0.376225
1.070000 0.376125
1.071000 0.376025
1.072000 0.375924
1.073000 0.375825
1.074000 0.375725
1.075000 0.375625
1.076000 0.375526
1.077000 0.375427
1.078000 0.375327
1.079000 0.375228
1.080000 0.375130
1.081000 0.375031
1.082000 0.374932
1.083000 0.374834
1.084000 0.374736
1.085000 0.374638
1.086000 0.374540
1.087000 0.374442
1.088000 0.374344
1.089000 0.374247
1.090000 0.374149
1.091000 0.374052
1.092000 0.373955
1.093000 0.373858
1.094000 0.373761
1.095000 0.373664
1.096000 0.373568
1.097000 0.373472
1.098000 0.373375
1.099000 0.373279
1.100000 0.373183
1.101000 0.373087
1.102000 0.372992
1.103000 0.372896
1.104000 0.372801
1.105000 0.372706
1.106000 0.372610
1.107000 0.372515
1.108000 0.372421
1.109000 0.372326
1.110000 0.372231
1.111000 0.372137
1.112000 0.372043
1.113000 0.371948
1.114000 0.371854
1.115000 0.371761
1.116000 0.371667
1.117000 0.371573
1.118000 0.371480
1.119000 0.371386
1.120000 0.371293
1.121000 0.371200
1.122000 0.371107
1.123000 0.371014
1.124000 0.370922
1.125000 0.370829
1.126000 0.370737
1.127000 0.370645
1.128000 0.370552
1.129000 0.370460
1.130000 0.370369
1.131000 0.370277
1.132000 0.370185
1.133000 0.370094
1.134000 0.370002
1.135000 0.369911
1.136000 0.369820
1.137000 0.369729
1.138000 0.369638
1.139000 0.369548
1.140000 0.369457
1.141000 0.369367
1.142000 0.369276
1.143000 0.369186
1.144000 0.369096
1.145000 0.369006
1.146000 0.368916
1.147000 0.368827
1.148000 0.368737
1.149000 0.368648
1.150000 0.368559
1.151000 0.368469
1.152000 0.368380
1.153000 0.368291
1.154000 0.368203
1.155000 0.368114
1.156000 0.368025
1.157000 0.367937
1.158000 0.367849
1.159000 0.367761
1.160000 0.367673
1.161000 0.367585
1.162000 0.367497
1.163000 0.367409
1.164000 0.367322
1.165000 0.367234
1.166000 0.367147
1.167000 0.367060
1.168000 0.366973
1.169000 0.366886
1.170000 0.366799
1.171000 0.366712
1.172000 0.366626
1.173000 0.366539
1.174000 0.366453
1.175000 0.366367
1.176000 0.366281
1.177000 0.366195
1.178000 0.366109
1.179000 0.366023
1.180000 0.365938
1.181000 0.365852
1.182000 0.365767
1.183000 0.365682
1.184000 0.365596
1.185000 0.365511
1.186000 0.365426
1.187000 0.365342
1.188000 0.365257
1.189000 0.365172
1.190000 0.365088
1.191000 0.365004
1.192000 0.364920
1.193000 0.364835
1.194000 0.364752
1.195000 0.364668
1.196000 0.364584
1.197000 0.364500
1.198000 0.364417
1.199000 0.364333
1.200000 0.364250
1.201000 0.364167
1.202000 0.364084
1.203000 0.364001
1.204000 0.363918
1.205000 0.363835
1.206000 0.363753
1.207000 0.363670
1.208000 0.363588
1.209000 0.363506
1.210000 0.363424
1.211000 0.363342
1.212000 0.363260
1.213000 0.363178
1.214000 0.363096
1.215000 0.363014
1.216000 0.362933
1.217000 0.362852
1.218000 0.362770
1.219000 0.362689
1.220000 0.362608
1.221000 0.362527
1.222000 0.362446
1.223000 0.362366
1.224000 0.362285
1.225000 0.362205
1.226000 0.362124
1.227000 0.362044
1.228000 0.361964
1.229000 0.361884
1.230000 0.361804
1.231000 0.361724
1.232000 0.361644
1.233000 0.361564
1.234000 0.361485
1.235000 0.361405
1.236000 0.361326
1.237000 0.361247
1.238000 0.361168
1.239000 0.361089
1.240000 0.361010
1.241000 0.360931
1.242000 0.360852
1.243000 0.360774
1.244000 0.360695
1.245000 0.360617
1.246000 0.360539
1.247000 0.360461
1.248000 0.360382
1.249000 0.360305
1.250000 0.360227
1.251000 0.360149
1.252000 0.360071
1.253000 0.359994
1.254000 0.359916
1.255000 0.359839
1.256000 0.359762
1.257000 0.359685
1.258000 0.359607
1.259000 0.359531
1.260000 0.359454
1.261000 0.359377
1.262000 0.359300
1.263000 0.359224
1.264000 0.359147
1.265000 0.359071
1.266000 0.358995
1.267000 0.358919
1.268000 0.358843
1.269000 0.358767
1.270000 0.358691
1.271000 0.358615
1.272000 0.358539
1.273000 0.358464
1.274000 0.358388
1.275000 0.358313
1.276000 0.358238
1.277000 0.358163
1.278000 0.358088
1.279000 0.358013
1.280000 0.357938
1.281000 0.357863
1.282000 0.357788
1.283000 0.357714
1.284000 0.357639
1.285000 0.357565
1.286000 0.357491
1.287000 0.357417
1.288000 0.357342
1.289000 0.357268
1.290000 0.357195
1.291000 0.357121
1.292000 0.357047
1.293000 0.356973
1.294000 0.356900
1.295000 0.356826
1.296000 0.356753
1.297000 0.356680
1.298000 0.356607
1.299000 0.356534
1.300000 0.356461
1.301000 0.356388
1.302000 0.356315
1.303000 0.356242
1.304000 0.356170
1.305000 0.356097
1.306000 0.356025
1.307000 0.355953
1.308000 0.355880
1.309000 0.355808
1.310000 0.355736
1.311000 0.355664
1.312000 0.355593
1.313000 0.355521
1.314000 0.355449
1.315000 0.355378
1.316000 0.355306
1.317000 0.355235
1.318000 0.355163
1.319000 0.355092
1.320000 0.355021
1.321000 0.354950
1.322000 0.354879
1.323000 0.354808
1.324000 0.354737
1.325000 0.354667
1.326000 0.354596
1.327000 0.354526
1.328000 0.354455
1.329000 0.354385
1.330000 0.354315
1.331000 0.354245
1.332000 0.354175
1.333000 0.354105
1.334000 0.354035
1.335000 0.353965
1.336000 0.353895
1.337000 0.353826
1.338000 0.353756
1.339000 0.353687
1.340000 0.353617
1.341000 0.353548
1.342000 0.353479
1.343000 0.353410
1.344000 0.353341
1.345000 0.353272
1.346000 0.353203
1.347000 0.353134
1.348000 0.353066
1.349000 0.352997
1.350000 0.352928
1.351000 0.352860
1.352000 0.352792
1.353000 0.352723
1.354000 0.352655
1.355000 0.352587
1.356000 0.352519
1.357000 0.352451
1.358000 0.352383
1.359000 0.352316
1.360000 0.352248
1.361000 0.352181
1.362000 0.352113
1.363000 0.352046
1.364000 0.351978
1.365000 0.351911
1.366000 0.351844
1.367000 0.351777
1.368000 0.351710
1.369000 0.351643
1.370000 0.351576
1.371000 0.351509
1.372000 0.351443
1.373000 0.351376
1.374000 0.351310
1.375000 0.351243
1.376000 0.351177
1.377000 0.351111
1.378000 0.351044
1.379000 0.350978
1.380000 0.350912
1.381000 0.350846
1.382000 0.350780
1.383000 0.350715
1.384000 0.350649
1.385000 0.350583
1.386000 0.350518
1.387000 0.350452
1.388000 0.350387
1.389000 0.350322
1.390000 0.350256
1.391000 0.350191
1.392000 0.350126
1.393000 0.350061
1.394000 0.349996
1.395000 0.349932
1.396000 0.349867
1.397000 0.349802
1.398000 0.349738
1.399000 0.349673
1.400000 0.349609
1.401000 0.349544
1.402000 0.349480
1.403000 0.349416
1.404000 0.349352
1.405000 0.349288
1.406000 0.349224
1.407000 0.349160
1.408000 0.349096
1.409000 0.349032
1.410000 0.348968
1.411000 0.348905
1.412000 0.348841
1.413000 0.348778
1.414000 0.348715
1.415000 0.348651
1.416000 0.348588
1.417000 0.348525
1.418000 0.348462
1.419000 0.348399
1.420000 0.348336
1.421000 0.348273
1.422000 0.348210
1.423000 0.348148
1.424000 0.348085
1.425000 0.348022
1.426000 0.347960
1.427000 0.347898
1.428000 0.347835
1.429000 0.347773
1.430000 0.347711
1.431000 0.347649
1.432000 0.347587
1.433000 0.347525
1.434000 0.347463
1.435000 0.347401
1.436000 0.347339
1.437000 0.347278
1.438000 0.347216
1.439000 0.347155
1.440000 0.347093
1.441000 0.347032
1.442000 0.346970
1.443000 0.346909
1.444000 0.346848
1.445000 0.346787
1.446000 0.346726
1.447000 0.346665
1.448000 0.346604
1.449000 0.346543
1.450000 0.346483
1.451000 0.346422
1.452000 0.346361
1.453000 0.346301
1.454000 0.346240
1.455000 0.346180
1.456000 0.346120
1.457000 0.346059
1.458000 0.345999
1.459000 0.345939
1.460000 0.345879
1.461000 0.345819
1.462000 0.345759
1.463000 0.345700
1.464000 0.345640
1.465000 0.345580
1.466000 0.345521
1.467000 0.345461
1.468000 0.345401
1.469000 0.345342
1.470000 0.345283
1.471000 0.345223
1.472000 0.345164
1.473000 0.345105
1.474000 0.345046
1.475000 0.344987
1.476000 0.344928
1.477000 0.344869
1.478000 0.344811
1.479000 0.344752
1.480000 0.344693
1.481000 0.344635
1.482000 0.344576
1.483000 0.344518
1.484000 0.344459
1.485000 0.344401
1.486000 0.344343
1.487000 0.344284
1.488000 0.344226
1.489000 0.344168
1.490000 0.344110
1.491000 0.344052
1.492000 0.343994
1.493000 0.343937
1.494000 0.343879
1.495000 0.343821
1.496000 0.343764
1.497000 0.343706
1.498000 0.343649
1.499000 0.343591
1.500000 0.343534
1.501000 0.343477
1.502000 0.343420
1.503000 0.343362
1.504000 0.343305
1.505000 0.343248
1.506000 0.343191
1.507000 0.343134
1.508000 0.343078
1.509000 0.343021
1.510000 0.342964
1.511000 0.342908
1.512000 0.342851
1.513000 0.342795
1.514000 0.342738
1.515000 0.342682
1.516000 0.342625
1.517000 0.342569
1.518000 0.342513
1.519000 0.342457
1.520000 0.342401
1.521000 0.342345
1.522000 0.342289
1.523000 0.342233
1.524000 0.342177
1.525000 0.342122
1.526000 0.342066
1.527000 0.342010
1.528000 0.341955
1.529000 0.341899
1.530000 0.341844
1.531000 0.341788
1.532000 0.341733
1.533000 0.341678
1.534000 0.341623
1.535000 0.341568
1.536000 0.341513
1.537000 0.341458
1.538000 0.341403
1.539000 0.341348
1.540000 0.341293
1.541000 0.341238
1.542000 0.341183
1.543000 0.341129
1.544000 0.341074
1.545000 0.341020
1.546000 0.340965
1.547000 0.340911
1.548000 0.340857
1.549000 0.340802
1.550000 0.340748
1.551000 0.340694
1.552000 0.340640
1.553000 0.340586
1.554000 0.340532
1.555000 0.340478
1.556000 0.340424
1.557000 0.340370
1.558000 0.340317
1.559000 0.340263
1.560000 0.340209
1.561000 0.340156
1.562000 0.340102
1.563000 0.340049
1.564000 0.339995
1.565000 0.339942
1.566000 0.339889
1.567000 0.339836
1.568000 0.339782
1.569000 0.339729
1.570000 0.339676
1.571000 0.339623
1.572000 0.339570
1.573000 0.339517
1.574000 0.339465
1.575000 0.339412
1.576000 0.339359
1.577000 0.339307
1.578000 0.339254
1.579000 0.339202
1.580000 0.339149
1.581000 0.339097
1.582000 0.339044
1.583000 0.338992
1.584000 0.338940
1.585000 0.338888
1.586000 0.338835
1.587000 0.338783
1.588000 0.338731
1.589000 0.338679
1.590000 0.338628
1.591000 0.338576
1.592000 0.338524
1.593000 0.338472
1.594000 0.338421
1.595000 0.338369
1.596000 0.338317
1.597000 0.338266
1.598000 0.338214
1.599000 0.338163
1.600000 0.338112
1.601000 0.338060
1.602000 0.338009
1.603000 0.337958
1.604000 0.337907
1.605000 0.337856
1.606000 0.337805
1.607000 0.337754
1.608000 0.337703
1.609000 0.337652
1.610000 0.337601
1.611000 0.337551
1.612000 0.337500
1.613000 0.337449
1.614000 0.337399
1.615000 0.337348
1.616000 0.337298
1.617000 0.337247
1.618000 0.337197
1.619000 0.337147
1.620000 0.337096
1.621000 0.337046
1.622000 0.336996
1.623000 0.336946
1.624000 0.336896
1.625000 0.336846
1.626000 0.336796
1.627000 0.336746
1.628000 0.336696
1.629000 0.336646
1.630000 0.336597
1.631000 0.336547
1.632000 0.336497
1.633000 0.336448
1.634000 0.336398
1.635000 0.336349
1.636000 0.336299
1.637000 0.336250
1.638000 0.336201
1.639000 0.336152
1.640000 0.336102
1.641000 0.336053
1.642000 0.336004
1.643000 0.335955
1.644000 0.335906
1.645000 0.335857
1.646000 0.335808
1.647000 0.335759
1.648000 0.335711
1.649000 0.335662
1.650000 0.335613
1.651000 0.335564
1.652000 0.335516
1.653000 0.335467
1.654000 0.335419
1.655000 0.335370
1.656000 0.335322
1.657000 0.335274
1.658000 0.335225
1.659000 0.335177
1.660000 0.335129
1.661000 0.335081
1.662000 0.335033
1.663000 0.334985
1.664000 0.334937
1.665000 0.334889
1.666000 0.334841
1.667000 0.334793
1.668000 0.334745
1.669000 0.334698
1.670000 0.334650
1.671000 0.334602
1.672000 0.334555
1.673000 0.334507
1.674000 0.334460
1.675000 0.334412
1.676000 0.334365
1.677000 0.334317
1.678000 0.334270
1.679000 0.334223
1.680000 0.334176
1.681000 0.334129
1.682000 0.334081
1.683000 0.334034
1.684000 0.333987
1.685000 0.333940
1.686000 0.333894
1.687000 0.333847
1.688000 0.333800
1.689000 0.333753
1.690000 0.333706
1.691000 0.333660
1.692000 0.333613
1.693000 0.333567
1.694000 0.333520
1.695000 0.333474
1.696000 0.333427
1.697000 0.333381
1.698000 0.333334
1.699000 0.333288
1.700000 0.333242
1.701000 0.333196
1.702000 0.333150
1.703000 0.333103
1.704000 0.333057
1.705000 0.333011
1.706000 0.332965
1.707000 0.332920
1.708000 0.332874
1.709000 0.332828
1.710000 0.332782
1.711000 0.332736
1.712000 0.332691
1.713000 0.332645
1.714000 0.332599
1.715000 0.332554
1.716000 0.332508
1.717000 0.332463
1.718000 0.332418
1.719000 0.332372
1.720000 0.332327
1.721000 0.332282
1.722000 0.332236
1.723000 0.332191
1.724000 0.332146
1.725000 0.332101
1.726000 0.332056
1.727000 0.332011
1.728000 0.331966
1.729000 0.331921
1.730000 0.331876
1.731000 0.331831
1.732000 0.331787
1.733000 0.331742
1.734000 0.331697
1.735000 0.331653
1.736000 0.331608
1.737000 0.331564
1.738000 0.331519
1.739000 0.331475
1.740000 0.331430
1.741000 0.331386
1.742000 0.331341
1.743000 0.331297
1.744000 0.331253
1.745000 0.331209
1.746000 0.331165
1.747000 0.331120
1.748000 0.331076
1.749000 0.331032
1.750000 0.330988
1.751000 0.330945
1.752000 0.330901
1.753000 0.330857
1.754000 0.330813
1.755000 0.330769
1.756000 0.330726
1.757000 0.330682
1.758000 0.330638
1.759000 0.330595
1.760000 0.330551
1.761000 0.330508
1.762000 0.330464
1.763000 0.330421
1.764000 0.330377
1.765000 0.330334
1.766000 0.330291
1.767000 0.330248
1.768000 0.330204
1.769000 0.330161
1.770000 0.330118
1.771000 0.330075
1.772000 0.330032
1.773000 0.329989
1.774000 0.329946
1.775000 0.329903
1.776000 0.329860
1.777000 0.329818
1.778000 0.329775
1.779000 0.329732
1.780000 0.329689
1.781000 0.329647
1.782000 0.329604
1.783000 0.329562
1.784000 0.329519
1.785000 0.329477
1.786000 0.329434
1.787000 0.329392
1.788000 0.329349
1.789000 0.329307
1.790000 0.329265
1.791000 0.329222
1.792000 0.329180
1.793000 0.329138
1.794000 0.329096
1.795000 0.329054
1.796000 0.329012
1.797000 0.328970
1.798000 0.328928
1.799000 0.328886
1.800000 0.328844
1.801000 0.328802
1.802000 0.328761
1.803000 0.328719
1.804000 0.328677
1.805000 0.328636
1.806000 0.328594
1.807000 0.328552
1.808000 0.328511
1.809000 0.328469
1.810000 0.328428
1.811000 0.328386
1.812000 0.328345
1.813000 0.328304
1.814000 0.328262
1.815000 0.328221
1.816000 0.328180
1.817000 0.328139
1.818000 0.328098
1.819000 0.328056
1.820000 0.328015
1.821000 0.327974
1.822000 0.327933
1.823000 0.327892
1.824000 0.327852
1.825000 0.327811
1.826000 0.327770
1.827000 0.327729
1.828000 0.327688
1.829000 0.327648
1.830000 0.327607
1.831000 0.327566
1.832000 0.327526
1.833000 0.327485
1.834000 0.327445
1.835000 0.327404
1.836000 0.327364
1.837000 0.327323
1.838000 0.327283
1.839000 0.327243
1.840000 0.327202
1.841000 0.327162
1.842000 0.327122
1.843000 0.327082
1.844000 0.327042
1.845000 0.327001
1.846000 0.326961
1.847000 0.326921
1.848000 0.326881
1.849000 0.326841
1.850000 0.326802
1.851000 0.326762
1.852000 0.326722
1.853000 0.326682
1.854000 0.326642
1.855000 0.326603
1.856000 0.326563
1.857000 0.326523
1.858000 0.326484
1.859000 0.326444
1.860000 0.326405
1.861000 0.326365
1.862000 0.326326
1.863000 0.326286
1.864000 0.326247
1.865000 0.326207
1.866000 0.326168
1.867000 0.326129
1.868000 0.326090
1.869000 0.326050
1.870000 0.326011
1.871000 0.325972
1.872000 0.325933
1.873000 0.325894
1.874000 0.325855
1.875000 0.325816
1.876000 0.325777
1.877000 0.325738
1.878000 0.325699
1.879000 0.325660
1.880000 0.325622
1.881000 0.325583
1.882000 0.325544
1.883000 0.325505
1.884000 0.325467
1.885000 0.325428
1.886000 0.325390
1.887000 0.325351
1.888000 0.325313
1.889000 0.325274
1.890000 0.325236
1.891000 0.325197
1.892000 0.325159
1.893000 0.325121
1.894000 0.325082
1.895000 0.325044
1.896000 0.325006
1.897000 0.324968
1.898000 0.324929
1.899000 0.324891
1.900000 0.324853
1.901000 0.324815
1.902000 0.324777
1.903000 0.324739
1.904000 0.324701
1.905000 0.324663
1.906000 0.324625
1.907000 0.324588
1.908000 0.324550
1.909000 0.324512
1.910000 0.324474
1.911000 0.324437
1.912000 0.324399
1.913000 0.324361
1.914000 0.324324
1.915000 0.324286
1.916000 0.324249
1.917000 0.324211
1.918000 0.324174
1.919000 0.324136
1.920000 0.324099
1.921000 0.324062
1.922000 0.324024
1.923000 0.323987
1.924000 0.323950
1.925000 0.323912
1.926000 0.323875
1.927000 0.323838
1.928000 0.323801
1.929000 0.323764
1.930000 0.323727
1.931000 0.323690
1.932000 0.323653
1.933000 0.323616
1.934000 0.323579
1.935000 0.323542
1.936000 0.323505
1.937000 0.323469
1.938000 0.323432
1.939000 0.323395
1.940000 0.323358
1.941000 0.323322
1.942000 0.323285
1.943000 0.323248
1.944000 0.323212
1.945000 0.323175
1.946000 0.323139
1.947000 0.323102
1.948000 0.323066
1.949000 0.323029
1.950000 0.322993
1.951000 0.322957
1.952000 0.322920
1.953000 0.322884
1.954000 0.322848
1.955000 0.322812
1.956000 0.322775
1.957000 0.322739
1.958000 0.322703
1.959000 0.322667
1.960000 0.322631
1.961000 0.322595
1.962000 0.322559
1.963000 0.322523
1.964000 0.322487
1.965000 0.322451
1.966000 0.322415
1.967000 0.322380
1.968000 0.322344
1.969000 0.322308
1.970000 0.322272
1.971000 0.322237
1.972000 0.322201
1.973000 0.322165
1.974000 0.322130
1.975000 0.322094
1.976000 0.322059
1.977000 0.322023
1.978000 0.321988
1.979000 0.321952
1.980000 0.321917
1.981000 0.321881
1.982000 0.321846
1.983000 0.321811
1.984000 0.321775
1.985000 0.321740
1.986000 0.321705
1.987000 0.321670
1.988000 0.321634
1.989000 0.321599
1.990000 0.321564
1.991000 0.321529
1.992000 0.321494
1.993000 0.321459
1.994000 0.321424
1.995000 0.321389
1.996000 0.321354
1.997000 0.321319
1.998000 0.321285
1.999000 0.321250
2.000000 0.321215
2.001000 0.321180
2.002000 0.321145
2.003000 0.321111
2.004000 0.321076
2.005000 0.321041
2.006000 0.321007
2.007000 0.320972
2.008000 0.320938
2.009000 0.320903
2.010000 0.320869
2.011000 0.320834
2.012000 0.320800
2.013000 0.320765
2.014000 0.320731
2.015000 0.320697
2.016000 0.320662
2.017000 0.320628
2.018000 0.320594
2.019000 0.320560
2.020000 0.320526
2.021000 0.320491
2.022000 0.320457
2.023000 0.320423
2.024000 0.320389
2.025000 0.320355
2.026000 0.320321
2.027000 0.320287
2.028000 0.320253
2.029000 0.320219
2.030000 0.320185
2.031000 0.320151
2.032000 0.320118
2.033000 0.320084
2.034000 0.320050
2.035000 0.320016
2.036000 0.319983
2.037000 0.319949
2.038000 0.319915
2.039000 0.319882
2.040000 0.319848
2.041000 0.319815
2.042000 0.319781
2.043000 0.319748
2.044000 0.319714
2.045000 0.319681
2.046000 0.319647
2.047000 0.319614
2.048000 0.319580
2.049000 0.319547
2.050000 0.319514
2.051000 0.319481
2.052000 0.319447
2.053000 0.319414
2.054000 0.319381
2.055000 0.319348
2.056000 0.319315
2.057000 0.319281
2.058000 0.319248
2.059000 0.319215
2.060000 0.319182
2.061000 0.319149
2.062000 0.319116
2.063000 0.319083
2.064000 0.319051
2.065000 0.319018
2.066000 0.318985
2.067000 0.318952
2.068000 0.318919
2.069000 0.318886
2.070000 0.318854
2.071000 0.318821
2.072000 0.318788
2.073000 0.318756
2.074000 0.318723
2.075000 0.318690
2.076000 0.318658
2.077000 0.318625
2.078000 0.318593
2.079000 0.318560
2.080000 0.318528
2.081000 0.318496
2.082000 0.318463
2.083000 0.318431
2.084000 0.318398
2.085000 0.318366
2.086000 0.318334
2.087000 0.318302
2.088000 0.318269
2.089000 0.318237
2.090000 0.318205
2.091000 0.318173
2.092000 0.318141
2.093000 0.318109
2.094000 0.318076
2.095000 0.318044
2.096000 0.318012
2.097000 0.317980
2.098000 0.317948
2.099000 0.317917
2.100000 0.317885
2.101000 0.317853
2.102000 0.317821
2.103000 0.317789
2.104000 0.317757
2.105000 0.317725
2.106000 0.317694
2.107000 0.317662
2.108000 0.317630
2.109000 0.317599
2.110000 0.317567
2.111000 0.317535
2.112000 0.317504
2.113000 0.317472
2.114000 0.317441
2.115000 0.317409
2.116000 0.317378
2.117000 0.317346
2.118000 0.317315
2.119000 0.317283
2.120000 0.317252
2.121000 0.317221
2.122000 0.317189
2.123000 0.317158
2.124000 0.317127
2.125000 0.317096
2.126000 0.317064
2.127000 0.317033
2.128000 0.317002
2.129000 0.316971
2.130000 0.316940
2.131000 0.316909
2.132000 0.316878
2.133000 0.316847
2.134000 0.316816
2.135000 0.316785
2.136000 0.316754
2.137000 0.316723
2.138000 0.316692
2.139000 0.316661
2.140000 0.316630
2.141000 0.316599
2.142000 0.316568
2.143000 0.316538
2.144000 0.316507
2.145000 0.316476
2.146000 0.316445
2.147000 0.316415
2.148000 0.316384
2.149000 0.316354
2.150000 0.316323
2.151000 0.316292
2.152000 0.316262
2.153000 0.316231
2.154000 0.316201
2.155000 0.316170
2.156000 0.316140
2.157000 0.316109
2.158000 0.316079
2.159000 0.316049
2.160000 0.316018
2.161000 0.315988
2.162000 0.315958
2.163000 0.315927
2.164000 0.315897
2.165000 0.315867
2.166000 0.315837
2.167000 0.315807
2.168000 0.315776
2.169000 0.315746
2.170000 0.315716
2.171000 0.315686
2.172000 0.315656
2.173000 0.315626
2.174000 0.315596
2.175000 0.315566
2.176000 0.315536
2.177000 0.315506
2.178000 0.315476
2.179000 0.315446
2.180000 0.315417
2.181000 0.315387
2.182000 0.315357
2.183000 0.315327
2.184000 0.315297
2.185000 0.315268
2.186000 0.315238
2.187000 0.315208
2.188000 0.315179
2.189000 0.315149
2.190000 0.315119
2.191000 0.315090
2.192000 0.315060
2.193000 0.315031
2.194000 0.315001
2.195000 0.314972
2.196000 0.314942
2.197000 0.314913
2.198000 0.314883
2.199000 0.314854
2.200000 0.314825
2.201000 0.314795
2.202000 0.314766
2.203000 0.314737
2.204000 0.314707
2.205000 0.314678
2.206000 0.314649
2.207000 0.314620
2.208000 0.314591
2.209000 0.314561
2.210000 0.314532
2.211000 0.314503
2.212000 0.314474
2.213000 0.314445
2.214000 0.314416
2.215000 0.314387
2.216000 0.314358
2.217000 0.314329
2.218000 0.314300
2.219000 0.314271
2.220000 0.314242
2.221000 0.314213
2.222000 0.314185
2.223000 0.314156
2.224000 0.314127
2.225000 0.314098
2.226000 0.314069
2.227000 0.314041
2.228000 0.314012
2.229000 0.313983
2.230000 0.313955
2.231000 0.313926
2.232000 0.313897
2.233000 0.313869
2.234000 0.313840
2.235000 0.313812
2.236000 0.313783
2.237000 0.313755
2.238000 0.313726
2.239000 0.313698
2.240000 0.313669
2.241000 0.313641
2.242000 0.313612
2.243000 0.313584
2.244000 0.313556
2.245000 0.313527
2.246000 0.313499
2.247000 0.313471
2.248000 0.313442
2.249000 0.313414
2.250000 0.313386
2.251000 0.313358
2.252000 0.313330
2.253000 0.313302
2.254000 0.313273
2.255000 0.313245
2.256000 0.313217
2.257000 0.313189
2.258000 0.313161
2.259000 0.313133
2.260000 0.313105
2.261000 0.313077
2.262000 0.313049
2.263000 0.313021
2.264000 0.312993
2.265000 0.312966
2.266000 0.312938
2.267000 0.312910
2.268000 0.312882
2.269000 0.312854
2.270000 0.312826
2.271000 0.312799
2.272000 0.312771
2.273000 0.312743
2.274000 0.312716
2.275000 0.312688
2.276000 0.312660
2.277000 0.312633
2.278000 0.312605
2.279000 0.312578
2.280000 0.312550
2.281000 0.312522
2.282000 0.312495
2.283000 0.312467
2.284000 0.312440
2.285000 0.312413
2.286000 0.312385
2.287000 0.312358
2.288000 0.312330
2.289000 0.312303
2.290000 0.312276
2.291000 0.312248
2.292000 0.312221
2.293000 0.312194
2.294000 0.312167
2.295000 0.312139
2.296000 0.312112
2.297000 0.312085
2.298000 0.312058
2.299000 0.312031
2.300000 0.312003
2.301000 0.311976
2.302000 0.311949
2.303000 0.311922
2.304000 0.311895
2.305000 0.311868
2.306000 0.311841
2.307000 0.311814
2.308000 0.311787
2.309000 0.311760
2.310000 0.311733
2.311000 0.311707
2.312000 0.311680
2.313000 0.311653
2.314000 0.311626
2.315000 0.311599
2.316000 0.311572
2.317000 0.311546
2.318000 0.311519
2.319000 0.311492
2.320000 0.311465
2.321000 0.311439
2.322000 0.311412
2.323000 0.311385
2.324000 0.311359
2.325000 0.311332
2.326000 0.311306
2.327000 0.311279
2.328000 0.311253
2.329000 0.311226
2.330000 0.311200
2.331000 0.311173
2.332000 0.311147
2.333000 0.311120
2.334000 0.311094
2.335000 0.311067
2.336000 0.311041
2.337000 0.311015
2.338000 0.310988
2.339000 0.310962
2.340000 0.310936
2.341000 0.310909
2.342000 0.310883
2.343000 0.310857
2.344000 0.310831
2.345000 0.310805
2.346000 0.310778
2.347000 0.310752
2.348000 0.310726
2.349000 0.310700
2.350000 0.310674
2.351000 0.310648
2.352000 0.310622
2.353000 0.310596
2.354000 0.310570
2.355000 0.310544
2.356000 0.310518
2.357000 0.310492
2.358000 0.310466
2.359000 0.310440
2.360000 0.310414
2.361000 0.310388
2.362000 0.310362
2.363000 0.310336
2.364000 0.310311
2.365000 0.310285
2.366000 0.310259
2.367000 0.310233
2.368000 0.310208
2.369000 0.310182
2.370000 0.310156
2.371000 0.310130
2.372000 0.310105
2.373000 0.310079
2.374000 0.310054
2.375000 0.310028
2.376000 0.310002
2.377000 0.309977
2.378000 0.309951
2.379000 0.309926
2.380000 0.309900
2.381000 0.309875
2.382000 0.309849
2.383000 0.309824
2.384000 0.309798
2.385000 0.309773
2.386000 0.309748
2.387000 0.309722
2.388000 0.309697
2.389000 0.309672
2.390000 0.309646
2.391000 0.309621
2.392000 0.309596
2.393000 0.309570
2.394000 0.309545
2.395000 0.309520
2.396000 0.309495
2.397000 0.309470
2.398000 0.309444
2.399000 0.309419
2.400000 0.309394
2.401000 0.309369
2.402000 0.309344
2.403000 0.309319
2.404000 0.309294
2.405000 0.309269
2.406000 0.309244
2.407000 0.309219
2.408000 0.309194
2.409000 0.309169
2.410000 0.309144
2.411000 0.309119
2.412000 0.309094
2.413000 0.309069
2.414000 0.309044
2.415000 0.309020
2.416000 0.308995
2.417000 0.308970
2.418000 0.308945
2.419000 0.308920
2.420000 0.308896
2.421000 0.308871
2.422000 0.308846
2.423000 0.308821
2.424000 0.308797
2.425000 0.308772
2.426000 0.308748
2.427000 0.308723
2.428000 0.308698
2.429000 0.308674
2.430000 0.308649
2.431000 0.308625
2.432000 0.308600
2.433000 0.308576
2.434000 0.308551
2.435000 0.308527
2.436000 0.308502
2.437000 0.308478
2.438000 0.308453
2.439000 0.308429
2.440000 0.308404
2.441000 0.308380
2.442000 0.308356
2.443000 0.308331
2.444000 0.308307
2.445000 0.308283
2.446000 0.308259
2.447000 0.308234
2.448000 0.308210
2.449000 0.308186
2.450000 0.308162
2.451000 0.308137
2.452000 0.308113
2.453000 0.308089
2.454000 0.308065
2.455000 0.308041
2.456000 0.308017
2.457000 0.307993
2.458000 0.307969
2.459000 0.307945
2.460000 0.307921
2.461000 0.307897
2.462000 0.307873
2.463000 0.307849
2.464000 0.307825
2.465000 0.307801
2.466000 0.307777
2.467000 0.307753
2.468000 0.307729
2.469000 0.307705
2.470000 0.307681
2.471000 0.307657
2.472000 0.307634
2.473000 0.307610
2.474000 0.307586
2.475000 0.307562
2.476000 0.307538
2.477000 0.307515
2.478000 0.307491
2.479000 0.307467
2.480000 0.307444
2.481000 0.307420
2.482000 0.307396
2.483000 0.307373
2.484000 0.307349
2.485000 0.307326
2.486000 0.307302
2.487000 0.307278
2.488000 0.307255
2.489000 0.307231
2.490000 0.307208
2.491000 0.307184
2.492000 0.307161
2.493000 0.307137
2.494000 0.307114
2.495000 0.307091
2.496000 0.307067
2.497000 0.307044
2.498000 0.307020
2.499000 0.306997
2.500000 0.306974
2.501000 0.306950
2.502000 0.306927
2.503000 0.306904
2.504000 0.306881
2.505000 0.306857
2.506000 0.306834
2.507000 0.306811
2.508000 0.306788
2.509000 0.306764
2.510000 0.306741
2.511000 0.306718
2.512000 0.306695
2.513000 0.306672
2.514000 0.306649
2.515000 0.306626
2.516000 0.306603
2.517000 0.306580
2.518000 0.306556
2.519000 0.306533
2.520000 0.306510
2.521000 0.306487
2.522000 0.306465
2.523000 0.306442
2.524000 0.306419
2.525000 0.306396
2.526000 0.306373
2.527000 0.306350
2.528000 0.306327
2.529000 0.306304
2.530000 0.306281
2.531000 0.306259
2.532000 0.306236
2.533000 0.306213
2.534000 0.306190
2.535000 0.306167
2.536000 0.306145
2.537000 0.306122
2.538000 0.306099
2.539000 0.306077
2.540000 0.306054
2.541000 0.306031
2.542000 0.306009
2.543000 0.305986
2.544000 0.305963
2.545000 0.305941
2.546000 0.305918
2.547000 0.305896
2.548000 0.305873
2.549000 0.305851
2.550000 0.305828
2.551000 0.305805
2.552000 0.305783
2.553000 0.305761
2.554000 0.305738
2.555000 0.305716
2.556000 0.305693
2.557000 0.305671
2.558000 0.305648
2.559000 0.305626
2.560000 0.305604
2.561000 0.305581
2.562000 0.305559
2.563000 0.305537
2.564000 0.305514
2.565000 0.305492
2.566000 0.305470
2.567000 0.305448
2.568000 0.305425
2.569000 0.305403
2.570000 0.305381
2.571000 0.305359
2.572000 0.305337
2.573000 0.305315
2.574000 0.305292
2.575000 0.305270
2.576000 0.305248
2.577000 0.305226
2.578000 0.305204
2.579000 0.305182
2.580000 0.305160
2.581000 0.305138
2.582000 0.305116
2.583000 0.305094
2.584000 0.305072
2.585000 0.305050
2.586000 0.305028
2.587000 0.305006
2.588000 0.304984
2.589000 0.304962
2.590000 0.304940
2.591000 0.304918
2.592000 0.304897
2.593000 0.304875
2.594000 0.304853
2.595000 0.304831
2.596000 0.304809
2.597000 0.304788
2.598000 0.304766
2.599000 0.304744
2.600000 0.304722
2.601000 0.304701
2.602000 0.304679
2.603000 0.304657
2.604000 0.304636
2.605000 0.304614
2.606000 0.304592
2.607000 0.304571
2.608000 0.304549
2.609000 0.304527
2.610000 0.304506
2.611000 0.304484
2.612000 0.304463
2.613000 0.304441
2.614000 0.304420
2.615000 0.304398
2.616000 0.304377
2.617000 0.304355
2.618000 0.304334
2.619000 0.304312
2.620000 0.304291
2.621000 0.304269
2.622000 0.304248
2.623000 0.304227
2.624000 0.304205
2.625000 0.304184
2.626000 0.304162
2.627000 0.304141
2.628000 0.304120
2.629000 0.304099
2.630000 0.304077
2.631000 0.304056
2.632000 0.304035
2.633000 0.304013
2.634000 0.303992
2.635000 0.303971
2.636000 0.303950
2.637000 0.303929
2.638000 0.303907
2.639000 0.303886
2.640000 0.303865
2.641000 0.303844
2.642000 0.303823
2.643000 0.303802
2.644000 0.303781
2.645000 0.303760
2.646000 0.303739
2.647000 0.303718
2.648000 0.303697
2.649000 0.303676
2.650000 0.303655
2.651000 0.303634
2.652000 0.303613
2.653000 0.303592
2.654000 0.303571
2.655000 0.303550
2.656000 0.303529
2.657000 0.303508
2.658000 0.303487
2.659000 0.303466
2.660000 0.303445
2.661000 0.303425
2.662000 0.303404
2.663000 0.303383
2.664000 0.303362
2.665000 0.303341
2.666000 0.303321
2.667000 0.303300
2.668000 0.303279
2.669000 0.303258
2.670000 0.303238
2.671000 0.303217
2.672000 0.303196
2.673000 0.303176
2.674000 0.303155
2.675000 0.303134
2.676000 0.303114
2.677000 0.303093
2.678000 0.303072
2.679000 0.303052
2.680000 0.303031
2.681000 0.303011
2.682000 0.302990
2.683000 0.302970
2.684000 0.302949
2.685000 0.302929
2.686000 0.302908
2.687000 0.302888
2.688000 0.302867
2.689000 0.302847
2.690000 0.302826
2.691000 0.302806
2.692000 0.302786
2.693000 0.302765
2.694000 0.302745
2.695000 0.302724
2.696000 0.302704
2.697000 0.302684
2.698000 0.302663
2.699000 0.302643
2.700000 0.302623
2.701000 0.302603
2.702000 0.302582
2.703000 0.302562
2.704000 0.302542
2.705000 0.302522
2.706000 0.302501
2.707000 0.302481
2.708000 0.302461
2.709000 0.302441
2.710000 0.302421
2.711000 0.302401
2.712000 0.302380
2.713000 0.302360
2.714000 0.302340
2.715000 0.302320
2.716000 0.302300
2.717000 0.302280
2.718000 0.302260
2.719000 0.302240
2.720000 0.302220
2.721000 0.302200
2.722000 0.302180
2.723000 0.302160
2.724000 0.302140
2.725000 0.302120
2.726000 0.302100
2.727000 0.302080
2.728000 0.302060
2.729000 0.302040
2.730000 0.302020
2.731000 0.302000
2.732000 0.301981
2.733000 0.301961
2.734000 0.301941
2.735000 0.301921
2.736000 0.301901
2.737000 0.301882
2.738000 0.301862
2.739000 0.301842
2.740000 0.301822
2.741000 0.301802
2.742000 0.301783
2.743000 0.301763
2.744000 0.301743
2.745000 0.301724
2.746000 0.301704
2.747000 0.301684
2.748000 0.301665
2.749000 0.301645
2.750000 0.301625
2.751000 0.301606
2.752000 0.301586
2.753000 0.301567
2.754000 0.301547
2.755000 0.301527
2.756000 0.301508
2.757000 0.301488
2.758000 0.301469
2.759000 0.301449
2.760000 0.301430
2.761000 0.301410
2.762000 0.301391
2.763000 0.301371
2.764000 0.301352
2.765000 0.301333
2.766000 0.301313
2.767000 0.301294
2.768000 0.301274
2.769000 0.301255
2.770000 0.301236
2.771000 0.301216
2.772000 0.301197
2.773000 0.301178
2.774000 0.301158
2.775000 0.301139
2.776000 0.301120
2.777000 0.301100
2.778000 0.301081
2.779000 0.301062
2.780000 0.301043
2.781000 0.301023
2.782000 0.301004
2.783000 0.300985
2.784000 0.300966
2.785000 0.300947
2.786000 0.300927
2.787000 0.300908
2.788000 0.300889
2.789000 0.300870
2.790000 0.300851
2.791000 0.300832
2.792000 0.300813
2.793000 0.300794
2.794000 0.300775
2.795000 0.300756
2.796000 0.300736
2.797000 0.300717
2.798000 0.300698
2.799000 0.300679
2.800000 0.300660
2.801000 0.300641
2.802000 0.300623
2.803000 0.300604
2.804000 0.300585
2.805000 0.300566
2.806000 0.300547
2.807000 0.300528
2.808000 0.300509
2.809000 0.300490
2.810000 0.300471
2.811000 0.300452
2.812000 0.300434
2.813000 0.300415
2.814000 0.300396
2.815000 0.300377
2.816000 0.300358
2.817000 0.300340
2.818000 0.300321
2.819000 0.300302
2.820000 0.300283
2.821000 0.300265
2.822000 0.300246
2.823000 0.300227
2.824000 0.300208
2.825000 0.300190
2.826000 0.300171
2.827000 0.300152
2.828000 0.300134
2.829000 0.300115
2.830000 0.300096
2.831000 0.300078
2.832000 0.300059
2.833000 0.300041
2.834000 0.300022
2.835000 0.300004
2.836000 0.299985
2.837000 0.299966
2.838000 0.299948
2.839000 0.299929
2.840000 0.299911
2.841000 0.299892
2.842000 0.299874
2.843000 0.299855
2.844000 0.299837
2.845000 0.299819
2.846000 0.299800
2.847000 0.299782
2.848000 0.299763
2.849000 0.299745
2.850000 0.299727
2.851000 0.299708
2.852000 0.299690
2.853000 0.299671
2.854000 0.299653
2.855000 0.299635
2.856000 0.299616
2.857000 0.299598
2.858000 0.299580
2.859000 0.299562
2.860000 0.299543
2.861000 0.299525
2.862000 0.299507
2.863000 0.299489
2.864000 0.299470
2.865000 0.299452
2.866000 0.299434
2.867000 0.299416
2.868000 0.299398
2.869000 0.299379
2.870000 0.299361
2.871000 0.299343
2.872000 0.299325
2.873000 0.299307
2.874000 0.299289
2.875000 0.299271
2.876000 0.299253
2.877000 0.299235
2.878000 0.299217
2.879000 0.299198
2.880000 0.299180
2.881000 0.299162
2.882000 0.299144
2.883000 0.299126
2.884000 0.299108
2.885000 0.299090
2.886000 0.299072
2.887000 0.299055
2.888000 0.299037
2.889000 0.299019
2.890000 0.299001
2.891000 0.298983
2.892000 0.298965
2.893000 0.298947
2.894000 0.298929
2.895000 0.298911
2.896000 0.298893
2.897000 0.298876
2.898000 0.298858
2.899000 0.298840
2.900000 0.298822
2.901000 0.298804
2.902000 0.298787
2.903000 0.298769
2.904000 0.298751
2.905000 0.298733
2.906000 0.298716
2.907000 0.298698
2.908000 0.298680
2.909000 0.298662
2.910000 0.298645
2.911000 0.298627
2.912000 0.298609
2.913000 0.298592
2.914000 0.298574
2.915000 0.298556
2.916000 0.298539
2.917000 0.298521
2.918000 0.298504
2.919000 0.298486
2.920000 0.298468
2.921000 0.298451
2.922000 0.298433
2.923000 0.298416
2.924000 0.298398
2.925000 0.298381
2.926000 0.298363
2.927000 0.298346
2.928000 0.298328
2.929000 0.298311
2.930000 0.298293
2.931000 0.298276
2.932000 0.298258
2.933000 0.298241
2.934000 0.298223
2.935000 0.298206
2.936000 0.298188
2.937000 0.298171
2.938000 0.298154
2.939000 0.298136
2.940000 0.298119
2.941000 0.298102
2.942000 0.298084
2.943000 0.298067
2.944000 0.298050
2.945000 0.298032
2.946000 0.298015
2.947000 0.297998
2.948000 0.297980
2.949000 0.297963
2.950000 0.297946
2.951000 0.297929
2.952000 0.297911
2.953000 0.297894
2.954000 0.297877
2.955000 0.297860
2.956000 0.297843
2.957000 0.297825
2.958000 0.297808
2.959000 0.297791
2.960000 0.297774
2.961000 0.297757
2.962000 0.297740
2.963000 0.297723
2.964000 0.297705
2.965000 0.297688
2.966000 0.297671
2.967000 0.297654
2.968000 0.297637
2.969000 0.297620
2.970000 0.297603
2.971000 0.297586
2.972000 0.297569
2.973000 0.297552
2.974000 0.297535
2.975000 0.297518
2.976000 0.297501
2.977000 0.297484
2.978000 0.297467
2.979000 0.297450
2.980000 0.297433
2.981000 0.297416
2.982000 0.297399
2.983000 0.297382
2.984000 0.297365
2.985000 0.297349
2.986000 0.297332
2.987000 0.297315
2.988000 0.297298
2.989000 0.297281
2.990000 0.297264
2.991000 0.297247
2.992000 0.297231
2.993000 0.297214
2.994000 0.297197
2.995000 0.297180
2.996000 0.297163
2.997000 0.297147
2.998000 0.297130
2.999000 0.297113
3.000000 0.297096
3.001000 0.297080
3.002000 0.297063
3.003000 0.297046
3.004000 0.297030
3.005000 0.297013
3.006000 0.296996
3.007000 0.296980
3.008000 0.296963
3.009000 0.296946
3.010000 0.296930
3.011000 0.296913
3.012000 0.296896
3.013000 0.296880
3.014000 0.296863
3.015000 0.296847
3.016000 0.296830
3.017000 0.296814
3.018000 0.296797
3.019000 0.296780
3.020000 0.296764
3.021000 0.296747
3.022000 0.296731
3.023000 0.296714
3.024000 0.296698
3.025000 0.296681
3.026000 0.296665
3.027000 0.296649
3.028000 0.296632
3.029000 0.296616
3.030000 0.296599
3.031000 0.296583
3.032000 0.296566
3.033000 0.296550
3.034000 0.296534
3.035000 0.296517
3.036000 0.296501
3.037000 0.296484
3.038000 0.296468
3.039000 0.296452
3.040000 0.296435
3.041000 0.296419
3.042000 0.296403
3.043000 0.296387
3.044000 0.296370
3.045000 0.296354
3.046000 0.296338
3.047000 0.296321
3.048000 0.296305
3.049000 0.296289
3.050000 0.296273
3.051000 0.296256
3.052000 0.296240
3.053000 0.296224
3.054000 0.296208
3.055000 0.296192
3.056000 0.296176
3.057000 0.296159
3.058000 0.296143
3.059000 0.296127
3.060000 0.296111
3.061000 0.296095
3.062000 0.296079
3.063000 0.296063
3.064000 0.296046
3.065000 0.296030
3.066000 0.296014
3.067000 0.295998
3.068000 0.295982
3.069000 0.295966
3.070000 0.295950
3.071000 0.295934
3.072000 0.295918
3.073000 0.295902
3.074000 0.295886
3.075000 0.295870
3.076000 0.295854
3.077000 0.295838
3.078000 0.295822
3.079000 0.295806
3.080000 0.295790
3.081000 0.295774
3.082000 0.295758
3.083000 0.295743
3.084000 0.295727
3.085000 0.295711
3.086000 0.295695
3.087000 0.295679
3.088000 0.295663
3.089000 0.295647
3.090000 0.295631
3.091000 0.295616
3.092000 0.295600
3.093000 0.295584
3.094000 0.295568
3.095000 0.295552
3.096000 0.295537
3.097000 0.295521
3.098000 0.295505
3.099000 0.295489
3.100000 0.295473
3.101000 0.295458
3.102000 0.295442
3.103000 0.295426
3.104000 0.295411
3.105000 0.295395
3.106000 0.295379
3.107000 0.295363
3.108000 0.295348
3.109000 0.295332
3.110000 0.295316
3.111000 0.295301
3.112000 0.295285
3.113000 0.295269
3.114000 0.295254
3.115000 0.295238
3.116000 0.295223
3.117000 0.295207
3.118000 0.295191
3.119000 0.295176
3.120000 0.295160
3.121000 0.295145
3.122000 0.295129
3.123000 0.295114
3.124000 0.295098
3.125000 0.295083
3.126000 0.295067
3.127000 0.295052
3.128000 0.295036
3.129000 0.295021
3.130000 0.295005
3.131000 0.294990
3.132000 0.294974
3.133000 0.294959
3.134000 0.294943
3.135000 0.294928
3.136000 0.294913
3.137000 0.294897
3.138000 0.294882
3.139000 0.294866
3.140000 0.294851
3.141000 0.294836
3.142000 0.294820
3.143000 0.294805
3.144000 0.294789
3.145000 0.294774
3.146000 0.294759
3.147000 0.294743
3.148000 0.294728
3.149000 0.294713
3.150000 0.294698
3.151000 0.294682
3.152000 0.294667
3.153000 0.294652
3.154000 0.294636
3.155000 0.294621
3.156000 0.294606
3.157000 0.294591
3.158000 0.294576
3.159000 0.294560
3.160000 0.294545
3.161000 0.294530
3.162000 0.294515
3.163000 0.294500
3.164000 0.294484
3.165000 0.294469
3.166000 0.294454
3.167000 0.294439
3.168000 0.294424
3.169000 0.294409
3.170000 0.294394
3.171000 0.294378
3.172000 0.294363
3.173000 0.294348
3.174000 0.294333
3.175000 0.294318
3.176000 0.294303
3.177000 0.294288
3.178000 0.294273
3.179000 0.294258
3.180000 0.294243
3.181000 0.294228
3.182000 0.294213
3.183000 0.294198
3.184000 0.294183
3.185000 0.294168
3.186000 0.294153
3.187000 0.294138
3.188000 0.294123
3.189000 0.294108
3.190000 0.294093
3.191000 0.294078
3.192000 0.294063
3.193000 0.294048
3.194000 0.294033
3.195000 0.294018
3.196000 0.294004
3.197000 0.293989
3.198000 0.293974
3.199000 0.293959
3.200000 0.293944
3.201000 0.293929
3.202000 0.293914
3.203000 0.293900
3.204000 0.293885
3.205000 0.293870
3.206000 0.293855
3.207000 0.293840
3.208000 0.293826
3.209000 0.293811
3.210000 0.293796
3.211000 0.293781
3.212000 0.293767
3.213000 0.293752
3.214000 0.293737
3.215000 0.293722
3.216000 0.293708
3.217000 0.293693
3.218000 0.293678
3.219000 0.293663
3.220000 0.293649
3.221000 0.293634
3.222000 0.293619
3.223000 0.293605
3.224000 0.293590
3.225000 0.293575
3.226000 0.293561
3.227000 0.293546
3.228000 0.293532
3.229000 0.293517
3.230000 0.293502
3.231000 0.293488
3.232000 0.293473
3.233000 0.293459
3.234000 0.293444
3.235000 0.293429
3.236000 0.293415
3.237000 0.293400
3.238000 0.293386
3.239000 0.293371
3.240000 0.293357
3.241000 0.293342
3.242000 0.293328
3.243000 0.293313
3.244000 0.293299
3.245000 0.293284
3.246000 0.293270
3.247000 0.293255
3.248000 0.293241
3.249000 0.293227
3.250000 0.293212
3.251000 0.293198
3.252000 0.293183
3.253000 0.293169
3.254000 0.293154
3.255000 0.293140
3.256000 0.293126
3.257000 0.293111
3.258000 0.293097
3.259000 0.293083
3.260000 0.293068
3.261000 0.293054
3.262000 0.293039
3.263000 0.293025
3.264000 0.293011
3.265000 0.292997
3.266000 0.292982
3.267000 0.292968
3.268000 0.292954
3.269000 0.292939
3.270000 0.292925
3.271000 0.292911
3.272000 0.292897
3.273000 0.292882
3.274000 0.292868
3.275000 0.292854
3.276000 0.292840
3.277000 0.292825
3.278000 0.292811
3.279000 0.292797
3.280000 0.292783
3.281000 0.292769
3.282000 0.292754
3.283000 0.292740
3.284000 0.292726
3.285000 0.292712
3.286000 0.292698
3.287000 0.292684
3.288000 0.292670
3.289000 0.292655
3.290000 0.292641
3.291000 0.292627
3.292000 0.292613
3.293000 0.292599
3.294000 0.292585
3.295000 0.292571
3.296000 0.292557
3.297000 0.292543
3.298000 0.292529
3.299000 0.292515
3.300000 0.292501
3.301000 0.292487
3.302000 0.292473
3.303000 0.292459
3.304000 0.292445
3.305000 0.292431
3.306000 0.292417
3.307000 0.292403
3.308000 0.292389
3.309000 0.292375
3.310000 0.292361
3.311000 0.292347
3.312000 0.292333
3.313000 0.292319
3.314000 0.292305
3.315000 0.292291
3.316000 0.292277
3.317000 0.292263
3.318000 0.292249
3.319000 0.292235
3.320000 0.292222
3.321000 0.292208
3.322000 0.292194
3.323000 0.292180
3.324000 0.292166
3.325000 0.292152
3.326000 0.292138
3.327000 0.292125
3.328000 0.292111
3.329000 0.292097
3.330000 0.292083
3.331000 0.292069
3.332000 0.292056
3.333000 0.292042
3.334000 0.292028
3.335000 0.292014
3.336000 0.292001
3.337000 0.291987
3.338000 0.291973
3.339000 0.291959
3.340000 0.291946
3.341000 0.291932
3.342000 0.291918
3.343000 0.291905
3.344000 0.291891
3.345000 0.291877
3.346000 0.291863
3.347000 0.291850
3.348000 0.291836
3.349000 0.291822
3.350000 0.291809
3.351000 0.291795
3.352000 0.291782
3.353000 0.291768
3.354000 0.291754
3.355000 0.291741
3.356000 0.291727
3.357000 0.291713
3.358000 0.291700
3.359000 0.291686
3.360000 0.291673
3.361000 0.291659
3.362000 0.291646
3.363000 0.291632
3.364000 0.291619
3.365000 0.291605
3.366000 0.291591
3.367000 0.291578
3.368000 0.291564
3.369000 0.291551
3.370000 0.291537
3.371000 0.291524
3.372000 0.291510
3.373000 0.291497
3.374000 0.291484
3.375000 0.291470
3.376000 0.291457
3.377000 0.291443
3.378000 0.291430
3.379000 0.291416
3.380000 0.291403
3.381000 0.291389
3.382000 0.291376
3.383000 0.291363
3.384000 0.291349
3.385000 0.291336
3.386000 0.291322
3.387000 0.291309
3.388000 0.291296
3.389000 0.291282
3.390000 0.291269
3.391000 0.291256
3.392000 0.291242
3.393000 0.291229
3.394000 0.291216
3.395000 0.291202
3.396000 0.291189
3.397000 0.291176
3.398000 0.291162
3.399000 0.291149
3.400000 0.291136
3.401000 0.291123
3.402000 0.291109
3.403000 0.291096
3.404000 0.291083
3.405000 0.291070
3.406000 0.291056
3.407000 0.291043
3.408000 0.291030
3.409000 0.291017
3.410000 0.291004
3.411000 0.290990
3.412000 0.290977
3.413000 0.290964
3.414000 0.290951
3.415000 0.290938
3.416000 0.290924
3.417000 0.290911
3.418000 0.290898
3.419000 0.290885
3.420000 0.290872
3.421000 0.290859
3.422000 0.290846
3.423000 0.290833
3.424000 0.290819
3.425000 0.290806
3.426000 0.290793
3.427000 0.290780
3.428000 0.290767
3.429000 0.290754
3.430000 0.290741
3.431000 0.290728
3.432000 0.290715
3.433000 0.290702
3.434000 0.290689
3.435000 0.290676
3.436000 0.290663
3.437000 0.290650
3.438000 0.290637
3.439000 0.290624
3.440000 0.290611
3.441000 0.290598
3.442000 0.290585
3.443000 0.290572
3.444000 0.290559
3.445000 0.290546
3.446000 0.290533
3.447000 0.290520
3.448000 0.290507
3.449000 0.290494
3.450000 0.290481
3.451000 0.290468
3.452000 0.290455
3.453000 0.290442
3.454000 0.290430
3.455000 0.290417
3.456000 0.290404
3.457000 0.290391
3.458000 0.290378
3.459000 0.290365
3.460000 0.290352
3.461000 0.290339
3.462000 0.290327
3.463000 0.290314
3.464000 0.290301
3.465000 0.290288
3.466000 0.290275
3.467000 0.290262
3.468000 0.290250
3.469000 0.290237
3.470000 0.290224
3.471000 0.290211
3.472000 0.290199
3.473000 0.290186
3.474000 0.290173
3.475000 0.290160
3.476000 0.290148
3.477000 0.290135
3.478000 0.290122
3.479000 0.290109
3.480000 0.290097
3.481000 0.290084
3.482000 0.290071
3.483000 0.290059
3.484000 0.290046
3.485000 0.290033
3.486000 0.290020
3.487000 0.290008
3.488000 0.289995
3.489000 0.289983
3.490000 0.289970
3.491000 0.289957
3.492000 0.289945
3.493000 0.289932
3.494000 0.289919
3.495000 0.289907
3.496000 0.289894
3.497000 0.289882
3.498000 0.289869
3.499000 0.289856
3.500000 0.289844
3.501000 0.289831
3.502000 0.289819
3.503000 0.289806
3.504000 0.289793
3.505000 0.289781
3.506000 0.289768
3.507000 0.289756
3.508000 0.289743
3.509000 0.289731
3.510000 0.289718
3.511000 0.289706
3.512000 0.289693
3.513000 0.289681
3.514000 0.289668
3.515000 0.289656
3.516000 0.289643
3.517000 0.289631
3.518000 0.289618
3.519000 0.289606
3.520000 0.289594
3.521000 0.289581
3.522000 0.289569
3.523000 0.289556
3.524000 0.289544
3.525000 0.289531
3.526000 0.289519
3.527000 0.289507
3.528000 0.289494
3.529000 0.289482
3.530000 0.289469
3.531000 0.289457
3.532000 0.289445
3.533000 0.289432
3.534000 0.289420
3.535000 0.289408
3.536000 0.289395
3.537000 0.289383
3.538000 0.289371
3.539000 0.289358
3.540000 0.289346
3.541000 0.289334
3.542000 0.289321
3.543000 0.289309
3.544000 0.289297
3.545000 0.289284
3.546000 0.289272
3.547000 0.289260
3.548000 0.289248
3.549000 0.289235
3.550000 0.289223
3.551000 0.289211
3.552000 0.289199
3.553000 0.289186
3.554000 0.289174
3.555000 0.289162
3.556000 0.289150
3.557000 0.289137
3.558000 0.289125
3.559000 0.289113
3.560000 0.289101
3.561000 0.289089
3.562000 0.289077
3.563000 0.289064
3.564000 0.289052
3.565000 0.289040
3.566000 0.289028
3.567000 0.289016
3.568000 0.289004
3.569000 0.288991
3.570000 0.288979
3.571000 0.288967
3.572000 0.288955
3.573000 0.288943
3.574000 0.288931
3.575000 0.288919
3.576000 0.288907
3.577000 0.288895
3.578000 0.288883
3.579000 0.288870
3.580000 0.288858
3.581000 0.288846
3.582000 0.288834
3.583000 0.288822
3.584000 0.288810
3.585000 0.288798
3.586000 0.288786
3.587000 0.288774
3.588000 0.288762
3.589000 0.288750
3.590000 0.288738
3.591000 0.288726
3.592000 0.288714
3.593000 0.288702
3.594000 0.288690
3.595000 0.288678
3.596000 0.288666
3.597000 0.288654
3.598000 0.288642
3.599000 0.288630
3.600000 0.288618
3.601000 0.288607
3.602000 0.288595
3.603000 0.288583
3.604000 0.288571
3.605000 0.288559
3.606000 0.288547
3.607000 0.288535
3.608000 0.288523
3.609000 0.288511
3.610000 0.288499
3.611000 0.288488
3.612000 0.288476
3.613000 0.288464
3.614000 0.288452
3.615000 0.288440
3.616000 0.288428
3.617000 0.288416
3.618000 0.288405
3.619000 0.288393
3.620000 0.288381
3.621000 0.288369
3.622000 0.288357
3.623000 0.288346
3.624000 0.288334
3.625000 0.288322
3.626000 0.288310
3.627000 0.288298
3.628000 0.288287
3.629000 0.288275
3.630000 0.288263
3.631000 0.288251
3.632000 0.288240
3.633000 0.288228
3.634000 0.288216
3.635000 0.288204
3.636000 0.288193
3.637000 0.288181
3.638000 0.288169
3.639000 0.288158
3.640000 0.288146
3.641000 0.288134
3.642000 0.288123
3.643000 0.288111
3.644000 0.288099
3.645000 0.288088
3.646000 0.288076
3.647000 0.288064
3.648000 0.288053
3.649000 0.288041
3.650000 0.288029
3.651000 0.288018
3.652000 0.288006
3.653000 0.287994
3.654000 0.287983
3.655000 0.287971
3.656000 0.287960
3.657000 0.287948
3.658000 0.287936
3.659000 0.287925
3.660000 0.287913
3.661000 0.287902
3.662000 0.287890
3.663000 0.287879
3.664000 0.287867
3.665000 0.287855
3.666000 0.287844
3.667000 0.287832
3.668000 0.287821
3.669000 0.287809
3.670000 0.287798
3.671000 0.287786
3.672000 0.287775
3.673000 0.287763
3.674000 0.287752
3.675000 0.287740
3.676000 0.287729
3.677000 0.287717
3.678000 0.287706
3.679000 0.287694
3.680000 0.287683
3.681000 0.287672
3.682000 0.287660
3.683000 0.287649
3.684000 0.287637
3.685000 0.287626
3.686000 0.287614
3.687000 0.287603
3.688000 0.287592
3.689000 0.287580
3.690000 0.287569
3.691000 0.287557
3.692000 0.287546
3.693000 0.287535
3.694000 0.287523
3.695000 0.287512
3.696000 0.287500
3.697000 0.287489
3.698000 0.287478
3.699000 0.287466
3.700000 0.287455
3.701000 0.287444
3.702000 0.287432
3.703000 0.287421
3.704000 0.287410
3.705000 0.287398
3.706000 0.287387
3.707000 0.287376
3.708000 0.287364
3.709000 0.287353
3.710000 0.287342
3.711000 0.287331
3.712000 0.287319
3.713000 0.287308
3.714000 0.287297
3.715000 0.287286
3.716000 0.287274
3.717000 0.287263
3.718000 0.287252
3.719000 0.287241
3.720000 0.287229
3.721000 0.287218
3.722000 0.287207
3.723000 0.287196
3.724000 0.287184
3.725000 0.287173
3.726000 0.287162
3.727000 0.287151
3.728000 0.287140
3.729000 0.287128
3.730000 0.287117
3.731000 0.287106
3.732000 0.287095
3.733000 0.287084
3.734000 0.287073
3.735000 0.287062
3.736000 0.287050
3.737000 0.287039
3.738000 0.287028
3.739000 0.287017
3.740000 0.287006
3.741000 0.286995
3.742000 0.286984
3.743000 0.286973
3.744000 0.286961
3.745000 0.286950
3.746000 0.286939
3.747000 0.286928
3.748000 0.286917
3.749000 0.286906
3.750000 0.286895
3.751000 0.286884
3.752000 0.286873
3.753000 0.286862
3.754000 0.286851
3.755000 0.286840
3.756000 0.286829
3.757000 0.286818
3.758000 0.286807
3.759000 0.286796
3.760000 0.286785
3.761000 0.286774
3.762000 0.286763
3.763000 0.286752
3.764000 0.286741
3.765000 0.286730
3.766000 0.286719
3.767000 0.286708
3.768000 0.286697
3.769000 0.286686
3.770000 0.286675
3.771000 0.286664
3.772000 0.286653
3.773000 0.286642
3.774000 0.286631
3.775000 0.286620
3.776000 0.286609
3.777000 0.286598
3.778000 0.286587
3.779000 0.286577
3.780000 0.286566
3.781000 0.286555
3.782000 0.286544
3.783000 0.286533
3.784000 0.286522
3.785000 0.286511
3.786000 0.286500
3.787000 0.286490
3.788000 0.286479
3.789000 0.286468
3.790000 0.286457
3.791000 0.286446
3.792000 0.286435
3.793000 0.286424
3.794000 0.286414
3.795000 0.286403
3.796000 0.286392
3.797000 0.286381
3.798000 0.286370
3.799000 0.286360
3.800000 0.286349
3.801000 0.286338
3.802000 0.286327
3.803000 0.286316
3.804000 0.286306
3.805000 0.286295
3.806000 0.286284
3.807000 0.286273
3.808000 0.286263
3.809000 0.286252
3.810000 0.286241
3.811000 0.286230
3.812000 0.286220
3.813000 0.286209
3.814000 0.286198
3.815000 0.286188
3.816000 0.286177
3.817000 0.286166
3.818000 0.286155
3.819000 0.286145
3.820000 0.286134
3.821000 0.286123
3.822000 0.286113
3.823000 0.286102
3.824000 0.286091
3.825000 0.286081
3.826000 0.286070
3.827000 0.286059
3.828000 0.286049
3.829000 0.286038
3.830000 0.286027
3.831000 0.286017
3.832000 0.286006
3.833000 0.285996
3.834000 0.285985
3.835000 0.285974
3.836000 0.285964
3.837000 0.285953
3.838000 0.285943
3.839000 0.285932
3.840000 0.285921
3.841000 0.285911
3.842000 0.285900
3.843000 0.285890
3.844000 0.285879
3.845000 0.285869
3.846000 0.285858
3.847000 0.285847
3.848000 0.285837
3.849000 0.285826
3.850000 0.285816
3.851000 0.285805
3.852000 0.285795
3.853000 0.285784
3.854000 0.285774
3.855000 0.285763
3.856000 0.285753
3.857000 0.285742
3.858000 0.285732
3.859000 0.285721
3.860000 0.285711
3.861000 0.285700
3.862000 0.285690
3.863000 0.285679
3.864000 0.285669
3.865000 0.285659
3.866000 0.285648
3.867000 0.285638
3.868000 0.285627
3.869000 0.285617
3.870000 0.285606
3.871000 0.285596
3.872000 0.285585
3.873000 0.285575
3.874000 0.285565
3.875000 0.285554
3.876000 0.285544
3.877000 0.285533
3.878000 0.285523
3.879000 0.285513
3.880000 0.285502
3.881000 0.285492
3.882000 0.285482
3.883000 0.285471
3.884000 0.285461
3.885000 0.285450
3.886000 0.285440
3.887000 0.285430
3.888000 0.285419
3.889000 0.285409
3.890000 0.285399
3.891000 0.285388
3.892000 0.285378
3.893000 0.285368
3.894000 0.285357
3.895000 0.285347
3.896000 0.285337
3.897000 0.285327
3.898000 0.285316
3.899000 0.285306
3.900000 0.285296
3.901000 0.285285
3.902000 0.285275
3.903000 0.285265
3.904000 0.285255
3.905000 0.285244
3.906000 0.285234
3.907000 0.285224
3.908000 0.285214
3.909000 0.285203
3.910000 0.285193
3.911000 0.285183
3.912000 0.285173
3.913000 0.285163
3.914000 0.285152
3.915000 0.285142
3.916000 0.285132
3.917000 0.285122
3.918000 0.285112
3.919000 0.285101
3.920000 0.285091
3.921000 0.285081
3.922000 0.285071
3.923000 0.285061
3.924000 0.285050
3.925000 0.285040
3.926000 0.285030
3.927000 0.285020
3.928000 0.285010
3.929000 0.285000
3.930000 0.284990
3.931000 0.284979
3.932000 0.284969
3.933000 0.284959
3.934000 0.284949
3.935000 0.284939
3.936000 0.284929
3.937000 0.284919
3.938000 0.284909
3.939000 0.284899
3.940000 0.284889
3.941000 0.284878
3.942000 0.284868
3.943000 0.284858
3.944000 0.284848
3.945000 0.284838
3.946000 0.284828
3.947000 0.284818
3.948000 0.284808
3.949000 0.284798
3.950000 0.284788
3.951000 0.284778
3.952000 0.284768
3.953000 0.284758
3.954000 0.284748
3.955000 0.284738
3.956000 0.284728
3.957000 0.284718
3.958000 0.284708
3.959000 0.284698
3.960000 0.284688
3.961000 0.284678
3.962000 0.284668
3.963000 0.284658
3.964000 0.284648
3.965000 0.284638
3.966000 0.284628
3.967000 0.284618
3.968000 0.284608
3.969000 0.284598
3.970000 0.284588
3.971000 0.284578
3.972000 0.284568
3.973000 0.284558
3.974000 0.284548
3.975000 0.284539
3.976000 0.284529
3.977000 0.284519
3.978000 0.284509
3.979000 0.284499
3.980000 0.284489
3.981000 0.284479
3.982000 0.284469
3.983000 0.284459
3.984000 0.284449
3.985000 0.284440
3.986000 0.284430
3.987000 0.284420
3.988000 0.284410
3.989000 0.284400
3.990000 0.284390
3.991000 0.284380
3.992000 0.284371
3.993000 0.284361
3.994000 0.284351
3.995000 0.284341
3.996000 0.284331
3.997000 0.284321
3.998000 0.284312
3.999000 0.284302
4.000000 0.284292
4.001000 0.284282
4.002000 0.284272
4.003000 0.284263
4.004000 0.284253
4.005000 0.284243
4.006000 0.284233
4.007000 0.284224
4.008000 0.284214
4.009000 0.284204
4.010000 0.284194
4.011000 0.284185
4.012000 0.284175
4.013000 0.284165
4.014000 0.284155
4.015000 0.284146
4.016000 0.284136
4.017000 0.284126
4.018000 0.284116
4.019000 0.284107
4.020000 0.284097
4.021000 0.284087
4.022000 0.284078
4.023000 0.284068
4.024000 0.284058
4.025000 0.284048
4.026000 0.284039
4.027000 0.284029
4.028000 0.284019
4.029000 0.284010
4.030000 0.284000
4.031000 0.283990
4.032000 0.283981
4.033000 0.283971
4.034000 0.283961
4.035000 0.283952
4.036000 0.283942
4.037000 0.283933
4.038000 0.283923
4.039000 0.283913
4.040000 0.283904
4.041000 0.283894
4.042000 0.283884
4.043000 0.283875
4.044000 0.283865
4.045000 0.283856
4.046000 0.283846
4.047000 0.283836
4.048000 0.283827
4.049000 0.283817
4.050000 0.283808
4.051000 0.283798
4.052000 0.283789
4.053000 0.283779
4.054000 0.283769
4.055000 0.283760
4.056000 0.283750
4.057000 0.283741
4.058000 0.283731
4.059000 0.283722
4.060000 0.283712
4.061000 0.283703
4.062000 0.283693
4.063000 0.283684
4.064000 0.283674
4.065000 0.283665
4.066000 0.283655
4.067000 0.283646
4.068000 0.283636
4.069000 0.283627
4.070000 0.283617
4.071000 0.283608
4.072000 0.283598
4.073000 0.283589
4.074000 0.283579
4.075000 0.283570
4.076000 0.283560
4.077000 0.283551
4.078000 0.283541
4.079000 0.283532
4.080000 0.283522
4.081000 0.283513
4.082000 0.283504
4.083000 0.283494
4.084000 0.283485
4.085000 0.283475
4.086000 0.283466
4.087000 0.283456
4.088000 0.283447
4.089000 0.283438
4.090000 0.283428
4.091000 0.283419
4.092000 0.283409
4.093000 0.283400
4.094000 0.283391
4.095000 0.283381
4.096000 0.283372
4.097000 0.283362
4.098000 0.283353
4.099000 0.283344
4.100000 0.283334
4.101000 0.283325
4.102000 0.283316
4.103000 0.283306
4.104000 0.283297
4.105000 0.283288
4.106000 0.283278
4.107000 0.283269
4.108000 0.283260
4.109000 0.283250
4.110000 0.283241
4.111000 0.283232
4.112000 0.283222
4.113000 0.283213
4.114000 0.283204
4.115000 0.283195
4.116000 0.283185
4.117000 0.283176
4.118000 0.283167
4.119000 0.283157
4.120000 0.283148
4.121000 0.283139
4.122000 0.283130
4.123000 0.283120
4.124000 0.283111
4.125000 0.283102
4.126000 0.283093
4.127000 0.283083
4.128000 0.283074
4.129000 0.283065
4.130000 0.283056
4.131000 0.283046
4.132000 0.283037
4.133000 0.283028
4.134000 0.283019
4.135000 0.283010
4.136000 0.283000
4.137000 0.282991
4.138000 0.282982
4.139000 0.282973
4.140000 0.282964
4.141000 0.282954
4.142000 0.282945
4.143000 0.282936
4.144000 0.282927
4.145000 0.282918
4.146000 0.282908
4.147000 0.282899
4.148000 0.282890
4.149000 0.282881
4.150000 0.282872
4.151000 0.282863
4.152000 0.282854
4.153000 0.282844
4.154000 0.282835
4.155000 0.282826
4.156000 0.282817
4.157000 0.282808
4.158000 0.282799
4.159000 0.282790
4.160000 0.282781
4.161000 0.282771
4.162000 0.282762
4.163000 0.282753
4.164000 0.282744
4.165000 0.282735
4.166000 0.282726
4.167000 0.282717
4.168000 0.282708
4.169000 0.282699
4.170000 0.282690
4.171000 0.282681
4.172000 0.282672
4.173000 0.282663
4.174000 0.282654
4.175000 0.282644
4.176000 0.282635
4.177000 0.282626
4.178000 0.282617
4.179000 0.282608
4.180000 0.282599
4.181000 0.282590
4.182000 0.282581
4.183000 0.282572
4.184000 0.282563
4.185000 0.282554
4.186000 0.282545
4.187000 0.282536
4.188000 0.282527
4.189000 0.282518
4.190000 0.282509
4.191000 0.282500
4.192000 0.282491
4.193000 0.282482
4.194000 0.282473
4.195000 0.282464
4.196000 0.282455
4.197000 0.282446
4.198000 0.282438
4.199000 0.282429
4.200000 0.282420
4.201000 0.282411
4.202000 0.282402
4.203000 0.282393
4.204000 0.282384
4.205000 0.282375
4.206000 0.282366
4.207000 0.282357
4.208000 0.282348
4.209000 0.282339
4.210000 0.282330
4.211000 0.282322
4.212000 0.282313
4.213000 0.282304
4.214000 0.282295
4.215000 0.282286
4.216000 0.282277
4.217000 0.282268
4.218000 0.282259
4.219000 0.282250
4.220000 0.282242
4.221000 0.282233
4.222000 0.282224
4.223000 0.282215
4.224000 0.282206
4.225000 0.282197
4.226000 0.282188
4.227000 0.282180
4.228000 0.282171
4.229000 0.282162
4.230000 0.282153
4.231000 0.282144
4.232000 0.282136
4.233000 0.282127
4.234000 0.282118
4.235000 0.282109
4.236000 0.282100
4.237000 0.282091
4.238000 0.282083
4.239000 0.282074
4.240000 0.282065
4.241000 0.282056
4.242000 0.282048
4.243000 0.282039
4.244000 0.282030
4.245000 0.282021
4.246000 0.282012
4.247000 0.282004
4.248000 0.281995
4.249000 0.281986
4.250000 0.281977
4.251000 0.281969
4.252000 0.281960
4.253000 0.281951
4.254000 0.281943
4.255000 0.281934
4.256000 0.281925
4.257000 0.281916
4.258000 0.281908
4.259000 0.281899
4.260000 0.281890
4.261000 0.281881
4.262000 0.281873
4.263000 0.281864
4.264000 0.281855
4.265000 0.281847
4.266000 0.281838
4.267000 0.281829
4.268000 0.281821
4.269000 0.281812
4.270000 0.281803
4.271000 0.281795
4.272000 0.281786
4.273000 0.281777
4.274000 0.281769
4.275000 0.281760
4.276000 0.281751
4.277000 0.281743
4.278000 0.281734
4.279000 0.281725
4.280000 0.281717
4.281000 0.281708
4.282000 0.281700
4.283000 0.281691
4.284000 0.281682
4.285000 0.281674
4.286000 0.281665
4.287000 0.281657
4.288000 0.281648
4.289000 0.281639
4.290000 0.281631
4.291000 0.281622
4.292000 0.281614
4.293000 0.281605
4.294000 0.281596
4.295000 0.281588
4.296000 0.281579
4.297000 0.281571
4.298000 0.281562
4.299000 0.281554
4.300000 0.281545
4.301000 0.281536
4.302000 0.281528
4.303000 0.281519
4.304000 0.281511
4.305000 0.281502
4.306000 0.281494
4.307000 0.281485
4.308000 0.281477
4.309000 0.281468
4.310000 0.281460
4.311000 0.281451
4.312000 0.281443
4.313000 0.281434
4.314000 0.281426
4.315000 0.281417
4.316000 0.281409
4.317000 0.281400
4.318000 0.281392
4.319000 0.281383
4.320000 0.281375
4.321000 0.281366
4.322000 0.281358
4.323000 0.281349
4.324000 0.281341
4.325000 0.281332
4.326000 0.281324
4.327000 0.281315
4.328000 0.281307
4.329000 0.281298
4.330000 0.281290
4.331000 0.281282
4.332000 0.281273
4.333000 0.281265
4.334000 0.281256
4.335000 0.281248
4.336000 0.281239
4.337000 0.281231
4.338000 0.281223
4.339000 0.281214
4.340000 0.281206
4.341000 0.281197
4.342000 0.281189
4.343000 0.281181
4.344000 0.281172
4.345000 0.281164
4.346000 0.281155
4.347000 0.281147
4.348000 0.281139
4.349000 0.281130
4.350000 0.281122
4.351000 0.281113
4.352000 0.281105
4.353000 0.281097
4.354000 0.281088
4.355000 0.281080
4.356000 0.281072
4.357000 0.281063
4.358000 0.281055
4.359000 0.281047
4.360000 0.281038
4.361000 0.281030
4.362000 0.281022
4.363000 0.281013
4.364000 0.281005
4.365000 0.280997
4.366000 0.280988
4.367000 0.280980
4.368000 0.280972
4.369000 0.280963
4.370000 0.280955
4.371000 0.280947
4.372000 0.280939
4.373000 0.280930
4.374000 0.280922
4.375000 0.280914
4.376000 0.280905
4.377000 0.280897
4.378000 0.280889
4.379000 0.280881
4.380000 0.280872
4.381000 0.280864
4.382000 0.280856
4.383000 0.280848
4.384000 0.280839
4.385000 0.280831
4.386000 0.280823
4.387000 0.280815
4.388000 0.280806
4.389000 0.280798
4.390000 0.280790
4.391000 0.280782
4.392000 0.280773
4.393000 0.280765
4.394000 0.280757
4.395000 0.280749
4.396000 0.280741
4.397000 0.280732
4.398000 0.280724
4.399000 0.280716
4.400000 0.280708
4.401000 0.280700
4.402000 0.280691
4.403000 0.280683
4.404000 0.280675
4.405000 0.280667
4.406000 0.280659
4.407000 0.280651
4.408000 0.280642
4.409000 0.280634
4.410000 0.280626
4.411000 0.280618
4.412000 0.280610
4.413000 0.280602
4.414000 0.280593
4.415000 0.280585
4.416000 0.280577
4.417000 0.280569
4.418000 0.280561
4.419000 0.280553
4.420000 0.280545
4.421000 0.280537
4.422000 0.280528
4.423000 0.280520
4.424000 0.280512
4.425000 0.280504
4.426000 0.280496
4.427000 0.280488
4.428000 0.280480
4.429000 0.280472
4.430000 0.280464
4.431000 0.280456
4.432000 0.280447
4.433000 0.280439
4.434000 0.280431
4.435000 0.280423
4.436000 0.280415
4.437000 0.280407
4.438000 0.280399
4.439000 0.280391
4.440000 0.280383
4.441000 0.280375
4.442000 0.280367
4.443000 0.280359
4.444000 0.280351
4.445000 0.280343
4.446000 0.280335
4.447000 0.280327
4.448000 0.280319
4.449000 0.280311
4.450000 0.280303
4.451000 0.280295
4.452000 0.280287
4.453000 0.280279
4.454000 0.280271
4.455000 0.280263
4.456000 0.280255
4.457000 0.280247
4.458000 0.280239
4.459000 0.280231
4.460000 0.280223
4.461000 0.280215
4.462000 0.280207
4.463000 0.280199
4.464000 0.280191
4.465000 0.280183
4.466000 0.280175
4.467000 0.280167
4.468000 0.280159
4.469000 0.280151
4.470000 0.280143
4.471000 0.280135
4.472000 0.280127
4.473000 0.280119
4.474000 0.280111
4.475000 0.280103
4.476000 0.280095
4.477000 0.280087
4.478000 0.280079
4.479000 0.280071
4.480000 0.280063
4.481000 0.280056
4.482000 0.280048
4.483000 0.280040
4.484000 0.280032
4.485000 0.280024
4.486000 0.280016
4.487000 0.280008
4.488000 0.280000
4.489000 0.279992
4.490000 0.279984
4.491000 0.279977
4.492000 0.279969
4.493000 0.279961
4.494000 0.279953
4.495000 0.279945
4.496000 0.279937
4.497000 0.279929
4.498000 0.279922
4.499000 0.279914
4.500000 0.279906
4.501000 0.279898
4.502000 0.279890
4.503000 0.279882
4.504000 0.279874
4.505000 0.279867
4.506000 0.279859
4.507000 0.279851
4.508000 0.279843
4.509000 0.279835
4.510000 0.279827
4.511000 0.279820
4.512000 0.279812
4.513000 0.279804
4.514000 0.279796
4.515000 0.279788
4.516000 0.279781
4.517000 0.279773
4.518000 0.279765
4.519000 0.279757
4.520000 0.279749
4.521000 0.279742
4.522000 0.279734
4.523000 0.279726
4.524000 0.279718
4.525000 0.279711
4.526000 0.279703
4.527000 0.279695
4.528000 0.279687
4.529000 0.279679
4.530000 0.279672
4.531000 0.279664
4.532000 0.279656
4.533000 0.279648
4.534000 0.279641
4.535000 0.279633
4.536000 0.279625
4.537000 0.279618
4.538000 0.279610
4.539000 0.279602
4.540000 0.279594
4.541000 0.279587
4.542000 0.279579
4.543000 0.279571
4.544000 0.279563
4.545000 0.279556
4.546000 0.279548
4.547000 0.279540
4.548000 0.279533
4.549000 0.279525
4.550000 0.279517
4.551000 0.279510
4.552000 0.279502
4.553000 0.279494
4.554000 0.279487
4.555000 0.279479
4.556000 0.279471
4.557000 0.279464
4.558000 0.279456
4.559000 0.279448
4.560000 0.279441
4.561000 0.279433
4.562000 0.279425
4.563000 0.279418
4.564000 0.279410
4.565000 0.279402
4.566000 0.279395
4.567000 0.279387
4.568000 0.279379
4.569000 0.279372
4.570000 0.279364
4.571000 0.279357
4.572000 0.279349
4.573000 0.279341
4.574000 0.279334
4.575000 0.279326
4.576000 0.279318
4.577000 0.279311
4.578000 0.279303
4.579000 0.279296
4.580000 0.279288
4.581000 0.279280
4.582000 0.279273
4.583000 0.279265
4.584000 0.279258
4.585000 0.279250
4.586000 0.279243
4.587000 0.279235
4.588000 0.279227
4.589000 0.279220
4.590000 0.279212
4.591000 0.279205
4.592000 0.279197
4.593000 0.279190
4.594000 0.279182
4.595000 0.279174
4.596000 0.279167
4.597000 0.279159
4.598000 0.279152
4.599000 0.279144
4.600000 0.279137
4.601000 0.279129
4.602000 0.279122
4.603000 0.279114
4.604000 0.279107
4.605000 0.279099
4.606000 0.279092
4.607000 0.279084
4.608000 0.279077
4.609000 0.279069
4.610000 0.279062
4.611000 0.279054
4.612000 0.279047
4.613000 0.279039
4.614000 0.279032
4.615000 0.279024
4.616000 0.279017
4.617000 0.279009
4.618000 0.279002
4.619000 0.278994
4.620000 0.278987
4.621000 0.278979
4.622000 0.278972
4.623000 0.278964
4.624000 0.278957
4.625000 0.278949
4.626000 0.278942
4.627000 0.278935
4.628000 0.278927
4.629000 0.278920
4.630000 0.278912
4.631000 0.278905
4.632000 0.278897
4.633000 0.278890
4.634000 0.278882
4.635000 0.278875
4.636000 0.278868
4.637000 0.278860
4.638000 0.278853
4.639000 0.278845
4.640000 0.278838
4.641000 0.278831
4.642000 0.278823
4.643000 0.278816
4.644000 0.278808
4.645000 0.278801
4.646000 0.278794
4.647000 0.278786
4.648000 0.278779
4.649000 0.278771
4.650000 0.278764
4.651000 0.278757
4.652000 0.278749
4.653000 0.278742
4.654000 0.278734
4.655000 0.278727
4.656000 0.278720
4.657000 0.278712
4.658000 0.278705
4.659000 0.278698
4.660000 0.278690
4.661000 0.278683
4.662000 0.278676
4.663000 0.278668
4.664000 0.278661
4.665000 0.278654
4.666000 0.278646
4.667000 0.278639
4.668000 0.278632
4.669000 0.278624
4.670000 0.278617
4.671000 0.278610
4.672000 0.278602
4.673000 0.278595
4.674000 0.278588
4.675000 0.278580
4.676000 0.278573
4.677000 0.278566
4.678000 0.278559
4.679000 0.278551
4.680000 0.278544
4.681000 0.278537
4.682000 0.278529
4.683000 0.278522
4.684000 0.278515
4.685000 0.278508
4.686000 0.278500
4.687000 0.278493
4.688000 0.278486
4.689000 0.278478
4.690000 0.278471
4.691000 0.278464
4.692000 0.278457
4.693000 0.278449
4.694000 0.278442
4.695000 0.278435
4.696000 0.278428
4.697000 0.278420
4.698000 0.278413
4.699000 0.278406
4.700000 0.278399
4.701000 0.278391
4.702000 0.278384
4.703000 0.278377
4.704000 0.278370
4.705000 0.278363
4.706000 0.278355
4.707000 0.278348
4.708000 0.278341
4.709000 0.278334
4.710000 0.278327
4.711000 0.278319
4.712000 0.278312
4.713000 0.278305
4.714000 0.278298
4.715000 0.278291
4.716000 0.278283
4.717000 0.278276
4.718000 0.278269
4.719000 0.278262
4.720000 0.278255
4.721000 0.278247
4.722000 0.278240
4.723000 0.278233
4.724000 0.278226
4.725000 0.278219
4.726000 0.278212
4.727000 0.278205
4.728000 0.278197
4.729000 0.278190
4.730000 0.278183
4.731000 0.278176
4.732000 0.278169
4.733000 0.278162
4.734000 0.278155
4.735000 0.278147
4.736000 0.278140
4.737000 0.278133
4.738000 0.278126
4.739000 0.278119
4.740000 0.278112
4.741000 0.278105
4.742000 0.278098
4.743000 0.278090
4.744000 0.278083
4.745000 0.278076
4.746000 0.278069
4.747000 0.278062
4.748000 0.278055
4.749000 0.278048
4.750000 0.278041
4.751000 0.278034
4.752000 0.278027
4.753000 0.278019
4.754000 0.278012
4.755000 0.278005
4.756000 0.277998
4.757000 0.277991
4.758000 0.277984
4.759000 0.277977
4.760000 0.277970
4.761000 0.277963
4.762000 0.277956
4.763000 0.277949
4.764000 0.277942
4.765000 0.277935
4.766000 0.277928
4.767000 0.277921
4.768000 0.277914
4.769000 0.277907
4.770000 0.277900
4.771000 0.277893
4.772000 0.277885
4.773000 0.277878
4.774000 0.277871
4.775000 0.277864
4.776000 0.277857
4.777000 0.277850
4.778000 0.277843
4.779000 0.277836
4.780000 0.277829
4.781000 0.277822
4.782000 0.277815
4.783000 0.277808
4.784000 0.277801
4.785000 0.277794
4.786000 0.277787
4.787000 0.277780
4.788000 0.277773
4.789000 0.277766
4.790000 0.277759
4.791000 0.277752
4.792000 0.277745
4.793000 0.277739
4.794000 0.277732
4.795000 0.277725
4.796000 0.277718
4.797000 0.277711
4.798000 0.277704
4.799000 0.277697
4.800000 0.277690
4.801000 0.277683
4.802000 0.277676
4.803000 0.277669
4.804000 0.277662
4.805000 0.277655
4.806000 0.277648
4.807000 0.277641
4.808000 0.277634
4.809000 0.277627
4.810000 0.277620
4.811000 0.277614
4.812000 0.277607
4.813000 0.277600
4.814000 0.277593
4.815000 0.277586
4.816000 0.277579
4.817000 0.277572
4.818000 0.277565
4.819000 0.277558
4.820000 0.277551
4.821000 0.277544
4.822000 0.277538
4.823000 0.277531
4.824000 0.277524
4.825000 0.277517
4.826000 0.277510
4.827000 0.277503
4.828000 0.277496
4.829000 0.277489
4.830000 0.277483
4.831000 0.277476
4.832000 0.277469
4.833000 0.277462
4.834000 0.277455
4.835000 0.277448
4.836000 0.277441
4.837000 0.277435
4.838000 0.277428
4.839000 0.277421
4.840000 0.277414
4.841000 0.277407
4.842000 0.277400
4.843000 0.277394
4.844000 0.277387
4.845000 0.277380
4.846000 0.277373
4.847000 0.277366
4.848000 0.277359
4.849000 0.277353
4.850000 0.277346
4.851000 0.277339
4.852000 0.277332
4.853000 0.277325
4.854000 0.277319
4.855000 0.277312
4.856000 0.277305
4.857000 0.277298
4.858000 0.277291
4.859000 0.277285
4.860000 0.277278
4.861000 0.277271
4.862000 0.277264
4.863000 0.277257
4.864000 0.277251
4.865000 0.277244
4.866000 0.277237
4.867000 0.277230
4.868000 0.277224
4.869000 0.277217
4.870000 0.277210
4.871000 0.277203
4.872000 0.277197
4.873000 0.277190
4.874000 0.277183
4.875000 0.277176
4.876000 0.277170
4.877000 0.277163
4.878000 0.277156
4.879000 0.277149
4.880000 0.277143
4.881000 0.277136
4.882000 0.277129
4.883000 0.277122
4.884000 0.277116
4.885000 0.277109
4.886000 0.277102
4.887000 0.277095
4.888000 0.277089
4.889000 0.277082
4.890000 0.277075
4.891000 0.277069
4.892000 0.277062
4.893000 0.277055
4.894000 0.277049
4.895000 0.277042
4.896000 0.277035
4.897000 0.277028
4.898000 0.277022
4.899000 0.277015
4.900000 0.277008
4.901000 0.277002
4.902000 0.276995
4.903000 0.276988
4.904000 0.276982
4.905000 0.276975
4.906000 0.276968
4.907000 0.276962
4.908000 0.276955
4.909000 0.276948
4.910000 0.276942
4.911000 0.276935
4.912000 0.276928
4.913000 0.276922
4.914000 0.276915
4.915000 0.276908
4.916000 0.276902
4.917000 0.276895
4.918000 0.276889
4.919000 0.276882
4.920000 0.276875
4.921000 0.276869
4.922000 0.276862
4.923000 0.276855
4.924000 0.276849
4.925000 0.276842
4.926000 0.276836
4.927000 0.276829
4.928000 0.276822
4.929000 0.276816
4.930000 0.276809
4.931000 0.276802
4.932000 0.276796
4.933000 0.276789
4.934000 0.276783
4.935000 0.276776
4.936000 0.276769
4.937000 0.276763
4.938000 0.276756
4.939000 0.276750
4.940000 0.276743
4.941000 0.276737
4.942000 0.276730
4.943000 0.276723
4.944000 0.276717
4.945000 0.276710
4.946000 0.276704
4.947000 0.276697
4.948000 0.276691
4.949000 0.276684
4.950000 0.276677
4.951000 0.276671
4.952000 0.276664
4.953000 0.276658
4.954000 0.276651
4.955000 0.276645
4.956000 0.276638
4.957000 0.276632
4.958000 0.276625
4.959000 0.276619
4.960000 0.276612
4.961000 0.276606
4.962000 0.276599
4.963000 0.276592
4.964000 0.276586
4.965000 0.276579
4.966000 0.276573
4.967000 0.276566
4.968000 0.276560
4.969000 0.276553
4.970000 0.276547
4.971000 0.276540
4.972000 0.276534
4.973000 0.276527
4.974000 0.276521
4.975000 0.276514
4.976000 0.276508
4.977000 0.276501
4.978000 0.276495
4.979000 0.276488
4.980000 0.276482
4.981000 0.276475
4.982000 0.276469
4.983000 0.276463
4.984000 0.276456
4.985000 0.276450
4.986000 0.276443
4.987000 0.276437
4.988000 0.276430
4.989000 0.276424
4.990000 0.276417
4.991000 0.276411
4.992000 0.276404
4.993000 0.276398
4.994000 0.276391
4.995000 0.276385
4.996000 0.276379
4.997000 0.276372
4.998000 0.276366
4.999000 0.276359
5.000000 0.276353
