3379 
3380 
3382 
3381 
3380 
3379 
3379 
3381 
3381 
3376 
2 
3376 
3376 
3374 
2 
3375 
2 
3377 
2 
3379 
3379 
3379 
3376 
3380 
3378 
3377 
3380 
3379 
3380 
3381 
3382 
3382 
3380 
3379 
3373 
2 
2 
2 
3375 
2 
3376 
3376 
3373 
2 
3375 
2 
3378 
3380 
3378 
3381 
3379 
3378 
3377 
3377 
3376 
3377 
3377 
3379 
3379 
3379 
3378 
2 
3379 
3379 
3378 
3378 
3376 
3377 
3379 
3377 
3378 
3381 
3382 
3381 
3380 
3378 
3376 
3379 
3373 
3 
3377 
3377 
3376 
3377 
3379 
3378 
3378 
3379 
3379 
3381 
3379 
3381 
3380 
3379 
2 
3381 
3382 
3381 
3379 
3376 
3373 
3 
3375 
2 
3374 
2 
3376 
3378 
3375 
2 
3377 
3377 
3379 
3379 
3379 
3378 
3377 
2 
3379 
2 
2 
3379 
2 
3378 
2 
3378 
2 
3381 
3383 
3383 
3379 
3379 
3377 
3379 
3381 
3380 
2 
3378 
3380 
3382 
3382 
3379 
3381 
3378 
3379 
3379 
3380 
3378 
3381 
3379 
2 
2 
3381 
3379 
3375 
3 
2 
3379 
2 
3377 
3377 
3382 
3378 
4 
3379 
3381 
3381 
3380 
3375 
2 
3375 
3376 
3378 
3377 
3379 
3378 
3382 
3380 
3379 
2 
3377 
3380 
2 
3375 
2 
3378 
2 
3376 
2 
3382 
3382 
3382 
3380 
3380 
2 
3380 
2 
3380 
2 
2 
3378 
2 
3379 
3369 
8 
3381 
3381 
3384 
3380 
2 
3379 
3 
3377 
4 
2 
3380 
2 
3378 
2 
3381 
3380 
3379 
3379 
2 
3380 
3381 
2 
3379 
2 
2 
3379 
2 
2 
3382 
3382 
3378 
3381 
3382 
3378 
3375 
3375 
3374 
3 
3382 
3380 
3369 
3 
2 
3367 
3 
3371 
3 
2 
3382 
3381 
3379 
3380 
3379 
3381 
3376 
3369 
2 
3371 
2 
3371 
2 
2 
2 
3374 
3 
3378 
3377 
3380 
3377 
2 
3376 
3 
2 
3370 
3 
2 
3374 
2 
3377 
3381 
3380 
3378 
3378 
3380 
3380 
3377 
3378 
3371 
3 
3372 
2 
3379 
3378 
3378 
3370 
2 
2 
3373 
2 
2 
3381 
3377 
2 
3370 
4 
2 
2 
3365 
2 
3376 
3381 
3381 
3 
3373 
3 
3 
3373 
2 
3 
3373 
3 
2 
3379 
3375 
3370 
2 
3371 
2 
3380 
3 
3382 
3368 
6 
3357 
5 
8 
3360 
6 
7 
2 
3380 
3375 
2 
2 
3373 
2 
2 
3369 
3 
2 
3379 
2 
3381 
2 
3382 
3366 
4 
4 
3358 
4 
5 
4 
5 
3383 
3383 
3377 
3358 
3 
2 
2 
2 
3345 
12 
3 
2 
2 
2 
3379 
2 
3382 
3375 
6 
3356 
5 
5 
3358 
5 
5 
3384 
3384 
3380 
3352 
3 
3 
2 
2 
3 
3374 
2 
2 
3383 
3375 
2 
3353 
4 
5 
5 
2 
3351 
5 
3376 
3383 
3382 
3348 
5 
3359 
2 
3379 
3382 
3375 
3 
3331 
3 
6 
2 
2 
3355 
3 
2 
3379 
3380 
3369 
3344 
4 
2 
3 
2 
3369 
4 
3 
3382 
3380 
3362 
4 
4 
2 
3330 
3 
3374 
3385 
3382 
3353 
2 
2 
3354 
2 
2 
3378 
2 
3385 
3372 
2 
2 
3318 
7 
7 
3 
3336 
4 
3383 
3386 
3370 
3313 
7 
2 
2 
2 
2 
2 
2 
2 
3364 
3381 
3382 
3341 
2 
3274 
3 
3 
2 
3 
7 
2 
5 
3 
3349 
3 
3385 
3383 
3323 
2 
3 
2 
3 
3298 
3 
3365 
6 
3382 
3365 
4 
3274 
3 
24 
3 
3 
2 
4 
3319 
2 
2 
4 
2 
3374 
2 
2 
3385 
3372 
3278 
5 
5 
3 
3318 
18 
5 
4 
2 
2 
3368 
2 
3378 
3332 
2 
5 
7 
3274 
2 
2 
4 
7 
4 
2 
3 
5 
2 
3342 
2 
8 
2 
2 
2 
6 
3 
3380 
3382 
3363 
3 
3305 
4 
3 
3 
3 
2 
3 
4 
3333 
12 
2 
15 
2 
3382 
3364 
5 
3285 
3 
6 
5 
2 
2 
5 
2 
3255 
3 
4 
5 
6 
4 
4 
5 
3359 
3 
2 
3 
3 
3383 
3365 
2 
3281 
6 
2 
2 
3 
5 
3 
3 
9 
2 
3266 
5 
7 
4 
4 
6 
11 
10 
2 
5 
2 
2 
3354 
6 
3376 
3350 
4 
3243 
2 
2 
8 
6 
3 
3 
4 
2 
2 
3341 
2 
4 
5 
3375 
4 
3380 
2 
3313 
3 
4 
2 
2 
2 
2 
3203 
3 
5 
5 
2 
2 
3 
8 
2 
3 
4 
2 
2 
3 
2 
3320 
9 
10 
2 
2 
3382 
3371 
3271 
4 
3 
3 
3 
2 
2 
3 
3 
3 
3 
2 
3 
2 
2 
3237 
3 
3 
3 
4 
3 
4 
4 
3 
3 
3 
2 
6 
2 
2 
2 
