3364 
2 
3365 
2 
2 
3365 
2 
2 
3366 
2 
2 
3367 
2 
2 
3371 
2 
3374 
2 
3376 
2 
3375 
2 
3373 
2 
2 
3373 
2 
2 
3371 
2 
2 
3366 
2 
2 
2 
3367 
2 
2 
2 
3372 
2 
2 
2 
3370 
2 
2 
2 
3372 
2 
2 
2 
3377 
2 
3374 
3 
2 
3377 
3 
2 
3377 
3 
3376 
3 
2 
3376 
3 
3374 
3 
3373 
3 
3373 
3 
3372 
3 
3370 
3 
2 
3371 
3371 
2 
3374 
3375 
3375 
3371 
2 
3370 
3367 
2 
3372 
3372 
2 
3371 
3368 
3 
3368 
2 
3 
3372 
3373 
3370 
2 
2 
3374 
2 
2 
3373 
2 
3371 
2 
2 
3374 
2 
3376 
2 
3373 
3374 
3375 
3373 
3369 
3365 
3 
3368 
3368 
3366 
2 
3370 
3372 
2 
3374 
2 
3371 
2 
3 
3377 
2 
3374 
2 
3374 
2 
3374 
2 
3378 
3377 
3374 
3375 
3373 
3 
3373 
4 
3372 
3 
3 
3375 
3 
3376 
3375 
2 
3 
3374 
3 
3370 
3 
3 
3375 
3 
3374 
3 
3380 
3376 
3 
3377 
3377 
3371 
3374 
2 
3374 
3373 
3375 
3375 
3376 
3374 
2 
3372 
2 
2 
2 
3371 
2 
2 
3370 
2 
2 
2 
3374 
2 
3 
3372 
2 
3 
3378 
3378 
3378 
3373 
2 
2 
3374 
2 
3374 
2 
3374 
2 
3376 
3374 
3372 
3369 
2 
2 
3366 
2 
2 
2 
3367 
2 
3370 
2 
3368 
2 
3371 
2 
3372 
3376 
2 
3373 
2 
3374 
3373 
3371 
3370 
3370 
3373 
3373 
3370 
2 
3366 
5 
2 
3368 
2 
3367 
2 
3365 
2 
3365 
2 
2 
3365 
2 
2 
3369 
3368 
3366 
2 
3365 
2 
3367 
3364 
2 
3362 
2 
2 
2 
3367 
2 
3366 
2 
3364 
4 
3366 
4 
3367 
3 
3365 
3 
3369 
2 
2 
3366 
2 
2 
3364 
2 
3360 
5 
2 
3 
2 
3358 
5 
2 
2 
3 
3 
2 
3371 
2 
3 
3368 
2 
2 
3 
3369 
3 
2 
3369 
3 
3 
3371 
3 
3 
3372 
2 
3368 
2 
2 
3363 
2 
2 
3366 
2 
2 
3368 
2 
3369 
2 
3368 
2 
3368 
3371 
3371 
3372 
3373 
3371 
3374 
3373 
3373 
3373 
3375 
3367 
2 
3371 
2 
3372 
2 
3374 
3375 
3379 
3375 
3370 
3373 
3372 
3372 
3375 
2 
3374 
2 
3370 
2 
2 
3369 
2 
2 
3371 
2 
3378 
3379 
3375 
3378 
3376 
2 
3377 
2 
3373 
2 
3371 
2 
2 
3365 
5 
2 
2 
3371 
2 
3371 
2 
2 
3368 
2 
3362 
3 
2 
3368 
2 
2 
3370 
3 
2 
3371 
3 
2 
3372 
3 
3370 
2 
2 
3368 
2 
2 
3368 
3 
3 
2 
3371 
3 
2 
2 
3374 
3 
3378 
3372 
2 
3370 
2 
3370 
2 
3372 
2 
3375 
3371 
2 
2 
3370 
2 
3374 
3370 
2 
3370 
2 
3368 
2 
3368 
2 
3370 
3374 
3376 
3378 
3373 
2 
3376 
2 
3382 
3381 
3381 
3384 
3379 
3381 
3377 
3374 
2 
3373 
2 
3368 
2 
2 
2 
3374 
3376 
3377 
3375 
3374 
3372 
2 
3375 
3374 
2 
3377 
3374 
2 
3372 
3372 
3371 
3371 
3374 
3375 
3373 
3370 
2 
3366 
2 
3371 
3373 
3372 
3373 
2 
3375 
2 
3377 
3377 
3376 
3374 
3376 
2 
3379 
3375 
3 
3377 
3375 
3 
3373 
3 
3373 
3 
3374 
3372 
3373 
3374 
3372 
2 
3372 
3 
3371 
2 
3370 
2 
3371 
2 
2 
3374 
3375 
3374 
2 
3372 
2 
3373 
2 
3371 
2 
2 
3370 
2 
3374 
2 
3375 
2 
3375 
3 
3376 
3376 
3376 
3368 
3 
2 
2 
2 
3364 
3 
2 
3 
2 
2 
3365 
3 
3 
2 
2 
3371 
3 
2 
3364 
3 
2 
3366 
2 
3366 
2 
3367 
3368 
2 
3369 
2 
3371 
2 
3367 
2 
3370 
3368 
3369 
2 
3373 
2 
2 
3371 
2 
2 
2 
3372 
2 
2 
2 
3374 
2 
2 
2 
3376 
2 
2 
3375 
3 
3379 
3379 
3377 
3375 
2 
3376 
2 
2 
3376 
2 
2 
3372 
2 
2 
3375 
2 
2 
3379 
3377 
3378 
3377 
3379 
2 
3379 
2 
3376 
3 
3377 
3 
3377 
3 
3380 
3379 
3374 
3372 
3370 
2 
3374 
3369 
2 
3369 
2 
3372 
3 
3369 
3 
3368 
3 
3374 
3375 
3375 
3376 
3375 
3375 
3370 
3368 
2 
3369 
2 
3373 
2 
3372 
3367 
2 
2 
3 
2 
3370 
2 
3 
2 
3373 
2 
2 
3371 
2 
3 
2 
3368 
2 
2 
3 
