0.5 1 134 24 
0.5 2 132 24 
0.5 3 128.35 24 
0.5 4 139.95 24 
0.5 5 138.35 24 
0.5 6 129.8 24 
0.5 7 137.2 24 
0.5 8 137.5 24 
0.5 9 132.55 24 
0.5 10 131 24 
0.5 11 131.95 24 
0.5 12 131.8 24 
0.5 13 129.35 24 
0.5 14 129.85 24 
0.5 15 132 24 
0.5 16 130.75 24 
0.5 17 137.4 24 
0.5 18 130.15 24 
0.5 19 130.4 24 
0.5 20 131.95 24 
0.5 21 136.75 24 
0.5 22 134.95 24 
0.5 23 131.6 24 
0.5 24 130.95 24 
0.5 25 134.5 24 
0.5 26 134.1 24 
0.5 27 133.75 24 
0.5 28 125.1 24 
0.5 29 137.1 24 
0.5 30 130.15 24 
1 1 63.7 24 
1 2 71.7 24 
1 3 70.8 24 
1 4 66.9 24 
1 5 68.25 24 
1 6 63.95 24 
1 7 67.25 24 
1 8 64.55 24 
1 9 66.5 24 
1 10 69.85 24 
1 11 66.15 24 
1 12 66.6 24 
1 13 70.2 24 
1 14 65.7 24 
1 15 66.45 24 
1 16 66.75 24 
1 17 68.8 24 
1 18 64.15 24 
1 19 64.6 24 
1 20 66.55 24 
1 21 66.5 24 
1 22 72.35 24 
1 23 65.15 24 
1 24 67.4 24 
1 25 66.6 24 
1 26 70.3 24 
1 27 63.7 24 
1 28 67.1 24 
1 29 67.3 24 
1 30 68.25 24 
1.5 1 99.1 24 
1.5 2 123.05 24 
1.5 3 91.35 24 
1.5 4 91.15 24 
1.5 5 96.1 24 
1.5 6 79.35 24 
1.5 7 88.3 24 
1.5 8 232.8 24 
1.5 9 112.1 24 
1.5 10 98.15 24 
1.5 11 64.75 24 
1.5 12 116.3 24 
1.5 13 134.25 24 
1.5 14 84.55 24 
1.5 15 73.1 24 
1.5 16 117.6 24 
1.5 17 66.55 24 
1.5 18 109.7 24 
1.5 19 91.75 24 
1.5 20 81.55 24 
1.5 21 121.5 24 
1.5 22 91.6 24 
1.5 23 87 24 
1.5 24 101.65 24 
1.5 25 86.8 24 
1.5 26 81.35 24 
1.5 27 99.7 24 
1.5 28 89.65 24 
1.5 29 100.75 24 
1.5 30 96.35 24 
2 1 225.35 24 
2 2 243.75 24 
2 3 201.8 24 
2 4 205.3 24 
2 5 163.25 24 
2 6 229.55 24 
2 7 228.5 23 
2 8 212.8 24 
2 9 244.7 24 
2 10 236.6 24 
2 11 182.4 24 
2 12 174.7 24 
2 13 210.1 24 
2 14 224.95 24 
2 15 216.1 24 
2 16 220.8 24 
2 17 209.1 24 
2 18 239.55 24 
2 19 304.65 24 
2 20 201.55 24 
2 21 232.8 24 
2 22 264.6 24 
2 23 178.35 24 
2 24 307.7 24 
2 25 190.85 24 
2 26 216.5 24 
2 27 317.7 24 
2 28 260.05 24 
2 29 198.9 24 
2 30 208.9 24 
2.5 1 370.4 24 
2.5 2 317.8 24 
2.5 3 199.35 24 
2.5 4 179.65 23 
2.5 5 303.55 24 
2.5 6 296.35 24 
2.5 7 233.9 24 
2.5 8 204.1 24 
2.5 9 306.15 24 
2.5 10 344.25 24 
2.5 11 306.05 24 
2.5 12 236.7 24 
2.5 13 336.7 24 
2.5 14 493.6 24 
2.5 15 339.1 24 
2.5 16 324.85 24 
2.5 17 383.8 24 
2.5 18 323 24 
2.5 19 319 24 
2.5 20 277.9 24 
2.5 21 341.25 24 
2.5 22 409.9 24 
2.5 23 279.85 24 
2.5 24 369.45 24 
2.5 25 325.45 24 
2.5 26 227.1 24 
2.5 27 365.9 24 
2.5 28 234.35 24 
2.5 29 382.85 24 
2.5 30 455.1 24 
3 1 352.65 24 
3 2 647.45 24 
3 3 586.3 24 
3 4 466.15 24 
3 5 481.35 24 
3 6 445 24 
3 7 664 24 
3 8 453.25 24 
3 9 503.65 24 
3 10 543.65 24 
3 11 520.7 24 
3 12 380.3 24 
3 13 502.85 24 
3 14 640.3 24 
3 15 566.1 24 
3 16 498.65 24 
3 17 533.7 24 
3 18 513.1 24 
3 19 474.15 24 
3 20 611.7 24 
3 21 501 24 
3 22 322.6 24 
3 23 316.55 24 
3 24 392.55 24 
3 25 447.35 24 
3 26 439.45 24 
3 27 427.25 24 
3 28 461.35 24 
3 29 419.55 24 
3 30 419.25 24 
3.5 1 562.4 24 
3.5 2 712.3 24 
3.5 3 536.35 24 
3.5 4 524.5 24 
3.5 5 503.1 24 
3.5 6 633.4 24 
3.5 7 605.95 24 
3.5 8 595.95 24 
3.5 9 683.4 24 
3.5 10 700.6 24 
3.5 11 606.25 24 
3.5 12 732.4 24 
3.5 13 641.5 24 
3.5 14 569.3 24 
3.5 15 448.45 24 
3.5 16 534.35 24 
3.5 17 625.1 24 
3.5 18 724.65 24 
3.5 19 642.1 24 
3.5 20 627.8 23 
3.5 21 644.75 24 
3.5 22 500.4 24 
3.5 23 667.7 24 
3.5 24 733.6 24 
3.5 25 448.7 24 
3.5 26 675.45 24 
3.5 27 634.45 24 
3.5 28 597.6 24 
3.5 29 633.25 24 
3.5 30 556.45 24 
4 1 702.95 24 
4 2 732.4 24 
4 3 835.95 24 
4 4 787 24 
4 5 812.95 24 
4 6 604.95 24 
4 7 788.2 24 
4 8 583.95 24 
4 9 735.6 24 
4 10 719.1 24 
4 11 771.35 24 
4 12 602.3 24 
4 13 689.05 24 
4 14 626.55 24 
4 15 775.1 23 
4 16 599.55 24 
4 17 579.9 24 
4 18 686.65 24 
4 19 646.9 24 
4 20 732.9 24 
4 21 887.2 24 
4 22 817.1 24 
4 23 649.6 24 
4 24 625.95 24 
4 25 518.55 24 
4 26 525.15 24 
4 27 802.55 24 
4 28 729.3 24 
4 29 696.8 24 
4 30 745.1 24 
4.5 1 662.1 24 
4.5 2 633.7 24 
4.5 3 767.45 24 
4.5 4 813.9 24 
4.5 5 765.35 24 
4.5 6 711.35 24 
4.5 7 796.5 24 
4.5 8 755.85 24 
4.5 9 626.1 24 
4.5 10 790.7 24 
4.5 11 696.85 24 
4.5 12 703.05 24 
4.5 13 754.05 24 
4.5 14 689.25 23 
4.5 15 662.25 24 
4.5 16 760.75 24 
4.5 17 737.35 24 
4.5 18 783.25 24 
4.5 19 835.25 24 
4.5 20 786.4 24 
4.5 21 895.15 23 
4.5 22 652.3 24 
4.5 23 802.7 24 
4.5 24 623.65 24 
4.5 25 710.7 24 
4.5 26 795 24 
4.5 27 652.1 24 
4.5 28 806.7 24 
4.5 29 750.3 24 
4.5 30 683.1 24 
5 1 867.15 24 
5 2 768.2 24 
5 3 707.05 24 
5 4 796.35 24 
5 5 705.9 24 
5 6 880.1 24 
5 7 809.8 24 
5 8 807.6 24 
5 9 775.9 24 
5 10 830.65 24 
5 11 872 24 
5 12 772.8 24 
5 13 897.5 24 
5 14 847.7 24 
5 15 734.9 24 
5 16 824.5 24 
5 17 872.75 24 
5 18 747.6 24 
5 19 762.2 24 
5 20 883.5 24 
5 21 777.5 24 
5 22 801.2 24 
5 23 852.2 24 
5 24 906.55 24 
5 25 743.9 24 
5 26 687.8 24 
5 27 766.8 24 
5 28 802.3 24 
5 29 724 24 
5 30 854.75 24 
5.5 1 757.95 24 
5.5 2 828.05 24 
5.5 3 732 24 
5.5 4 832.15 24 
5.5 5 816.25 24 
5.5 6 759.9 24 
5.5 7 846.4 24 
5.5 8 794.55 24 
5.5 9 783.4 23 
5.5 10 746.5 24 
5.5 11 697.25 24 
5.5 12 855.6 24 
5.5 13 807.6 24 
5.5 14 735.95 24 
5.5 15 846.05 24 
5.5 16 697.9 24 
5.5 17 744.35 24 
5.5 18 816.9 24 
5.5 19 711.15 24 
5.5 20 769.95 24 
5.5 21 815.7 24 
5.5 22 791 24 
5.5 23 766.25 24 
5.5 24 807.4 24 
5.5 25 790.55 24 
5.5 26 759.15 24 
5.5 27 896.35 24 
5.5 28 716.85 24 
5.5 29 737.6 24 
5.5 30 673 24 
6 1 794 24 
6 2 886 24 
6 3 731.75 24 
6 4 934.25 24 
6 5 728.45 24 
6 6 811.9 24 
6 7 747.35 24 
6 8 713.45 24 
6 9 728.15 24 
6 10 711.85 24 
6 11 725.8 24 
6 12 740.45 24 
6 13 838.8 24 
6 14 821.5 24 
6 15 744.15 24 
6 16 827.2 24 
6 17 785.75 24 
6 18 712.65 24 
6 19 861.9 24 
6 20 777.35 24 
6 21 844.25 24 
6 22 660.95 24 
6 23 839.3 24 
6 24 775.35 23 
6 25 920.25 24 
6 26 844 24 
6 27 732.05 24 
6 28 773.9 24 
6 29 818.55 24 
6 30 820.35 24 
6.5 1 721.3 24 
6.5 2 763.85 24 
6.5 3 721.25 24 
6.5 4 773.5 24 
6.5 5 705.3 24 
6.5 6 791.75 24 
6.5 7 751.85 24 
6.5 8 743.6 24 
6.5 9 730.65 24 
6.5 10 699.5 24 
6.5 11 796 24 
6.5 12 724.1 24 
6.5 13 829.1 24 
6.5 14 687.45 24 
6.5 15 737.05 24 
6.5 16 813.05 23 
6.5 17 672.85 24 
6.5 18 754.5 24 
6.5 19 770.2 24 
6.5 20 765.45 24 
6.5 21 765.5 24 
6.5 22 878.5 24 
6.5 23 767.5 24 
6.5 24 819.35 24 
6.5 25 714.65 24 
6.5 26 764.9 24 
6.5 27 840.6 24 
6.5 28 807.15 24 
6.5 29 759.6 24 
6.5 30 673.5 24 
7 1 756.85 23
7 2 731.85 24
7 3 752.2 24
7 4 759.35 24
7 5 749.5 24
7 6 794.5 24
7 7 738.75 24
7 8 740.25 24
7 9 804.5 24
7 10 826.85 24
7 11 708.3 24
7 12 753.4 24
7 13 669.95 24
7 14 807.8 24
7 15 719.2 24
7 16 711.9 24
7 17 723.75 24
7 18 714.35 24
7 19 692.1 24
7 20 739.05 24
7 21 704.65 24
7 22 834 24
7 23 755.6 24
7 24 715.95 24
7 25 786.2 24
7 26 670.75 24
7 27 752 24
7 28 705.3 24
7 29 738.8 24
7 30 709.7 24
7.5 1 808.75 24
7.5 2 682.9 24
7.5 3 775.1 24
7.5 4 711.4 24
7.5 5 768.2 24
7.5 6 685.95 24
7.5 7 703.55 24
7.5 8 719.25 24
7.5 9 699.45 24
7.5 10 695.15 24
7.5 11 737.8 24
7.5 12 680.85 24
7.5 13 722 24
7.5 14 760.1 24
7.5 15 756.75 24
7.5 16 717.65 24
7.5 17 632.15 24
7.5 18 756.95 24
7.5 19 627.05 24
7.5 20 765.3 24
7.5 21 694.05 24
7.5 22 726.55 24
7.5 23 736.25 24
7.5 24 709.3 24
7.5 25 708.55 24
7.5 26 780.85 24
7.5 27 691.1 24
7.5 28 745.85 24
7.5 29 672.55 24
7.5 30 696.85 24
