1 1 36.15 24 
1 2 36.1 24 
1 3 35.9 24 
1 4 36.25 24 
1 5 36.75 24 
1 6 36.35 24 
1 7 36.35 24 
1 8 35.95 24 
1 9 35.95 24 
1 10 37.05 24 
1 11 37.15 24 
1 12 36.45 24 
1 13 36.2 24 
1 14 35.95 24 
1 15 35.75 24 
1 16 36.5 24 
1 17 36.1 24 
1 18 36.3 24 
1 19 36.3 24 
1 20 36 23 
1 21 36.2 24 
1 22 36.85 24 
1 23 36.15 24 
1 24 36.5 24 
1 25 35.95 24 
1 26 37.3 24 
1 27 36 24 
1 28 36.5 24 
1 29 36.05 24 
1 30 36.75 24 
1.5 1 25.6 24 
1.5 2 25 24 
1.5 3 25.4 23 
1.5 4 24.8 24 
1.5 5 25.7 24 
1.5 6 26.3 24 
1.5 7 25.4 24 
1.5 8 25.35 24 
1.5 9 30.5 24 
1.5 10 25.3 24 
1.5 11 24.6 24 
1.5 12 26.65 24 
1.5 13 25.3 24 
1.5 14 25.7 24 
1.5 15 25.4 24 
1.5 16 25.1 24 
1.5 17 25.15 24 
1.5 18 24.65 24 
1.5 19 25.2 24 
1.5 20 25.8 24 
1.5 21 25 24 
1.5 22 25.45 24 
1.5 23 25.25 24 
1.5 24 25.25 24 
1.5 25 24.9 24 
1.5 26 24.95 24 
1.5 27 24.95 24 
1.5 28 25.75 24 
1.5 29 25.45 24 
1.5 30 25.1 24 
2 1 27.25 23 
2 2 29.6 24 
2 3 36.65 24 
2 4 25.8 24 
2 5 24.55 24 
2 6 23.95 23 
2 7 32.4 24 
2 8 23.3 24 
2 9 22.25 24 
2 10 26.1 24 
2 11 21.9 24 
2 12 23.35 24 
2 13 22.45 24 
2 14 21.5 24 
2 15 36.4 24 
2 16 27.65 24 
2 17 21.2 24 
2 18 39.8 24 
2 19 22.7 24 
2 20 25.3 24 
2 21 24.2 24 
2 22 29 24 
2 23 21.9 24 
2 24 22.5 23 
2 25 22.85 24 
2 26 21.2 24 
2 27 21.85 24 
2 28 21.2 24 
2 29 23.9 24 
2 30 42.6 24 
2.5 1 36.1 23 
2.5 2 21.8 24 
2.5 3 24.8 24 
2.5 4 28.65 24 
2.5 5 38.65 24 
2.5 6 25.35 24 
2.5 7 46 24 
2.5 8 64.15 24 
2.5 9 36.1 24 
2.5 10 21.55 23 
2.5 11 21.35 24 
2.5 12 30.75 23 
2.5 13 21.65 24 
2.5 14 31.15 24 
2.5 15 27.15 24 
2.5 16 26.8 24 
2.5 17 34.35 22 
2.5 18 42.25 24 
2.5 19 23.2 24 
2.5 20 30.7 24 
2.5 21 49.55 23 
2.5 22 20.9 24 
2.5 23 32.1 24 
2.5 24 41.55 24 
2.5 25 26.65 24 
2.5 26 26.35 24 
2.5 27 35.2 24 
2.5 28 46.35 24 
2.5 29 35.2 24 
2.5 30 52.05 23 
3 1 92.15 23 
3 2 58.2 24 
3 3 36.45 24 
3 4 49.7 23 
3 5 24.95 24 
3 6 39.35 23 
3 7 81.85 24 
3 8 50.95 24 
3 9 42.4 24 
3 10 52.85 24 
3 11 39.55 24 
3 12 36.65 23 
3 13 43 24 
3 14 53.55 23 
3 15 42.1 23 
3 16 40.65 24 
3 17 67.75 24 
3 18 28.15 24 
3 19 60.9 23 
3 20 64.4 23 
3 21 63.1 24 
3 22 29.15 24 
3 23 66.65 24 
3 24 32.75 24 
3 25 26.4 24 
3 26 52.25 24 
3 27 79.2 24 
3 28 48.75 24 
3 29 62.85 24 
3 30 46.65 24 
3.5 1 66.1 24 
3.5 2 80.55 24 
3.5 3 81.05 24 
3.5 4 48.75 23 
3.5 5 105.3 24 
3.5 6 66.8 24 
3.5 7 43.9 24 
3.5 8 33.6 24 
3.5 9 55.35 24 
3.5 10 67.55 24 
3.5 11 76.1 24 
3.5 12 63.7 24 
3.5 13 87.05 24 
3.5 14 59.3 24 
3.5 15 92.6 24 
3.5 16 86.05 24 
3.5 17 88.8 24 
3.5 18 90.3 24 
3.5 19 95.75 23 
3.5 20 79.75 23 
3.5 21 50.05 24 
3.5 22 88.5 24 
3.5 23 83.2 24 
3.5 24 67 24 
3.5 25 73.7 23 
3.5 26 71.25 24 
3.5 27 92.7 24 
3.5 28 32.9 24 
3.5 29 72.7 24 
3.5 30 52.4 23 
4 1 115.6 24 
4 2 79.55 24 
4 3 110.4 23 
4 4 79.95 23 
4 5 56.1 24 
4 6 81.1 24 
4 7 93.45 24 
4 8 100.6 24 
4 9 123.7 24 
4 10 85.7 24 
4 11 103.25 24 
4 12 77.05 23 
4 13 111.05 24 
4 14 119.75 24 
4 15 87.25 24 
4 16 60.25 24 
4 17 138.25 24 
4 18 104.35 24 
4 19 80.45 24 
4 20 65.1 24 
4 21 71.9 24 
4 22 116.6 23 
4 23 55.1 24 
4 24 76.35 24 
4 25 97.1 24 
4 26 85 24 
4 27 97.15 24 
4 28 81.55 23 
4 29 87.95 24 
4 30 100.55 24 
4.5 1 70.15 24 
4.5 2 135.25 23 
4.5 3 96.25 24 
4.5 4 129.8 24 
4.5 5 73.9 24 
4.5 6 102.9 24 
4.5 7 101.95 24 
4.5 8 114.85 24 
4.5 9 69.8 24 
4.5 10 93.5 22 
4.5 11 97.1 24 
4.5 12 121 24 
4.5 13 110 24 
4.5 14 120.5 24 
4.5 15 109.25 24 
4.5 16 71.25 24 
4.5 17 126.25 24 
4.5 18 98.8 24 
4.5 19 96.85 24 
4.5 20 129.8 23 
4.5 21 74.5 23 
4.5 22 104.7 24 
4.5 23 96.45 23 
4.5 24 102.1 24 
4.5 25 112.1 24 
4.5 26 96.3 24 
4.5 27 95.9 24 
4.5 28 97.9 24 
4.5 29 42.8 24 
4.5 30 111.35 24 
5 1 110.45 24 
5 2 143.05 24 
5 3 96.4 24 
5 4 94.2 23 
5 5 112.4 24 
5 6 80.95 24 
5 7 115.7 24 
5 8 115.3 24 
5 9 97.5 24 
5 10 136.7 23 
5 11 86.9 24 
5 12 130.7 24 
5 13 131.8 24 
5 14 99.9 24 
5 15 142.5 23 
5 16 161.85 24 
5 17 130.75 24 
5 18 111.4 24 
5 19 124.55 24 
5 20 156 24 
5 21 132.8 23 
5 22 114.4 24 
5 23 115.3 23 
5 24 102.15 24 
5 25 118.55 24 
5 26 138.5 24 
5 27 149.6 23 
5 28 138.65 24 
5 29 111.8 23 
5 30 112 24 
5.5 1 157.6 24 
5.5 2 117.8 24 
5.5 3 93.85 24 
5.5 4 160.7 24 
5.5 5 131.4 24 
5.5 6 144.35 24 
5.5 7 130.55 24 
5.5 8 136.4 24 
5.5 9 110.85 24 
5.5 10 110.8 23 
5.5 11 172.45 23 
5.5 12 123.1 22 
5.5 13 125.75 24 
5.5 14 118.95 23 
5.5 15 129.4 24 
5.5 16 117.45 23 
5.5 17 164 24 
5.5 18 106.4 23 
5.5 19 116 24 
5.5 20 86.2 22 
5.5 21 134.35 24 
5.5 22 126.5 24 
5.5 23 115.15 24 
5.5 24 142.7 23 
5.5 25 129.9 24 
5.5 26 110.3 24 
5.5 27 112.1 24 
5.5 28 116.65 24 
5.5 29 149.1 23 
5.5 30 120.4 24 
6 1 137.85 23 
6 2 159.3 24 
6 3 121.75 24 
6 4 113.8 23 
6 5 142.4 24 
6 6 135.85 24 
6 7 129.8 24 
6 8 128.8 24 
6 9 146.85 23 
6 10 142.4 23 
6 11 141.75 24 
6 12 125.05 24 
6 13 158.7 24 
6 14 136.2 23 
6 15 134.6 24 
6 16 119.65 24 
6 17 143.55 24 
6 18 108.1 24 
6 19 131.55 24 
6 20 144.6 24 
6 21 122.55 24 
6 22 108.25 24 
6 23 126.45 24 
6 24 128.05 23 
6 25 113.7 24 
6 26 119.85 24 
6 27 146.1 24 
6 28 134.65 24 
6 29 112 24 
6 30 137.65 24 
6.5 1 163.4 23 
6.5 2 108.8 24 
6.5 3 120.45 23 
6.5 4 156.25 24 
6.5 5 119.5 24 
6.5 6 148.5 24 
6.5 7 124.75 24 
6.5 8 136.35 23 
6.5 9 154.35 24 
6.5 10 131.1 24 
6.5 11 124.6 24 
6.5 12 123.05 24 
6.5 13 119 24 
6.5 14 123.75 24 
6.5 15 162.2 24 
6.5 16 124.3 23 
6.5 17 136.15 24 
6.5 18 116.6 24 
6.5 19 121.2 24 
6.5 20 154.45 24 
6.5 21 136.35 24 
6.5 22 131.05 24 
6.5 23 133.2 24 
6.5 24 126.2 24 
6.5 25 121.45 23 
6.5 26 134.1 24 
6.5 27 135.6 24 
6.5 28 153.85 24 
6.5 29 141.55 24 
6.5 30 142.25 23 
7 1 139.65 24 
7 2 150.5 24 
7 3 134.1 24 
7 4 132.85 24 
7 5 150.5 24 
7 6 134.1 24 
7 7 126.4 24 
7 8 146.35 24 
7 9 158.35 23 
7 10 137.1 24 
7 11 164.45 24 
7 12 129.25 24 
7 13 125.25 24 
7 14 138.15 24 
7 15 127.95 24 
7 16 159.35 24 
7 17 152.95 24 
7 18 104.4 23 
7 19 137 24 
7 20 109.4 24 
7 21 152.95 24 
7 22 143.6 23 
7 23 124.55 23 
7 24 145.8 24 
7 25 117.25 24 
7 26 129.55 24 
7 27 130.4 24 
7 28 124.6 24 
7 29 149.6 24 
7 30 138.85 23 
7.5 1 138.15 23 
7.5 2 146.55 24 
7.5 3 139.2 23 
7.5 4 160.9 23 
7.5 5 129.55 23 
7.5 6 164.75 24 
7.5 7 143.2 24 
7.5 8 145.95 23 
7.5 9 132.75 24 
7.5 10 143.8 24 
7.5 11 116.65 23 
7.5 12 127.45 23 
7.5 13 133.6 24 
7.5 14 148.9 24 
7.5 15 122.75 22 
7.5 16 130.8 24 
7.5 17 127.65 24 
7.5 18 133.55 23 
7.5 19 132.55 23 
7.5 20 148.4 24 
7.5 21 111.1 24 
7.5 22 139.5 24 
7.5 23 118.5 24 
7.5 24 134.35 24 
7.5 25 117.9 24 
7.5 26 149.9 24 
7.5 27 151.35 23 
7.5 28 151.9 24 
7.5 29 122.95 24 
7.5 30 132.45 24 
