0.5 1 132.95 24
0.5 2 130.3 24
0.5 3 133.6 24
0.5 4 132.1 24
0.5 5 135.1 24
0.5 6 136.2 24
0.5 7 135.05 24
0.5 8 130.2 24
0.5 9 134.2 24
0.5 10 129 24
0.5 11 128.75 24
0.5 12 130.6 24
0.5 13 126.15 24
0.5 14 133.05 24
0.5 15 135.9 24
0.5 16 127.85 24
0.5 17 131.35 24
0.5 18 132.05 24
0.5 19 130.55 24
0.5 20 132.9 24
0.5 21 128.75 24
0.5 22 136.15 24
0.5 23 126.95 24
0.5 24 128.65 24
0.5 25 127.45 24
0.5 26 126.15 24
0.5 27 138.9 24
0.5 28 135.25 24
0.5 29 135.8 24
0.5 30 132.75 24
1 1 67.1 24 
1 2 67.65 24 
1 3 66.4 24 
1 4 66.05 24 
1 5 65.8 24 
1 6 65.15 24 
1 7 66 24 
1 8 65.4 24 
1 9 64.2 24 
1 10 64.75 24 
1 11 67.95 24 
1 12 65.3 24 
1 13 65 24 
1 14 68.35 24 
1 15 66.05 24 
1 16 68.2 24 
1 17 65.8 24 
1 18 66 24 
1 19 67.45 24 
1 20 66.6 24 
1 21 67.1 24 
1 22 68.5 24 
1 23 68.15 24 
1 24 66.95 24 
1 25 66.1 24 
1 26 67.25 24 
1 27 67.45 24 
1 28 67.95 24 
1 29 69.35 24 
1 30 67.9 24 
1.5 1 53.45 24 
1.5 2 55.3 24 
1.5 3 50.85 24 
1.5 4 52.3 24 
1.5 5 55.6 24 
1.5 6 52.7 24 
1.5 7 49.95 24 
1.5 8 51.15 24 
1.5 9 59.05 24 
1.5 10 53 24 
1.5 11 59.2 24 
1.5 12 53 24 
1.5 13 49.6 24 
1.5 14 54.2 24 
1.5 15 52.85 24 
1.5 16 53.3 24 
1.5 17 58 24 
1.5 18 52.85 24 
1.5 19 51.55 24 
1.5 20 55 24 
1.5 21 51.8 24 
1.5 22 56.3 24 
1.5 23 51.2 24 
1.5 24 52.15 24 
1.5 25 60.05 24 
1.5 26 52.7 24 
1.5 27 50.5 24 
1.5 28 53.95 24 
1.5 29 54.45 24 
1.5 30 55.55 24 
2 1 66.15 24 
2 2 68.3 24 
2 3 65.35 24 
2 4 60.75 24 
2 5 57.25 24 
2 6 56.75 24 
2 7 59.1 24 
2 8 70.65 24 
2 9 59.05 24 
2 10 71.9 24 
2 11 63.4 24 
2 12 66.3 24 
2 13 56.75 24 
2 14 51.55 24 
2 15 59.25 24 
2 16 71.9 24 
2 17 61.85 24 
2 18 57.2 24 
2 19 64.3 24 
2 20 67.15 24 
2 21 67.2 24 
2 22 59.05 24 
2 23 69.8 24 
2 24 62.25 24 
2 25 52.4 24 
2 26 58.75 24 
2 27 70.35 24 
2 28 58.7 24 
2 29 59 24 
2 30 56.7 24 
2.5 1 68.6 24 
2.5 2 67.45 24 
2.5 3 68.5 24 
2.5 4 76.55 24 
2.5 5 62.7 24 
2.5 6 73.35 24 
2.5 7 76.55 24 
2.5 8 77.8 24 
2.5 9 74.15 24 
2.5 10 80.75 24 
2.5 11 70.4 24 
2.5 12 73.25 24 
2.5 13 76.3 24 
2.5 14 65.6 24 
2.5 15 71.65 24 
2.5 16 79.15 24 
2.5 17 66.65 24 
2.5 18 67.9 24 
2.5 19 86.4 24 
2.5 20 79.35 24 
2.5 21 72.25 24 
2.5 22 64.35 24 
2.5 23 79.4 24 
2.5 24 82.6 24 
2.5 25 70.4 24 
2.5 26 70.75 24 
2.5 27 62.5 24 
2.5 28 76.15 24 
2.5 29 71.45 24 
2.5 30 67.5 24 
3 1 92.65 24 
3 2 72.45 24 
3 3 105.7 24 
3 4 79.4 24 
3 5 84.1 23 
3 6 90.5 24 
3 7 72.75 24 
3 8 87.3 24 
3 9 80.6 24 
3 10 84.05 24 
3 11 75.65 24 
3 12 78.25 24 
3 13 84.05 24 
3 14 87.75 24 
3 15 87.4 24 
3 16 90 24 
3 17 81.3 24 
3 18 73.85 24 
3 19 92.7 24 
3 20 74.7 24 
3 21 94.6 24 
3 22 82.85 24 
3 23 87.7 24 
3 24 86.4 24 
3 25 79.05 24 
3 26 92.05 24 
3 27 82.6 24 
3 28 89.85 24 
3 29 87.9 24 
3 30 80.4 24 
3.5 1 84.65 24 
3.5 2 100.9 24 
3.5 3 91.8 24 
3.5 4 99.6 24 
3.5 5 84.35 24 
3.5 6 99.85 24 
3.5 7 97.4 24 
3.5 8 77.6 24 
3.5 9 78.8 24 
3.5 10 91.6 24 
3.5 11 92.05 24 
3.5 12 89.4 24 
3.5 13 87.95 24 
3.5 14 90.45 23 
3.5 15 78.65 24 
3.5 16 91.7 24 
3.5 17 86.4 24 
3.5 18 100.7 24 
3.5 19 81.15 24 
3.5 20 92.65 24 
3.5 21 93.15 24 
3.5 22 88.9 24 
3.5 23 85.6 23 
3.5 24 95.15 24 
3.5 25 75.15 24 
3.5 26 91.25 24 
3.5 27 94.1 23 
3.5 28 76.6 24 
3.5 29 94.4 24 
3.5 30 86.8 24 
4 1 79.15 24 
4 2 91.95 24 
4 3 103.65 24 
4 4 105.6 24 
4 5 105.45 24 
4 6 96.45 24 
4 7 96.1 24 
4 8 78.7 24 
4 9 96.8 24 
4 10 87.85 24 
4 11 92 24 
4 12 93.6 24 
4 13 107.3 24 
4 14 93.25 24 
4 15 84.6 24 
4 16 105.35 24 
4 17 85.85 24 
4 18 96 23 
4 19 91.5 24 
4 20 91.45 24 
4 21 94.65 24 
4 22 104.85 24 
4 23 95.5 24 
4 24 100.2 23 
4 25 91.35 24 
4 26 94.2 24 
4 27 90.9 24 
4 28 87.75 24 
4 29 90.55 24 
4 30 79.2 23 
4.5 1 99.75 24 
4.5 2 84.45 24 
4.5 3 94.3 24 
4.5 4 102.05 24 
4.5 5 107 24 
4.5 6 93.3 24 
4.5 7 94.2 24 
4.5 8 103.75 24 
4.5 9 108.8 24 
4.5 10 97.65 24 
4.5 11 89.7 24 
4.5 12 102.55 24 
4.5 13 94 24 
4.5 14 85.55 24 
4.5 15 81.65 24 
4.5 16 93.55 24 
4.5 17 87.85 24 
4.5 18 102.5 24 
4.5 19 95.7 24 
4.5 20 93.05 24 
4.5 21 91.5 24 
4.5 22 95.15 24 
4.5 23 98.7 24 
4.5 24 88.65 24 
4.5 25 99.45 24 
4.5 26 94.5 24 
4.5 27 97.35 24 
4.5 28 92.55 24 
4.5 29 82.4 24 
4.5 30 105.15 23 
5 1 94 24 
5 2 93.1 24 
5 3 93 24 
5 4 102.15 24 
5 5 96.9 24 
5 6 96.35 24 
5 7 95.6 24 
5 8 98.75 24 
5 9 93.15 24 
5 10 96.4 24 
5 11 101.55 24 
5 12 99.1 24 
5 13 90.3 24 
5 14 92.7 24 
5 15 89.05 24 
5 16 82.65 24 
5 17 106.45 24 
5 18 103.3 24 
5 19 83.9 24 
5 20 86.1 24 
5 21 93 24 
5 22 91.3 24 
5 23 96.1 24 
5 24 93.75 24 
5 25 88.6 24 
5 26 94.55 24 
5 27 102.55 24 
5 28 93.8 24 
5 29 98.15 24 
5 30 91 24 
5.5 1 96.15 24 
5.5 2 101.4 24 
5.5 3 103.25 24 
5.5 4 92.4 24 
5.5 5 93.9 24 
5.5 6 94.6 24 
5.5 7 91.05 24 
5.5 8 86 24 
5.5 9 98.75 23 
5.5 10 92.55 24 
5.5 11 94.9 24 
5.5 12 91.55 24 
5.5 13 86.2 24 
5.5 14 89 24 
5.5 15 88.95 24 
5.5 16 94 24 
5.5 17 89.9 24 
5.5 18 81.2 24 
5.5 19 95.7 24 
5.5 20 84.9 24 
5.5 21 89.5 24 
5.5 22 95.2 24 
5.5 23 86.95 24 
5.5 24 85.1 24 
5.5 25 94.95 24 
5.5 26 94.05 24 
5.5 27 96.25 24 
5.5 28 89.95 24 
5.5 29 91.75 24 
5.5 30 85.65 24 
6 1 90 24 
6 2 91.2 23 
6 3 89.85 24 
6 4 97.25 24 
6 5 85.8 24 
6 6 83.85 24 
6 7 88.4 24 
6 8 88.35 24 
6 9 90.85 24 
6 10 85.15 24 
6 11 86 24 
6 12 83.05 24 
6 13 95.3 24 
6 14 85.5 24 
6 15 88.6 24 
6 16 86.6 24 
6 17 86.3 24 
6 18 86.75 24 
6 19 90.75 24 
6 20 87.2 24 
6 21 92 24 
6 22 75.15 24 
6 23 86.65 24 
6 24 91.4 24 
6 25 82.95 24 
6 26 90.35 24 
6 27 96.15 24 
6 28 100.2 23 
6 29 88.25 24 
6 30 94.55 24 
6.5 1 89.25 24 
6.5 2 90.1 24 
6.5 3 90.9 23 
6.5 4 90.75 24 
6.5 5 83.95 24 
6.5 6 93.3 24 
6.5 7 87.75 24 
6.5 8 87.85 24 
6.5 9 90.75 24 
6.5 10 94.8 24 
6.5 11 81.85 24 
6.5 12 83.65 24 
6.5 13 86.75 24 
6.5 14 84.5 24 
6.5 15 81.35 24 
6.5 16 81.9 23 
6.5 17 81.65 24 
6.5 18 88.45 24 
6.5 19 93.15 24 
6.5 20 79.6 24 
6.5 21 90.75 24 
6.5 22 85.55 24 
6.5 23 88.5 24 
6.5 24 85.75 24 
6.5 25 87.05 24 
6.5 26 91.6 24 
6.5 27 73.65 24 
6.5 28 84.1 24 
6.5 29 87.35 24 
6.5 30 82.85 23 
7 1 83.75 24 
7 2 93.8 24 
7 3 87 24 
7 4 80.15 24 
7 5 88.55 24 
7 6 86.6 24 
7 7 81.05 24 
7 8 83.7 24 
7 9 77.25 24 
7 10 84.65 24 
7 11 78.95 24 
7 12 83.2 24 
7 13 84.5 24 
7 14 96.9 24 
7 15 89.8 24 
7 16 82.25 24 
7 17 86.7 24 
7 18 80.65 24 
7 19 87.1 24 
7 20 83 24 
7 21 80.35 24 
7 22 89.25 24 
7 23 81.9 24 
7 24 86.85 24 
7 25 80.7 24 
7 26 84.9 24 
7 27 83.9 24 
7 28 82.2 24 
7 29 82.8 24 
7 30 80.25 24 
7.5 1 77.3 24 
7.5 2 82.75 24 
7.5 3 79.35 24 
7.5 4 79.95 24 
7.5 5 82.1 24 
7.5 6 75.75 24 
7.5 7 76.55 24 
7.5 8 80.65 24 
7.5 9 73.8 24 
7.5 10 82.65 24 
7.5 11 82.15 24 
7.5 12 77.6 24 
7.5 13 74.2 24 
7.5 14 84.05 24 
7.5 15 84 24 
7.5 16 80.85 24 
7.5 17 80.8 24 
7.5 18 86.7 24 
7.5 19 79.85 24 
7.5 20 76.8 24 
7.5 21 81.9 24 
7.5 22 79.7 24 
7.5 23 76.2 24 
7.5 24 79.45 24 
7.5 25 82.2 24 
7.5 26 78.95 24 
7.5 27 81.6 24 
7.5 28 90.35 24 
7.5 29 80.3 24 
7.5 30 83.5 24 
