13.7266 11.6449 1.0002 -0.00474129 
5.54072 13.9385 1.00399 0.0323353 
2.75955 7.06091 1 -0.0742146 
1.05314 12.8693 0.994399 -0.0246966 
1.17398 16.5575 0.993898 0.0111476 
11.9617 5.68889 1.02119 -0.0532739 
6.44225 9.02902 0.962359 -0.0433491 
5.89331 2.68329 1.0336 0.093762 
12.0615 13.2338 0.999718 -0.00875156 
4.1292 18.7469 1 0.0309771 
9.63673 3.68192 0.991884 -0.106236 
11.8497 4.19781 0.992609 -0.0781344 
3.48276 2.95529 0.999685 -0.00768603 
9.21608 17.4488 0.997159 -0.0173038 
10.6091 4.09129 1.01564 0.0881067 
0.762203 13.7038 0.981262 0.0215214 
11.1777 13.2183 1.00306 -0.0459231 
11.8004 14.1019 1.00351 0.0406143 
2.24477 18.7127 1.00119 0.0451735 
13.797 1.64481 0.993512 -0.132538 
12.7038 4.55943 0.999939 -0.00864694 
12.9446 5.44589 0.999705 0.0116996 
3.60599 3.96962 1.00686 0.0198853 
10.5874 5.41811 0.987902 -0.101957 
1.26591 14.4518 1.01175 0.00895361 
6.84017 8.27889 1.03634 -0.106029 
11.653 12.429 1.0007 -0.0153419 
9.05542 13.0023 0.99409 0.00223327 
6.25872 14.9645 0.999581 0.00859491 
7.79329 2.71691 1.001 0.14649 
12.8038 13.7167 1.00085 -0.0784592 
6.82736 12.4325 0.998959 0.00804008 
6.29712 0.732935 1.00019 0.0851856 
13.6658 4.73874 1.0003 -0.0725326 
5.2103 8.46172 0.973332 -0.0474847 
13.5552 9.72848 0.998692 0.00234174 
13.6508 17.3359 1.00364 0.0196848 
0.746616 17.7467 0.998599 -0.000773145 
2.69966 0.653357 0.999493 0.0894705 
3.63492 7.42317 0.999409 -0.170951 
1.56374 8.94764 0.952704 0.0443019 
2.3819 6.23156 1.00083 -0.0124209 
7.31616 13.3601 0.973291 0.0333295 
8.77859 18.2547 1.0003 -0.0402373 
12.8175 12.7763 1.01397 0.00463415 
3.17784 5.14659 0.984022 -0.0849751 
8.32718 9.43116 1.00227 -0.0462621 
8.58135 2.22862 0.987373 -0.0264812 
4.56198 9.07448 0.985775 -0.070456 
3.0191 9.93025 1.00197 0.000962763 
0.767927 4.1093 1.00471 -0.0593655 
2.70496 19.4814 1.01322 0.0328315 
8.99417 5.09925 0.982063 -0.187154 
7.74334 8.12654 1.00128 -0.132277 
9.48325 8.18988 0.999993 -0.141694 
2.30386 9.41005 1.01972 0.0210698 
10.3872 2.31405 1.0292 -0.0735653 
13.5421 20.3022 0.999921 0.0466615 
11.0912 11.6356 0.989898 -0.0521692 
8.80742 1.32385 1.00703 0.0785537 
10.4369 3.23343 0.977295 -0.0742601 
6.31644 7.30708 1.01646 0.0210708 
8.67191 13.9306 0.985515 -0.0671155 
4.96244 6.10359 0.928938 0.0662686 
3.99462 4.81454 0.994359 -0.0857952 
6.03599 19.2185 0.994118 0.113828 
1.49732 6.01246 1.00716 -0.0839363 
2.97877 14.7577 1.00358 -0.0108559 
1.60445 18.0322 1.02052 -0.0142855 
4.97298 1.91399 0.998363 -0.00622166 
7.19752 7.4059 1.00113 -0.022292 
0.751541 9.4396 1.00043 0.0357861 
12.7879 10.7622 0.997667 -0.0197198 
4.20759 15.1774 0.999995 0.0277826 
1.25173 1.74404 1.02056 -0.0237295 
11.9492 7.48805 1.0001 -0.0547159 
11.0413 16.9195 0.996358 -0.0628664 
11.895 6.60625 0.974107 -0.0344625 
0.544315 3.25848 1.00077 -0.078404 
0.896552 21.249 1.02368 -0.019232 
4.92148 11.1581 1.00053 -0.0398336 
4.05247 10.9273 0.998766 -0.0147326 
11.626 14.9903 0.998292 0.00500183 
4.07301 5.72291 1.00878 0.0312551 
13.6237 21.2505 1.00722 -0.0385291 
12.7627 2.17375 1.0071 -0.0146627 
1.56707 6.99106 0.999987 -0.027876 
5.96939 8.05305 0.998239 0.0617376 
12.0911 19.0296 1.0001 -0.0439099 
9.51942 9.43813 1.00237 -0.0248135 
13.6763 16.4675 1.02858 0.0654836 
0.611024 6.0522 0.999903 -0.00275023 
9.65194 2.80595 1.04973 -0.0197485 
10.4111 13.6604 1.00921 -0.00482927 
2.07288 14.9063 0.999888 0.0710784 
0.443906 18.6915 0.961209 0.0185141 
11.0101 21.1555 0.995173 -0.066924 
4.86166 19.7402 1.04958 -0.0347677 
13.2317 19.3146 0.996569 -0.106789 
8.94852 4.26118 1.01179 -0.0961178 
5.02164 13.2018 0.996128 0.0117523 
7.76593 12.1587 1.00155 0.0554165 
0.282514 10.2533 0.999144 0.055184 
6.36109 3.4153 0.965943 -0.0701663 
8.1149 14.9246 1.00753 0.0749662 
9.56681 16.4333 0.982028 0.00215002 
11.8973 1.97632 0.993629 -0.0968302 
13.1177 15.7365 0.993991 -0.0276082 
10.8393 7.08697 1.01074 -0.00505926 
3.91472 1.73165 1.01479 0.142321 
7.82189 17.8715 1.03306 0.114895 
10.9558 14.3517 0.991948 -0.0186665 
6.87706 14.3386 0.97021 0.0270826 
9.09319 21.1533 0.999972 0.00286103 
4.99184 12.1449 1.00711 -0.0226127 
9.80127 4.52068 1.01364 -0.0370767 
13.6834 10.6212 1.0008 -0.110074 
1.2986 18.8295 1.00939 0.0151214 
9.86922 10.4361 1.00679 -0.0675979 
7.25133 15.1239 1.03002 0.116628 
12.7837 7.91729 0.987071 -0.0903143 
5.04705 2.91979 0.991371 -0.0312822 
9.5977 1.93715 0.922495 -0.00730328 
4.16023 11.8509 0.996432 0.0138433 
2.13281 1.73294 0.999171 -0.0447422 
0.445874 20.51 1.00784 0.0702062 
0.297719 16.4803 1.01166 0.0409283 
3.13706 18.5983 1.00019 0.00611843 
12.488 3.58574 1.0373 -0.0144391 
9.82677 11.9529 0.977776 -0.0636124 
9.57721 18.7008 0.998846 -0.102982 
9.75821 15.4444 1.00002 0.0214335 
11.0705 8.95944 1.00015 -0.0266604 
6.03702 16.8249 1.00011 0.0411617 
6.89876 2.62824 0.996093 0.0248937 
10.3 11.2175 1.01716 -0.0585549 
5.62322 10.5496 1.02627 -0.044333 
4.80492 5.19639 1.00797 -0.0336384 
1.33542 15.3886 1.00182 0.0662974 
10.476 18.9907 1.00015 0.0382656 
13.4318 0.671519 1.06772 0.0874981 
9.53121 13.7413 1.00259 -0.0220884 
12.0452 18.06 1.00449 0.0464798 
0.0796157 11.1179 1 0.0190413 
9.02342 10.1898 0.987497 0.0139152 
9.97265 7.25353 1.01321 0.0508557 
10.4133 0.767113 1.00252 0.0085151 
13.3815 3.8734 0.984133 0.143972 
13.667 8.06066 1.00089 -0.0118224 
9.42073 6.48645 1.01206 -0.071119 
12.054 2.85467 1.0258 0.0332096 
13.2651 2.99246 0.99253 -0.0744413 
4.45766 17.4503 1.00527 0.0729473 
4.29732 16.4948 0.986044 0.00320074 
3.59238 0.858595 1.01038 -0.0366602 
10.6429 15.2723 1.00092 0.00055619 
10.0758 17.6378 1.00285 -0.0415087 
13.6903 13.5824 0.999781 -0.0685839 
11.5219 19.8339 0.999897 -0.00603738 
1.72135 13.5175 0.995198 0.0324889 
3.58665 13.8444 1.00003 0.0248622 
11.171 6.11973 0.997687 -0.0460406 
8.94484 7.27612 1.00002 -0.0541674 
5.82622 6.47748 1.00128 0.0570045 
2.3267 20.2744 0.990156 0.0702631 
8.72355 12.1227 0.9959 -0.0618829 
10.3956 9.5271 0.993357 -0.0482291 
3.60281 17.1655 0.998336 0.0740138 
7.80946 14.1042 1.00011 0.102445 
1.74142 11.2521 1.01711 0.0104001 
10.0099 14.4851 1.01484 0.00685364 
8.60021 8.49724 0.999938 0.000871723 
9.00783 14.8783 0.999225 -0.0215443 
0.708104 7.18327 0.999924 -0.0555429 
7.3595 20.3559 1 0.00122871 
4.28844 6.69302 0.991245 0.0192083 
13.2609 7.1973 1.01365 0.00310834 
6.71382 6.12153 0.971927 0.104661 
2.28164 3.57472 0.994903 -0.0123124 
9.98788 21.2494 1 -0.115091 
9.52451 0.805717 1.00077 0.099452 
12.2345 15.6518 0.976121 0.0320391 
10.7312 12.4458 1.00105 -0.0669753 
4.91635 10.0275 0.959163 -0.0296486 
13.6756 12.5689 1.00701 -0.0780993 
4.33285 3.43937 1.01075 -0.00104118 
7.5636 17.0366 1.01738 -0.0691751 
13.5894 6.12759 1.00356 0.0303571 
1.87618 17.0816 1.00958 -0.0913004 
10.3573 8.40308 0.999522 -0.042012 
11.2912 16.088 1.02681 0.0718712 
6.94172 19.4773 1.00004 -0.0318259 
11.913 9.29951 1.02832 0.0187045 
7.90918 15.9429 0.97982 0.112188 
5.33789 7.37249 0.999971 -0.0692532 
5.54626 4.65685 1.00988 -0.00728032 
3.17966 20.4241 1.00431 -0.226394 
12.762 17.2523 0.962833 0.00517523 
12.8835 18.3437 1.00786 0.0543855 
0.385959 5.05194 0.998747 0.0104365 
8.15287 10.3185 0.985418 -0.00156839 
10.294 6.34588 1.00174 -0.0496361 
3.31526 11.6026 1.00991 0.0396152 
6.79464 1.6451 0.999798 -0.00900807 
0.932385 11.9244 1.00445 0.0368292 
8.79987 3.02657 1.01532 -0.0934858 
2.57393 12.0653 1.02748 0.00498779 
1.66942 2.50506 1.01669 -0.0157147 
12.4676 14.7102 1.00164 0.0234157 
6.50075 10.5285 1.01422 -0.0252127 
5.66781 5.60699 1.01518 0.0574403 
3.31502 12.7283 0.999943 -0.0702707 
12.0786 10.236 0.998227 -0.0225896 
1.78969 19.6021 0.983788 0.0165912 
2.67677 21.1701 0.96239 -0.0441749 
1.9834 16.2083 0.98397 0.0679552 
10.9679 1.60904 0.999771 -0.0023766 
6.72785 17.4998 1.00002 0.0907541 
7.16665 11.4635 0.99279 0.0323377 
2.5526 17.7636 1.00311 0.00887051 
8.01681 7.14155 1.00128 0.0922628 
11.937 11.3637 1.00967 0.0305238 
0.584648 2.3039 0.963938 -0.0209242 
2.66258 13.7763 0.99999 0.0430031 
5.54598 3.78272 1.00583 0.0157905 
12.6417 0.969033 0.930987 -0.18814 
2.73765 16.8939 0.99542 -0.00645415 
1.81739 0.844552 0.99943 0.0441616 
5.36809 18.6556 0.982453 0.152897 
6.43 13.4183 0.999981 0.0776762 
1.90641 4.38886 0.995132 0.0253518 
0.937735 10.8729 0.984233 0.0522095 
4.25112 20.3385 0.926919 -0.0800424 
4.19983 12.7984 0.99992 0.0135052 
7.43157 9.04323 0.99875 -0.0644603 
3.00393 1.4979 0.975238 -0.0591568 
6.9893 16.4213 0.991417 0.00705594 
11.982 16.6413 1.00069 0.0860763 
8.78893 16.0133 1.0041 -0.0470106 
13.3733 14.5451 1.0003 -0.0503797 
11.2286 18.4105 0.988653 0.02289 
9.93911 12.8673 1.00052 -0.0251514 
3.55561 16.0275 1.03001 0.0261093 
5.5643 9.40923 1.00266 0.00382326 
8.54077 6.34558 0.999659 -0.101265 
5.81317 12.6333 0.999992 0.0410868 
8.19234 5.52476 1.02904 0.0134385 
10.6415 20.2599 0.995414 -0.160374 
8.10914 0.788308 0.990717 0.0939825 
1.34852 5.13192 0.999895 0.0518115 
3.62401 19.6837 1.01312 -0.0668265 
12.7354 6.3396 1.00065 0.0265386 
6.23592 15.9661 0.965287 0.0309052 
2.68902 2.56569 0.99976 0.0207528 
7.75088 1.86971 0.997153 0.116626 
12.794 11.6954 1 -0.125451 
12.7617 21.0742 0.992699 0.0428079 
6.45579 5.22929 1.01588 0.0155231 
11.2216 9.83407 0.984031 -0.00281723 
11.0678 10.7354 1.01064 -0.0665255 
0.903325 19.6746 0.9963 0.00626181 
3.89815 9.79598 1.01966 0.0202325 
8.06091 19.1896 0.999983 0.114198 
2.71788 15.7506 0.976797 0.10676 
1.37134 20.3874 0.971626 -0.141821 
1.79695 21.1562 1.04426 -0.0239419 
12.7901 9.02684 1.00091 -0.118143 
2.79701 8.37911 0.998547 -0.0380583 
6.47721 18.4505 1.02289 0.0387123 
7.61014 6.19998 1.02636 -0.000702023 
7.23666 3.5021 0.955379 -0.0539965 
12.6413 20.0866 0.998785 -0.0482151 
3.6897 21.1415 1.05842 -0.0376562 
5.24099 20.5807 1.00277 0.0902185 
1.89713 12.6424 0.981805 0.00771435 
8.14495 4.62043 1.02526 -0.0235639 
3.25016 6.03992 0.99691 0.00395163 
9.728 5.61551 0.993754 -0.0626634 
9.23811 11.1618 1.00002 -0.0581569 
4.72747 4.31258 0.983232 9.53946e-05 
4.5165 0.971052 0.999859 -0.0171778 
5.86836 1.77148 1.00009 -0.103348 
11.9655 8.38757 1.00258 -0.064633 
0.49287 14.9089 0.997115 -0.0317201 
8.45544 17.0007 1.00148 -0.0290979 
1.40367 3.50209 0.991417 0.0390648 
11.8823 20.9844 0.998001 -0.128934 
2.25951 5.20746 0.999536 -0.120138 
0.832067 8.39042 0.999998 0.0112132 
11.2933 3.47514 1.0124 -0.0403518 
11.3631 5.01294 1.02644 -0.120769 
11.2086 2.62795 1.00747 0.0837297 
11.1352 7.92714 0.998311 -0.0895718 
10.4193 16.2061 1.00976 0.0378273 
9.74928 20.0381 0.999999 -0.0269115 
8.26667 11.2226 1.00008 -0.0542332 
8.17635 12.9302 1.00016 -0.0121132 
8.27675 20.1121 1.00004 0.0883752 
8.12096 3.57211 1.01092 0.0157871 
7.32456 5.3621 0.993669 0.0342614 
7.2971 9.94029 0.999934 -0.112903 
7.18037 0.841982 0.998924 0.054809 
7.30729 4.3504 0.969496 0.0772679 
6.37921 4.2124 0.99295 -0.11405 
6.23166 11.5435 0.999984 0.00440648 
6.18476 20.6778 1.00001 0.17194 
5.42851 17.6458 1.02327 0.0666352 
5.35391 15.8463 0.997707 -0.152307 
5.37791 0.746347 1.00094 0.0654925 
5.11323 16.8107 1.00252 -0.0412612 
5.0773 14.9488 0.999993 0.0696277 
4.4673 7.93817 0.999893 -0.0308197 
4.58024 21.2311 1.02086 0.0829815 
4.4126 14.1846 1.00005 0.00980949 
4.26597 2.54846 0.963645 0.0435542 
3.68766 8.3957 1.01413 -0.0468336 
2.78927 4.30582 1.00119 0.0408765 
1.94839 8.12096 0.99406 0.0150827 
0.140311 13.0588 1.00723 -0.0508319 
0.0921423 12.186 1.0006 -0.0165192 
0.029334 19.4876 0.997885 0.1074 
0.0162395 21.2465 1.01784 0.09961 
25.7099 10.1133 1.00001 -0.0214954 
25.5947 14.6343 0.98156 0.0197322 
27.9096 3.90785 1.00382 -0.0156361 
26.1953 18.4985 0.999494 0.0896497 
15.4315 4.33356 0.963767 0.0355623 
17.8655 9.98337 0.999659 0.0224777 
24.855 13.5627 0.999995 0.0766692 
21.6779 3.53342 1.02718 -0.00800637 
23.8155 6.70445 1.00197 -0.0843643 
14.709 1.65598 0.948869 0.00626985 
21.5885 5.83171 0.998179 -0.0796455 
16.7006 6.24991 0.980349 -0.0467926 
26.56 10.495 0.999999 0.0109589 
15.6873 1.97286 1.00196 0.0311756 
25.2016 2.46118 1.00994 -0.058229 
17.3277 14.3129 1.00002 0.097353 
24.3716 18.5835 0.999999 0.00747788 
15.0931 3.50723 1.00206 -0.0559108 
22.2603 11.4192 1.00141 -0.084014 
16.6407 9.80931 1.00002 0.0627272 
20.6861 5.91673 0.99999 -0.0554886 
19.9587 8.05552 0.973657 -0.073957 
25.4692 19.3146 1.00002 0.0839235 
20.5493 20.8902 1.00002 -0.0390731 
24.3309 16.4136 1.00026 0.105685 
23.2701 8.96845 1.00106 -0.0274343 
21.3054 13.8611 1.03091 0.023937 
21.9276 1.52319 0.965965 -0.0131822 
26.9207 2.23849 0.999863 -0.095331 
18.653 15.5004 0.984308 -0.23965 
16.5213 19.2056 0.93922 0.0322823 
22.5293 13.5081 0.996055 0.00914597 
20.6116 11.56 0.998323 -0.0136194 
21.6375 7.74393 0.975103 0.0466796 
16.1149 11.3221 0.992596 -0.100233 
19.451 0.663292 1.00467 0.0435502 
26.2558 15.2324 1.00047 0.00724728 
25.4161 15.4987 0.96713 0.0217058 
27.5277 4.72701 0.999256 -0.0592448 
24.4467 2.93339 1.00189 -0.113616 
22.0776 14.372 1.00197 -0.0204654 
14.5139 4.32274 1.01336 0.214461 
14.3129 0.69816 0.99974 0.120237 
23.5608 3.53847 1.00105 -0.171703 
19.2429 16.2224 1.01591 -0.161712 
19.2444 2.65228 1.05526 -0.0192679 
21.2281 0.711258 1.00031 0.0189762 
18.4537 2.32352 0.946969 0.0777815 
15.2492 8.1624 1.02981 -0.0344224 
25.4661 21.3603 0.981903 0.183634 
24.6755 7.63784 0.99997 -0.095248 
19.5595 9.90767 0.987311 -0.223297 
27.2438 13.3169 1.00001 0.0771798 
25.4699 7.25231 0.999472 -0.102183 
19.4226 1.79358 1.00478 -0.0323764 
24.4067 2.07794 1.02512 -0.077584 
17.7251 1.89604 0.974586 0.161328 
25.2776 12.2036 1.00477 0.0240983 
19.0226 5.27977 0.983484 0.0502489 
15.9529 2.85464 0.964328 -0.0813539 
27.8909 13.9775 0.990986 0.0610193 
21.3241 2.7837 0.98377 0.025233 
16.8446 7.09199 1.03765 -0.0183686 
16.8864 5.41157 1.00989 0.0231941 
15.2165 11.3641 0.992775 0.0914108 
24.0608 5.80577 1.00129 -0.109422 
27.044 15.6381 1.01827 0.0507507 
20.3454 0.580159 1.00643 -0.102195 
19.7889 10.8015 0.996393 -0.0561457 
25.529 0.680541 1.00371 0.154133 
14.882 14.9705 1.02587 -0.150596 
14.5076 21.2076 1.01216 -0.0581358 
27.1224 6.41214 0.999178 0.000608971 
20.382 9.44993 1.00006 -0.0930103 
27.7435 1.81164 1.00002 -0.166511 
18.5922 1.48115 1.00586 0.263527 
17.5453 4.62814 0.991236 0.119261 
14.2848 14.3509 0.9759 -0.0573053 
26.0613 2.64533 1.01864 -0.0115903 
23.8224 20.7503 0.981826 -0.0713188 
15.2636 9.30503 1.00031 -0.0500033 
21.2261 6.80281 1.01134 -0.197445 
20.1256 6.76668 1.0382 -0.149731 
22.2221 19.4244 0.999977 0.0900232 
16.1137 3.78422 0.921633 -0.0347933 
22.5399 3.73179 0.996488 -0.0205802 
23.9024 19.7812 0.999932 -0.0102032 
22.9733 17.7181 1.00075 -0.0100989 
22.6208 4.60533 0.964162 -0.11314 
26.9201 5.41937 1.02936 -0.0297915 
18.5681 3.20392 0.973046 -0.149868 
19.9772 12.6324 0.996019 -0.0423886 
17.8151 11.2067 1.00344 0.00527672 
21.7721 4.84421 0.999822 -0.0828693 
14.171 3.40123 1.00077 -0.0462681 
26.2653 8.05719 1.01107 -0.11296 
22.7981 2.85372 1.03087 -0.0416228 
14.4972 12.2364 1.00004 -0.0976127 
16.7301 20.1227 1.00002 -0.0382248 
15.6074 16.491 1.00119 -0.00759047 
20.5675 14.3528 0.995295 0.0160797 
20.9345 4.39465 1.03574 0.00705615 
27.9623 7.80752 1.00194 -0.0712423 
26.0889 11.3772 0.997004 -0.100865 
18.5599 7.27844 1.0007 -0.198546 
21.4679 11.8154 1.0059 -0.0426971 
21.472 15.2165 0.99325 0.0477889 
26.6162 17.6722 0.999346 0.0550403 
25.8238 17.1221 0.999915 0.0332687 
27.281 14.7442 1.03454 0.0592712 
19.1642 12.9695 0.999901 -0.0490294 
21.2898 17.099 1 -0.13783 
21.2532 9.82166 1.00001 -0.0466535 
20.1217 4.72002 1.0118 -0.0453153 
20.6829 19.0365 1.00024 0.233367 
17.6434 2.97207 1.04958 -0.00833618 
22.4958 9.38902 0.99893 -0.0426303 
27.8646 8.80468 1.00112 0.0473802 
15.0873 2.62388 0.982773 0.00948675 
22.4727 5.69041 1.02427 -0.198682 
16.6826 4.45425 0.975666 -0.0459745 
18.3861 14.5304 0.999999 -0.0936162 
27.0361 3.74245 0.99213 0.0658807 
18.8577 8.15124 0.999987 -0.185345 
26.6052 4.58604 0.999025 -0.0274825 
16.7756 2.51513 1.02999 -0.00192566 
25.2035 9.25972 1.0001 -0.0687949 
15.2831 20.742 0.974088 0.000757282 
16.9673 11.6325 1.00103 0.0116149 
14.5684 10.6741 1.0025 0.00678226 
23.0036 15.115 0.999863 0.0485368 
17.0366 21.0888 1.00007 0.00967549 
27.1994 12.124 0.999598 -0.0210499 
14.2158 2.51525 0.99158 -0.112821 
23.709 1.56237 0.993072 -0.00724537 
24.3406 12.3197 1.00241 -0.0250821 
18.536 0.605723 0.979891 -0.147987 
26.1649 3.53674 0.999457 0.000617966 
24.7854 19.9088 1.00004 0.0908957 
23.8581 17.8084 1.01555 0.0730731 
25.2873 3.3898 0.999966 -0.0415085 
21.6894 8.66103 1.00113 -0.126478 
24.6603 21.0123 0.939431 0.0368878 
16.738 15.0213 1.02448 -0.105966 
26.1163 8.92525 0.989963 -0.0284116 
26.8132 16.7374 0.979456 0.0946913 
21.7566 12.7706 0.999001 -0.0122403 
18.7905 20.8612 0.9994 0.0590705 
20.6387 10.529 0.995925 -0.087215 
27.4013 10.1716 0.999091 -0.0405042 
17.6834 7.37745 1.01506 0.0418729 
25.4315 5.96797 0.962813 0.0726321 
24.4659 8.68124 1.00001 -0.0793117 
27.4838 18.0118 0.999253 0.11586 
20.7119 7.58339 1.00413 -0.0506673 
15.4032 12.25 1.01994 -0.161325 
26.0017 5.23818 1.00608 -0.0724018 
19.6871 14.2713 0.974123 -0.0311188 
17.1108 12.7645 0.999984 -0.0959718 
16.6002 17.3388 1 -0.151063 
23.1367 9.99985 1.00301 -0.199405 
17.9951 8.90134 1.00028 -0.0996505 
19.7504 11.752 0.994619 -0.0895156 
22.3875 17.0133 0.95164 0.148382 
15.4011 17.4055 1 -0.0179953 
25.5871 20.4547 1.00887 -0.0581031 
18.717 9.54334 1.00005 -0.0493313 
22.5388 21.3308 0.99978 -0.12494 
19.8547 5.58498 1.00431 -0.0172487 
27.6412 17.0582 1.00558 0.0408045 
24.693 10.0794 1.00005 -0.0374595 
17.3916 19.088 1.0476 0.236668 
15.424 10.4232 1.00095 0.0279966 
23.0676 10.9289 0.996353 -0.0216863 
26.296 21.1153 1.01647 0.0812671 
17.5396 6.53664 0.98352 -0.093064 
23.8455 0.632778 1.03537 -0.050225 
27.0847 7.68068 1.00036 -0.0302682 
18.2724 18.8261 1.00018 -0.158683 
14.1617 19.1959 1 0.0565191 
19.6672 20.939 1.00058 0.0432694 
19.269 6.60538 0.997174 -0.0678817 
16.8413 0.752346 1.06337 -0.0725673 
17.7393 3.83277 1.0393 -0.0515305 
15.1287 13.1196 0.981085 0.0172308 
26.636 14.1335 0.965309 0.0349074 
19.8913 3.68761 0.98622 -0.0495543 
17.677 15.6624 1.00098 -0.0566621 
15.3261 7.01338 1.01749 -0.0157669 
16.8758 1.59543 0.99948 0.0975621 
26.9821 8.72906 0.999185 -0.111363 
18.4166 6.3462 0.977167 -0.00824935 
17.8215 5.60586 0.99492 -0.122585 
15.0428 19.4683 0.999855 0.0750038 
22.5231 7.84895 1.03526 -0.100557 
18.2502 16.9651 0.999782 0.091549 
15.7484 18.787 0.996502 0.0185084 
19.5838 9.01136 0.999938 -0.0951796 
21.1315 1.87654 0.969087 -0.135807 
23.1171 20.2263 0.981921 -0.0813883 
23.923 10.5075 1.0004 -0.0332049 
24.5529 15.3081 1.01346 0.0683934 
15.817 15.0908 0.985412 -0.0450841 
22.5857 12.4202 0.99399 -0.0369094 
16.0844 1.20081 0.994629 -0.00730398 
16.3274 15.8349 0.989973 0.0531194 
22.2187 10.3919 1.00857 -0.0496828 
23.459 12.3076 1.00522 0.027291 
18.4152 4.4466 0.986648 -0.066949 
20.8768 12.5224 1.0011 -0.0339556 
23.0277 7.12511 0.997631 -0.102433 
17.6708 1.12855 0.984041 -0.0239458 
15.0778 5.2292 1.04516 0.0390162 
16.0451 8.90081 1.00594 -0.0254505 
14.0485 15.5287 1.00065 -0.0619947 
25.1286 5.10642 1.04447 -0.0543063 
15.8566 5.93653 0.99965 -0.0634069 
24.7356 4.09267 0.998886 -0.03014 
20.2937 1.44782 1.01191 -0.104923 
24.3182 11.3884 0.998322 -0.0318304 
16.2855 12.217 1.0123 0.06012 
20.7503 3.44397 1.01557 0.0110156 
27.97 6.67997 1.00319 0.0659804 
22.8931 1.88702 1.00573 0.02553 
26.3286 12.3481 0.99972 0.0313921 
16.0082 5.04592 1.00192 -0.0460052 
23.5035 4.52182 0.974755 -0.137573 
17.5999 18.1092 1.0167 -0.0845887 
23.0021 16.3009 1.03517 -0.0430401 
25.6622 4.26255 0.999912 -0.0459586 
14.9637 6.24995 0.980274 0.0817007 
27.1515 21.0833 1.02825 -0.0126836 
21.462 20.8842 1 -0.157987 
24.7266 6.50006 0.995998 0.00655462 
14.434 20.1905 1.00386 -0.0500186 
26.0796 16.197 1.00035 0.0703906 
21.4695 10.8598 1.01225 -0.0249758 
20.1637 17.4136 0.99976 -0.0649904 
27.1611 19.2413 1.00863 0.11579 
18.8695 11.585 0.996168 -0.244356 
20.8107 8.60854 0.998879 -0.078576 
23.9931 14.6194 0.98214 0.0403129 
24.6824 0.917876 1.01183 0.0556556 
15.2423 0.962787 0.996135 -0.116402 
14.7653 18.3446 0.999992 0.0385979 
23.3992 13.358 1.004 0.0780546 
23.6352 2.54629 1.02549 -0.0511502 
20.12 2.67962 1.08357 -0.129137 
15.8235 20.0534 1.02599 -0.00999524 
20.4102 13.4078 1.00528 -0.0432655 
23.2935 5.36598 0.983328 -0.0181576 
27.5905 20.2514 0.983946 0.113829 
18.768 10.6596 0.999999 -0.0341062 
27.7014 2.78878 0.999111 -0.0894939 
17.7805 20.4908 1 -0.0166883 
16.9507 8.24744 0.999987 -0.0323576 
22.0976 2.3287 0.959592 0.0667999 
24.2689 4.92222 1.01716 -0.0707293 
27.7429 5.82524 1.03771 -0.039332 
23.7973 7.72922 0.999473 -0.0900199 
25.9776 13.164 0.998981 -0.00437263 
22.2027 0.597151 0.979048 -0.153378 
23.7437 15.7182 0.997118 0.0880189 
22.218 6.49963 0.97456 -0.0986138 
22.1874 18.1147 0.999306 -0.0639524 
23.3328 18.8146 1.00031 0.130695 
16.1657 20.9617 1.00006 0.0196367 
26.1148 1.67118 1.00097 0.0793755 
25.1962 11.3279 0.996916 -0.0561419 
27.9246 15.6733 1.02997 0.0193117 
16.0789 7.52495 0.973024 -0.0953658 
14.2547 6.78673 0.994146 -0.0716289 
26.3359 7.07765 0.999801 -0.0951602 
25.2131 16.3916 1.00159 0.0155338 
23.0152 1.01879 0.968294 -0.062422 
26.4952 19.7969 0.987094 -0.0468082 
17.1351 16.5734 0.999215 0.0444792 
24.984 17.6625 0.999954 0.130018 
23.9488 9.55236 0.999971 -0.0345285 
27.1773 11.2778 0.998236 -0.0618586 
16.8819 3.42859 1.04506 0.0521597 
21.6203 16.0633 1.00473 -0.0262191 
17.0534 10.7572 1.00005 -0.0344709 
16.1181 13.815 1 -0.0124719 
14.808 16.0932 1.00263 -0.0440977 
25.4034 8.27801 0.997647 -0.0679253 
26.2993 6.1002 0.978007 0.0452695 
19.3062 4.4328 0.992102 -0.00446598 
23.6317 16.9942 0.997236 0.086573 
14.5291 7.65305 0.976153 -0.0303319 
14.4659 16.9664 1.02905 0.0064164 
14.4338 9.61473 1.00009 0.00149958 
14.3332 8.74086 0.994766 -0.065293 
14.2512 5.54573 0.988608 -0.0169799 
0.243531 1.72839 1.00001 -0.166511 
6.04198 13.9546 1.00147 0.0323353 
3.25956 7.0238 1 -0.0742146 
1.54029 12.8612 0.976285 -0.0131229 
1.66319 16.5589 0.969164 0.000997779 
12.4684 5.66225 1.00779 -0.0532739 
6.92473 9.0226 0.976382 -0.00404213 
6.4009 2.70024 0.995542 -0.0441364 
12.5562 13.2248 0.991367 -0.0300338 
4.6292 18.7624 1 0.0309771 
10.1317 3.63487 0.999476 -0.0592319 
12.3434 4.16395 0.979469 -0.036115 
3.97576 2.96132 0.980736 0.0408473 
9.71487 17.4401 0.997621 -0.0177161 
11.1143 4.13751 1.00609 0.0925789 
1.25628 13.7146 0.993107 0.0215214 
11.6779 13.1953 0.986539 -0.0464518 
12.305 14.1207 1.00786 0.0366854 
2.74515 18.7353 1.00044 0.0451735 
0.364965 8.82837 1.00041 0.0473802 
13.2038 4.55511 0.999978 -0.00864694 
13.4445 5.45174 0.999892 0.0116996 
4.10816 3.97957 1.00252 0.0198853 
11.0799 5.37007 0.990592 -0.0955248 
1.76963 14.4563 1.00432 0.00895361 
7.35725 8.21071 1.02113 -0.140212 
12.1532 12.4213 1.00026 -0.0153419 
9.55698 12.9958 1.01486 -0.0146415 
6.75302 14.9772 0.990843 0.02906 
8.29298 2.8069 0.995509 0.158291 
13.31 13.6822 1.02343 -0.0566482 
7.32703 12.4365 0.999617 0.00804008 
6.79718 0.781076 1.00007 0.105372 
0.462903 7.7719 1.00072 -0.0712423 
5.68854 8.44607 0.956201 -0.0300597 
0.0856213 20.308 0.998793 0.10453 
0.465522 6.7087 0.968573 0.0385791 
1.24617 17.7463 0.999485 -0.000773145 
3.19583 0.700334 0.981091 0.0726419 
4.13473 7.3377 0.999783 -0.170951 
2.04383 8.96516 0.975464 0.0337287 
2.88217 6.22535 1.00031 -0.0124209 
7.80772 13.3768 0.990175 0.0333295 
9.27868 18.2345 1.00011 -0.0402373 
13.3219 12.7787 1.00514 0.00463415 
3.67259 5.10524 0.988951 -0.0634354 
8.82789 9.40803 1.00083 -0.0462621 
9.07164 2.18336 0.988274 -0.121403 
5.05481 9.04216 0.972829 -0.0447914 
3.52579 9.93637 1.0211 0.0244998 
1.26387 4.0963 0.976853 0.00511567 
3.20974 19.4959 1.0056 0.0287345 
9.48972 5.03863 0.997203 -0.0605101 
8.24563 8.06305 1.01818 -0.10619 
9.98324 8.11904 0.999997 -0.141694 
2.80899 9.41957 0.994017 0.008106 
10.8979 2.2786 1.0009 -0.076175 
0.526405 19.5409 0.975355 0.103194 
11.5883 11.6087 1.00197 -0.0663803 
9.30895 1.36479 1.0044 0.0745796 
10.9359 3.19839 1.02657 -0.052981 
6.82441 7.28758 0.992746 -0.0838129 
9.16727 13.897 0.99459 -0.0670363 
5.43709 6.13944 0.990154 0.052035 
4.48692 4.77672 0.977069 -0.0611503 
6.5429 19.2858 1.0149 0.142656 
2.00155 5.98463 1.012 -0.00966796 
3.47991 14.7523 1.00132 -0.0108559 
2.11594 18.0064 1.0175 -0.0667609 
5.47246 1.91088 0.999398 -0.00622166 
7.6863 7.39981 0.969101 -0.0216832 
1.25168 9.45749 1.00016 0.0357861 
13.2872 10.7524 0.999142 -0.0197198 
4.70759 15.1913 0.999998 0.0277826 
1.75268 1.7129 0.99616 -0.0719477 
12.4497 7.47049 1.00201 -0.00860826 
11.5345 16.9122 0.978379 0.0358043 
12.3907 6.59013 0.984521 -0.0457391 
1.0444 3.21833 1.00009 -0.0803298 
1.41299 21.2537 1.03829 0.0358926 
5.42165 11.1382 1.0002 -0.0398336 
4.55208 10.9199 0.999546 -0.0147326 
12.1254 14.9928 0.999372 0.00500183 
4.57578 5.73854 1.00323 0.0312551 
0.13617 17.0873 0.990562 0.0629284 
13.2649 2.16642 1.00261 -0.0146627 
2.07071 6.97607 1.0158 -0.0328736 
6.47517 8.10198 1.02951 0.11726 
12.5911 19.0077 1.00004 -0.0439099 
10.0173 9.42531 0.99392 -0.0260549 
0.264176 5.79283 1.03156 -0.0739308 
1.11099 6.05082 0.999964 -0.00275023 
10.1654 2.7874 0.997453 -0.0827821 
10.9116 13.6507 1.00612 -0.0228004 
2.5733 14.9415 1.00198 0.069161 
0.922151 18.6985 0.969814 0.0128628 
11.5086 21.1206 0.998224 -0.0722825 
5.38694 19.7098 1.0369 -0.0707151 
13.7307 19.2612 0.998738 -0.106789 
9.45068 4.18047 0.991624 -0.214969 
5.52042 13.2077 0.998576 0.0117523 
8.25907 12.1678 0.975708 -0.0179487 
0.783305 10.2755 1.00578 0.0206107 
6.85536 3.35652 1.01564 -0.128877 
8.62103 14.9765 1.00972 0.113516 
10.0611 16.4344 0.993389 0.00215002 
12.3953 1.92791 0.997656 -0.0968302 
13.6158 15.7227 0.997789 -0.0276082 
11.3397 7.07387 0.989101 -0.0630617 
4.41456 1.78835 0.983479 0.069095 
8.33281 17.9314 1.01274 0.119789 
11.4535 14.351 0.996194 0.00215528 
7.37149 14.3383 0.995731 -0.00551328 
9.59318 21.1531 0.99999 -0.00347147 
5.5 12.1361 1.02842 -0.00984778 
10.3079 4.51925 1.00927 0.00824375 
0.388011 14.008 0.996678 0.0610193 
1.80577 18.8574 1.00255 0.0617975 
10.374 10.4033 1.00856 -0.0645012 
7.76255 15.1878 1.01336 0.128759 
13.2696 7.89199 0.961858 -0.0129243 
5.54928 2.91712 1.00938 0.0208581 
10.069 1.91152 0.964247 -0.0781889 
4.6635 11.8594 1.00792 0.0173949 
2.63839 1.71045 1.01032 -0.0450349 
0.946633 20.5077 0.987899 -0.0567649 
0.793858 16.4904 0.965605 0.0122797 
3.63712 18.6014 1.00007 0.00611843 
13.0143 3.59702 1.07269 0.0434438 
10.3162 11.9294 0.9865 -0.044337 
10.0768 18.6493 0.999576 -0.102982 
10.2582 15.4551 1.00001 0.0214335 
11.5733 8.94307 1.00727 -0.0372854 
6.53706 16.8455 1.00004 0.0411617 
7.39753 2.64069 0.998563 0.0248937 
10.809 11.18 1.01164 -0.0778303 
6.1247 10.5288 0.998348 -0.0414004 
5.30775 5.18363 1.00423 -0.0130523 
1.83553 15.4221 0.998644 0.0682149 
10.976 19.0098 1.00006 0.0382656 
13.9578 0.718517 1.03291 0.100083 
10.035 13.7385 0.998736 -0.00176751 
12.5467 18.0832 1.00165 0.0464798 
0.578554 11.1327 0.993903 0.0536146 
9.51832 10.1955 0.992746 0.00989031 
10.4768 7.27896 1.00486 0.0508557 
10.9141 0.77559 1.00093 0.0251106 
13.8733 3.93442 0.975124 0.0740759 
0.434055 15.6829 1.01104 0.0193117 
9.92435 6.45092 0.99753 -0.0700265 
12.5608 2.85145 0.991572 -0.0468139 
13.7627 2.95524 0.997252 -0.0744413 
4.95932 17.4868 1.00194 0.0729473 
4.79455 16.5014 1.01585 0.0302228 
4.10309 0.83032 1.01736 -0.0606573 
11.1432 15.2726 1.00034 0.00055619 
10.577 17.6171 1.00238 -0.0410965 
0.201139 2.74403 0.999673 -0.0894939 
12.0218 19.8309 0.999962 -0.00603738 
2.21983 13.5338 0.998234 0.0324889 
4.08666 13.8569 1.00001 0.0248622 
11.6608 6.08763 0.980766 -0.0712752 
9.44485 7.24904 1.00001 -0.0541674 
6.32662 6.50598 1.00047 0.0570045 
2.81329 20.3216 0.951963 0.0995517 
9.22226 12.0917 0.998492 -0.0618829 
10.8936 9.50643 0.997296 -0.0363627 
4.10228 17.2025 0.999388 0.0740138 
8.30517 14.1412 0.992413 0.064263 
2.24682 11.2573 1.00629 0.0104001 
10.5146 14.4885 1.00546 0.00685364 
9.10019 8.49768 0.999977 0.000871723 
9.50759 14.8675 0.999715 -0.0215443 
1.20994 7.16081 1.01676 -0.0231441 
7.8595 20.3565 1 0.00122871 
4.78055 6.70809 0.967037 0.0540325 
13.7751 7.179 1.03841 -0.0742817 
7.20494 6.17386 0.989673 0.104661 
2.78484 3.56904 1.01478 -0.0103923 
10.4879 21.1877 1 -0.130062 
10.0272 0.855578 1.01264 0.095101 
12.7269 15.6679 0.991216 0.0320391 
11.2312 12.413 0.994702 -0.0527642 
5.40247 10.0115 0.983799 -0.0319537 
0.405369 3.89839 0.987493 -0.0212808 
4.83634 3.43995 1.00545 0.0172452 
8.0825 17.0214 1.03679 0.0101871 
0.520212 21.3091 1.00971 0.126092 
2.38033 17.074 1.0122 0.0592805 
10.8571 8.38208 0.999824 -0.042012 
11.8058 16.0996 1.0308 -0.0270398 
7.44174 19.4613 1.00001 -0.0318259 
12.4274 9.30271 1.01849 0.00425525 
8.4028 15.9989 0.992577 0.112188 
5.83788 7.33787 0.999989 -0.0692532 
6.0494 4.66918 1.00365 0.0366103 
3.6868 20.3373 1.01777 -0.119214 
13.2502 17.2549 0.986328 0.00517523 
13.386 18.3709 1.00289 0.0543855 
0.885563 5.05716 0.999539 0.0104365 
8.64675 10.318 0.99123 -0.000640175 
10.7947 6.32103 1.00755 -0.0507285 
3.8201 11.608 1.00012 -0.0112192 
7.29176 1.64757 0.983416 0.0358447 
1.43867 11.9406 1.01533 0.0299665 
9.31334 3.01004 1.0248 0.0270395 
3.0711 12.0776 0.988901 0.0299439 
2.17957 2.51013 1.01463 0.0176825 
12.9681 14.7219 1.0006 0.0234157 
7.01305 10.5156 1.01773 -0.0258402 
6.17089 5.63431 1.00066 0.0553043 
3.815 12.6931 0.999979 -0.0702707 
12.5781 10.2247 0.999348 -0.0225896 
2.28346 19.5847 1.01186 -0.0690436 
3.17941 21.1465 1.02923 -0.0502937 
2.47708 16.2245 0.993575 -0.00996181 
11.4678 1.60786 0.999916 -0.0023766 
7.22786 17.5452 1.00001 0.0907541 
7.66437 11.4797 0.997348 0.0323377 
3.05358 17.768 1.00114 0.00887051 
8.53383 7.18086 1.05516 0.0667152 
12.4401 11.379 1.00356 0.0305238 
1.06807 2.2999 0.979021 -0.00581064 
3.16258 13.7978 0.999996 0.0430031 
6.04781 3.77465 1.00212 -0.0281001 
13.1013 0.882947 0.915012 -0.160543 
3.24505 16.8882 1.01831 -0.0142591 
2.31721 0.868135 0.99979 0.049886 
5.85378 18.7216 0.976484 0.124069 
6.92999 13.4572 0.999993 0.0776762 
2.4 4.3877 0.975732 -0.0452548 
1.43275 10.8991 0.9942 0.0522095 
4.71841 20.3115 0.954459 -0.0440949 
4.69981 12.8052 0.999971 0.0135052 
7.93118 9.011 0.99954 -0.0644603 
3.49234 1.49235 0.996071 0.0419643 
7.47981 16.4095 0.983639 -0.0449397 
12.4822 16.6844 1.00026 0.0860763 
9.29023 15.9898 1.00151 -0.0470106 
13.8734 14.5199 1.00011 -0.0503797 
11.725 18.422 0.995826 0.02289 
10.4393 12.8547 1.00019 -0.0251514 
4.05699 16.0313 0.999352 -0.00567392 
6.06514 9.41114 1.00098 0.00382326 
9.04492 6.30751 1.0197 -0.0360225 
6.31317 12.6538 0.999997 0.0410868 
8.6975 5.51897 0.999009 -0.0503485 
11.14 20.1797 0.998313 -0.160374 
8.60488 0.836821 0.988496 0.0958694 
1.84652 5.14368 0.990598 -0.0224568 
4.13907 19.6265 1.04477 -0.165644 
13.2385 6.35174 1.00455 0.0224331 
6.71645 15.9751 0.950453 -0.00053388 
3.1848 2.57367 0.976366 0.00528042 
8.24738 1.90542 0.975894 0.0445398 
13.294 11.6326 1 -0.125451 
13.2574 21.095 0.994811 0.04149 
6.96044 5.22802 1.00542 -0.00906693 
11.7112 9.83847 0.987612 0.00140233 
11.5711 10.7025 1.00236 -0.0562958 
1.39169 19.6525 0.978508 -0.0922265 
4.40436 9.80609 1.00723 0.0202325 
8.5609 19.2467 0.999994 0.114198 
3.22027 15.7902 1.00947 0.0460402 
1.8693 20.3548 1.00992 0.0232632 
2.29661 21.143 0.973451 -0.029709 
13.2903 8.96777 1.00033 -0.118143 
3.29656 8.36008 0.999466 -0.0380583 
6.98445 18.4699 1.00842 0.0387123 
8.12056 6.20707 1.01925 0.0388157 
7.72861 3.46314 0.999543 -0.0723142 
13.1409 20.0625 0.999553 -0.0482151 
4.20816 21.1214 1.02149 -0.0425632 
5.74186 20.6258 1.00102 0.0902185 
2.40195 12.6425 1.00466 0.00570232 
8.65337 4.60876 1.02006 -0.0206818 
3.74918 6.04189 0.998863 0.00395163 
10.226 5.58418 0.997703 -0.0626634 
9.73811 11.1328 1.00001 -0.0581569 
5.22838 4.30323 1.02564 -0.0505629 
5.01646 0.962463 0.999948 -0.0171778 
6.36839 1.71981 1.00003 -0.103348 
12.4663 8.35525 1.00095 -0.064633 
0.991958 14.893 0.998939 -0.0317201 
8.95729 16.9861 1.01955 -0.0299191 
1.90727 3.50706 1.01917 -0.0197658 
12.3817 20.9199 0.999265 -0.128934 
2.76423 5.16123 1.02231 -0.0495315 
1.33207 8.39603 0.999999 0.0112132 
11.7992 3.48465 1.00455 0.0683543 
11.8752 4.94962 1.01468 -0.127201 
11.7013 2.63707 0.993234 -0.0375979 
11.6377 7.89292 1.01423 -0.0315694 
10.9218 16.2251 1.00293 0.0380676 
10.2493 20.0246 1 -0.0269115 
8.76669 11.1955 1.00003 -0.0542332 
8.6767 12.942 1.0024 0.0584368 
8.77676 20.1563 1.00001 0.0883752 
8.62208 3.58971 1.01234 0.0688279 
7.83034 5.37402 0.998767 -0.00057651 
7.79708 9.88384 0.999976 -0.112903 
7.68284 0.86394 1.01611 0.0157782 
7.79796 4.40224 0.979163 0.106313 
6.87794 4.2044 1.00034 0.0632234 
6.73165 11.5457 0.999994 0.00440648 
6.68476 20.7638 1 0.17194 
5.93587 17.6791 1.00856 0.0666352 
5.85441 15.7743 1.01063 -0.111471 
5.87821 0.783972 1.00035 0.0835958 
5.62528 16.7961 1.02425 -0.023965 
5.57607 14.9795 0.988524 0.0287914 
4.96726 7.92276 0.999961 -0.0308197 
5.08683 21.2676 1.00767 0.0612428 
4.91262 14.1895 1.00002 0.00980949 
4.75527 2.56674 0.998412 0.0284247 
4.19213 8.37229 1.0052 -0.0468336 
3.28925 4.32538 0.99336 0.0247642 
2.44651 8.1285 0.997815 0.0150827 
0.643341 13.0514 1.00432 0.00318908 
0.586716 12.162 0.984867 -0.0636775 
0.0275053 4.69738 0.999726 -0.0592448 
26.2099 10.1026 1 -0.0214954 
26.0889 14.6441 0.993217 0.0197322 
14.9751 16.9696 1.01068 0.0064164 
26.6951 18.5433 0.999814 0.0896497 
15.9145 4.35807 0.978122 0.0516475 
18.3654 9.99461 0.999874 0.0224777 
25.355 13.601 0.999998 0.0766692 
22.1871 3.55574 0.99605 0.0830043 
24.3161 6.66227 1.00072 -0.0843643 
15.1916 1.66155 0.979696 0.011351 
22.0879 5.79189 0.99933 -0.0796455 
17.1873 6.23052 0.97084 -0.0112155 
27.06 10.5005 1 0.0109589 
16.1878 1.99112 1.01272 -0.00804321 
25.7062 2.43346 1.01075 -0.0518551 
17.8309 14.3576 1.02514 0.0633827 
24.8717 18.5873 1.0024 0.0109957 
15.5939 3.49529 1.00125 0.0159806 
22.7607 11.3772 1.00052 -0.084014 
17.1407 9.84068 1.00001 0.0627272 
21.1861 5.88898 0.999996 -0.0554886 
20.4504 8.01855 0.99031 -0.073957 
25.9692 19.3566 1.00001 0.0839235 
21.0493 20.8707 1.00001 -0.0390731 
24.831 16.4664 1.0001 0.105685 
23.7704 8.95474 1.00039 -0.0274343 
21.8152 13.8731 1.01137 0.023937 
22.4268 1.48061 1.0169 -0.122996 
27.4207 2.19083 0.999949 -0.095331 
19.1481 15.3806 0.994228 -0.23965 
17.0106 19.2294 0.994897 0.0533416 
23.0281 13.5127 0.998549 0.00914597 
21.1138 11.5524 1.00706 -0.0163072 
22.1293 7.76051 0.987986 -0.00608045 
16.6125 11.272 0.997277 -0.100233 
19.9525 0.699185 1.00172 0.096129 
26.7559 15.236 1.00017 0.00724728 
25.9151 15.5121 1.01484 0.0313001 
14.042 20.3256 0.999971 0.0466615 
24.948 2.90173 1.00287 -0.017183 
22.5782 14.3617 1.00072 -0.0204654 
15.0182 4.42997 1.00492 0.214461 
14.8268 0.766988 1.05151 0.151644 
24.0612 3.45262 1.00038 -0.171703 
19.748 16.1416 1.00585 -0.161712 
19.7767 2.64802 1.04678 -0.00727882 
21.7282 0.728986 1.00011 0.0507695 
18.9362 2.379 0.989412 0.132157 
15.7586 8.14519 1.01097 -0.0344224 
25.9516 21.4264 0.977467 0.0541583 
25.1755 7.59022 0.999989 -0.095248 
20.0552 9.80795 0.993776 -0.155683 
27.7438 13.3555 1 0.0771798 
25.9697 7.20121 0.999806 -0.102183 
19.9365 1.77266 1.05035 -0.0341151 
24.9242 2.02508 1.04354 -0.13068 
18.1979 2.0053 0.917232 0.219295 
25.7792 12.2161 1.00179 0.025139 
19.5174 5.30489 0.993925 0.0502489 
16.4424 2.81662 0.994583 -0.051633 
15.0216 7.63788 0.991228 -0.0303319 
21.8111 2.75944 0.943982 -0.0850129 
17.3625 7.10219 1.04399 0.0333092 
17.3939 5.39762 1.01901 -0.0791793 
15.7112 11.3935 0.980762 -0.00320205 
24.5691 5.75646 1.03792 -0.0808631 
27.5498 15.6634 1.00672 0.0507507 
20.8484 0.559811 1.00576 0.0278597 
20.2878 10.7734 0.998673 -0.0561457 
26.0408 0.763037 1.02232 0.175307 
15.4024 14.912 1.04958 -0.0866474 
15.0105 21.1763 0.990006 -0.0593901 
27.6185 6.42822 0.99292 0.0435494 
20.882 9.40342 1.00002 -0.0930103 
19.7898 4.42386 0.968656 -0.0258117 
19.0874 1.5755 0.972873 0.100531 
18.0386 4.71122 0.989528 0.180894 
14.7649 14.3054 0.951074 -0.121254 
26.5688 2.64006 1.00878 -0.0105042 
24.313 20.7152 0.986828 -0.0707681 
15.7613 9.28195 0.997031 -0.0459264 
21.7297 6.70409 1.00417 -0.197445 
20.6456 6.69393 1.02676 -0.144598 
22.7221 19.4694 0.999992 0.0900232 
16.5786 3.76742 0.944998 -0.0272245 
23.0466 3.70225 1.0372 -0.0967036 
24.4023 19.7761 0.999975 -0.0102032 
23.4804 17.7092 1.02138 -0.00833563 
23.1168 4.56815 1.00339 -0.0311531 
27.4293 5.40448 1.0108 -0.0297915 
19.0516 3.16555 0.978907 0.0151998 
20.4776 12.6101 1.00075 -0.0446788 
18.3162 11.2094 1.00127 0.00527672 
22.2661 4.80516 0.988282 -0.076129 
14.6712 3.3781 1.00028 -0.0462681 
26.7688 8.00071 1.00407 -0.11296 
23.32 2.84459 1.05358 0.00419598 
14.9973 12.1876 1.00002 -0.0976127 
17.2301 20.1036 1.00001 -0.0382248 
16.1078 16.4872 1.00044 -0.00759047 
21.066 14.3608 0.998269 0.0160797 
21.4552 4.39289 1.0299 -0.00686029 
14.8315 8.70781 0.99804 -0.066104 
26.5879 11.3268 0.998898 -0.100865 
19.0604 7.18126 1.00449 -0.170747 
21.9698 11.7941 1.00217 -0.0426971 
21.9666 15.2156 0.986637 -0.0486361 
27.1159 17.6997 0.999759 0.0550403 
26.3238 17.1387 0.999969 0.0332687 
27.7919 14.7739 1.0127 0.0592712 
19.6625 12.9461 0.997754 -0.0467392 
21.7898 17.0301 1 -0.13783 
21.7533 9.79834 1 -0.0466535 
20.6301 4.70937 1.02164 -0.00998711 
21.1829 19.1532 1.00009 0.233367 
18.1571 2.94439 1.01148 -0.102278 
22.9856 9.35614 0.959544 -0.0954103 
24.1257 17.0123 0.98574 0.00317855 
15.5812 2.61916 0.972561 -0.0240132 
22.9695 5.58206 0.958932 -0.210236 
17.1759 4.43308 0.99226 -0.0422262 
18.8861 14.4836 1 -0.0936162 
27.5336 3.77539 0.997105 0.0658807 
19.3577 8.05857 0.999995 -0.185345 
27.1086 4.56761 1.02297 -0.0602193 
17.2849 2.51587 1.00879 0.0223077 
25.7036 9.22532 1.00004 -0.0687949 
15.7732 20.7468 1.00151 0.00232714 
17.4675 11.639 1.00032 0.0131258 
15.0692 10.6775 1.00092 0.00678226 
23.5036 15.1392 0.99995 0.0485368 
17.537 21.0937 1.00064 0.00987919 
27.6997 12.1351 1.00065 0.0400785 
14.7092 2.45805 0.991624 -0.11454 
24.1984 1.54278 0.958939 -0.0647923 
24.8413 12.3072 1.00089 -0.0250821 
19.0296 0.572614 0.992579 0.0285419 
26.6698 3.5274 1.01289 -0.0324333 
25.2854 19.9542 1.00002 0.0908957 
24.3681 17.8701 1.01657 0.15295 
25.7873 3.36905 0.999988 -0.0415085 
22.1901 8.60455 1.00327 -0.0737182 
25.1473 21.0335 0.987859 0.0438488 
17.2426 14.9723 0.983867 -0.0719958 
26.6131 8.91105 0.996308 -0.0284116 
27.3067 16.7848 0.992443 0.0946913 
22.2563 12.7645 0.999632 -0.0122403 
19.2902 20.8907 0.999423 0.0590205 
21.1375 10.4854 0.998501 -0.087215 
27.901 10.1513 0.999666 -0.0405042 
18.1895 7.41047 1.00764 0.0703635 
25.9225 5.99303 1.00065 0.023839 
24.9659 8.64158 1 -0.0793117 
27.9836 18.0697 0.999725 0.11586 
21.2132 7.55806 1.00152 -0.0506673 
15.9119 12.1857 1.01854 -0.0670582 
26.5087 5.20841 1.00099 -0.0338052 
20.1789 14.2557 0.990481 -0.0311188 
17.6108 12.7165 0.999994 -0.0959718 
17.0991 17.2649 0.985304 -0.129298 
23.6474 9.91172 1.04117 -0.146625 
18.4952 8.85151 1.0001 -0.0996505 
20.2459 11.708 0.990339 -0.0868278 
22.8716 17.0868 0.971083 0.135494 
15.9011 17.3966 1 -0.0179953 
26.0899 20.4257 1.00326 -0.0581031 
19.217 9.51867 1.00002 -0.0493313 
23.0387 21.257 0.999919 -0.164223 
20.3561 5.57635 1.00159 -0.0172487 
14.1514 17.3669 0.999951 0.0904912 
25.1931 10.0607 1.00002 -0.0374595 
17.9077 19.2061 1.01875 0.236233 
15.9243 10.4372 1.00035 0.0279966 
23.5664 10.9181 0.998659 -0.0216863 
26.7939 21.1519 0.970632 0.0707162 
18.033 6.47803 0.991838 -0.121555 
24.3562 0.631993 1.00149 0.0432197 
27.5848 7.66555 1.00013 -0.0302682 
18.7724 18.7468 1.00007 -0.158683 
14.6617 19.2241 1 0.0565191 
20.1675 20.9606 1.00057 0.0433193 
19.7602 6.56933 0.986254 -0.0730148 
17.3611 0.707933 1.0229 -0.0792678 
18.2577 3.80706 1.02838 -0.0194448 
15.6227 13.1282 0.993042 0.0172308 
27.125 14.151 0.987239 0.0349074 
20.3869 3.66283 0.994931 -0.0495543 
18.1773 15.6341 1.00036 -0.0566621 
15.8388 7.0306 1.01326 0.0688115 
17.3762 1.65687 1.00257 0.107784 
27.4819 8.67338 0.9997 -0.111363 
18.9091 6.33999 0.987364 -0.0360484 
18.3199 5.54456 0.998207 -0.122361 
15.5427 19.5058 0.999947 0.0750038 
23.0325 7.80223 1.00889 -0.0893861 
18.7501 17.0109 0.99992 0.091549 
16.2377 18.7889 0.980222 -0.00211525 
20.0841 8.95184 1.00153 -0.162794 
21.6078 1.81681 0.950723 -0.107956 
23.6078 20.1816 0.988482 -0.0902995 
24.4232 10.4909 1.00015 -0.0332049 
25.0479 15.3397 0.978018 0.0587991 
16.3124 15.0683 0.994634 -0.0450841 
23.0838 12.4017 0.997789 -0.0369094 
16.5913 1.18826 1.01087 -0.0295318 
16.8242 15.8615 0.996312 0.0531194 
22.7214 10.367 1.00315 -0.0496828 
23.9607 12.3213 1.00192 0.027291 
18.9109 4.41313 0.98947 -0.0670151 
21.3772 12.5054 1.0004 -0.0339556 
23.5288 7.07033 1.0032 -0.113604 
18.1638 1.07193 0.99029 -0.147424 
15.592 5.24871 1.01661 0.0390162 
16.5494 8.88616 1.00527 -0.0295274 
14.5487 15.4977 1.00024 -0.0619947 
25.6382 5.07869 1.01746 -0.0532966 
16.3565 5.90482 0.999871 -0.0634069 
25.2352 4.0776 0.99959 -0.03014 
20.7965 1.4171 1.00099 -0.0158454 
24.8177 11.3724 0.999383 -0.0318304 
16.79 12.2471 1.0099 0.0604664 
21.2488 3.46031 0.994366 0.0392154 
14.7476 5.53724 0.995809 -0.0169799 
23.3897 1.9054 0.994834 0.0377426 
26.8301 12.3595 1.01005 0.000857365 
16.5088 5.02292 1.00071 -0.0460052 
23.989 4.44156 0.980354 -0.163886 
18.1052 18.0669 1.00614 -0.0845887 
23.5132 16.2794 1.01294 -0.0430401 
26.1571 4.24922 0.986875 -0.0129073 
15.4564 6.25587 0.999315 -0.0613348 
27.6719 21.0744 1.04047 -0.0152765 
21.962 20.8052 1 -0.157987 
25.2154 6.51312 0.960255 0.0497067 
14.9352 20.1655 1.00142 -0.0500186 
26.5797 16.2322 1.00013 0.0703906 
21.9734 10.8473 1.00451 -0.0249758 
20.6637 17.3811 0.999912 -0.0649904 
27.6779 19.2842 1.05237 0.0561132 
19.3689 11.4689 1.00349 -0.19289 
21.3104 8.56925 0.999588 -0.078576 
24.4875 14.6396 0.99343 0.0403129 
25.176 0.94991 0.994917 0.0715913 
15.7374 0.900025 0.993301 -0.126255 
15.2653 18.3639 0.999997 0.0385979 
23.9005 13.397 1.00147 0.0780546 
24.1433 2.52072 1.00938 -0.0511502 
20.6557 2.61523 1.06452 -0.129295 
16.3343 20.0434 1.01298 -0.0208026 
20.9119 13.3862 1.00194 -0.0432655 
23.7936 5.35059 1.01087 -0.0621934 
14.0927 6.14208 1.01936 0.0248661 
19.2674 10.6366 0.995097 -0.0855725 
14.2266 11.6426 1.00008 -0.00474129 
18.2805 20.4825 1 -0.0166883 
17.4507 8.23126 0.999995 -0.0323576 
22.5811 2.37543 0.983343 0.0813759 
24.7774 4.89146 0.994696 -0.0636483 
14.2949 1.57854 0.997614 -0.132538 
24.2971 7.68421 0.999806 -0.0900199 
26.4757 13.1661 0.989476 0.0261621 
22.6961 0.566515 0.992293 0.043078 
24.2428 15.7622 0.99894 0.0880189 
22.7066 6.46594 0.984974 -0.0592209 
22.681 18.0873 0.989767 -0.0528274 
23.8329 18.8799 1.00012 0.130695 
16.6653 20.9714 0.999411 0.019433 
26.6152 1.71087 1.00036 0.0793755 
25.6952 11.2993 0.99883 -0.0571826 
14.9338 9.61588 1.00007 0.00231057 
16.5697 7.48126 0.99119 -0.0614397 
14.7443 6.7589 0.959758 -0.0319795 
26.8359 7.03007 0.999927 -0.0951602 
25.7136 16.3994 1.00059 0.0155338 
23.5054 0.984944 0.988628 -0.067885 
26.9771 19.7885 0.946054 0.0128685 
17.636 16.5939 1.01441 0.0227138 
25.484 17.7275 0.999983 0.130018 
24.4487 9.5351 0.999989 -0.0345285 
27.6764 11.2253 0.998551 -0.122987 
17.411 3.44554 1.05009 0.0247576 
22.1251 16.075 1.01262 0.070206 
17.5535 10.7392 1.00007 -0.0359818 
16.6181 13.8087 1 -0.0124719 
15.3088 16.0712 1.00097 -0.0440977 
25.9026 8.24405 0.999135 -0.0679253 
26.7937 6.12128 1.00498 0.0425689 
14.1902 13.5481 0.99992 -0.0685839 
14.1858 16.4791 1.0119 -0.0053228 
14.1846 10.5738 1.00628 -0.0579114 
14.1778 12.5299 1.00258 -0.0780993 
14.1673 8.05475 1.00033 -0.0118224 
14.1691 4.71344 1.01915 -0.00263626 
14.128 21.2269 1.00516 -0.0561038 
14.0539 9.72207 0.993537 -0.0498212 