12.6996 6.12476 0.954126 0.0742616 
8.50352 20.2219 0.99626 0.0370814 
6.12012 9.23373 1.02625 0.068456 
6.04884 0.496967 1.00271 -0.0149286 
9.44253 13.0217 1.00316 0.0388804 
12.4773 15.676 1.00145 0.0459212 
4.60836 1.76246 0.968555 0.00902881 
7.29001 8.48613 1.02486 0.00719286 
10.7183 20.1847 1.00166 0.0322268 
3.08566 10.4757 1.00461 0.0575539 
10.9867 18.2087 1.00503 -0.011432 
11.503 21.5097 0.982387 -0.00237499 
4.68471 11.7985 1.01321 0.0504955 
13.9281 16.9826 1.04692 -0.0941288 
9.11248 16.3261 0.968016 -0.0604131 
4.1855 2.35642 0.993191 0.0478204 
11.4602 10.1492 1.0026 0.0668647 
11.5807 0.498581 1.01523 -0.0116059 
5.43776 11.7981 1.01213 0.031257 
9.7655 12.3252 0.985989 0.00743508 
6.87513 9.18448 1.00942 0.0442334 
8.00462 9.77889 1.01947 0.0367851 
6.86399 3.2106 0.976656 -0.00663347 
12.5208 19.5824 0.996101 0.0274247 
4.98135 1.13789 0.986646 -0.0115328 
6.10544 10.5029 0.995764 0.0492082 
5.44996 17.6728 0.975651 -0.0764805 
11.1055 1.16817 1.0135 0.0307776 
0.234359 1.14995 0.98206 -0.0198174 
2.23346 15.8907 0.925183 -0.00690601 
2.08078 18.4634 0.993937 -0.0256408 
3.83165 10.4455 1.00761 0.0809448 
3.40669 9.79207 1.01567 0.0871452 
6.11115 3.23183 0.974991 -0.0544111 
13.5518 17.6214 1.02673 -0.0448191 
1.27957 11.3104 0.99607 0.0220111 
2.68067 1.03767 1.01046 0.0253461 
4.32213 15.7323 0.992493 -0.0487273 
5.75734 2.4753 0.999174 -0.0258539 
4.38716 20.8992 0.972284 0.00599168 
0.23267 2.56113 1.02005 -0.0241926 
4.18612 14.4393 1.0186 -0.0123238 
13.1926 18.2748 1.03361 -0.0164807 
5.53275 21.5278 0.991283 -0.0030923 
13.4155 5.8052 0.932348 0.04897 
7.66311 7.80325 1.04119 0.0186402 
2.76614 7.8115 1.00603 0.101807 
12.8023 9.54826 0.982449 0.013448 
0.440093 20.9226 1.00732 -0.0299054 
13.8453 7.00613 1.01094 0.0266574 
3.45686 1.07816 0.988445 0.0209247 
2.86689 5.75329 0.998056 0.0569201 
0.196662 17.9821 1.05725 -0.107142 
12.8144 5.34917 0.976906 0.0434599 
12.5045 13.252 0.9771 -0.0306379 
0.149672 5.30182 0.989532 0.070243 
9.09277 6.46367 1.02338 0.061335 
1.29003 7.9445 1.0057 0.149111 
1.35478 5.9192 0.995495 0.114498 
6.1396 7.93128 1.02335 0.0424687 
10.2541 18.2272 1.05465 -0.0814735 
8.86859 5.09698 1.01442 0.0610696 
13.3559 2.58658 0.994252 0.0274044 
9.25481 11.7344 0.990757 0.0648696 
6.27445 21.5377 0.939698 0.0207422 
13.1919 12.2821 0.989938 -0.014159 
4.92858 14.4428 1.03348 -0.0837019 
2.76913 11.1707 1.0013 0.0527017 
11.8705 1.17049 1.00184 0.0645687 
9.23541 20.1913 1.04987 -0.102375 
7.58049 6.51904 0.991036 0.0568243 
9.12351 17.6233 0.99844 -0.0637008 
2.13137 12.5421 0.998484 0.0590722 
11.8989 12.2004 1.00369 -0.00262443 
4.5116 6.82851 0.994651 0.0788499 
4.3679 5.58899 0.997471 0.0221108 
8.3528 9.08975 1.02188 0.0433352 
1.65819 20.3405 1.01272 -0.0270523 
3.61038 20.9215 1.05017 -0.0402547 
3.62303 12.4684 1.00582 0.0848715 
4.20082 3.58054 1.05439 0.0603626 
6.98539 20.2903 1.00903 -0.0259769 
9.29128 21.5168 0.944865 -0.0285712 
0.0523968 20.3003 0.995002 -0.0416878 
1.51255 13.895 1.02398 0.0112483 
3.22262 19.0631 0.991135 -0.0531468 
0.473305 4.60545 0.994785 0.0305585 
8.7499 16.9843 0.966627 0.00303942 
5.69799 3.91387 0.993619 0.0111799 
11.6228 5.20946 0.969097 0.116288 
4.19623 7.52278 1.01546 0.0691376 
2.03477 20.9467 1.01311 -0.0212343 
7.47222 0.498138 0.995599 0.039388 
13.5742 16.3388 0.991706 -0.0667876 
5.67667 14.434 1.01819 0.0115968 
9.52597 3.72614 0.97447 0.0272972 
0.309822 13.3565 1.01622 0.024957 
2.96527 9.14141 1.0058 0.104044 
12.086 16.3071 1.03288 0.00297665 
6.57429 18.3305 0.989524 -0.0188976 
1.6227 21.549 1.01468 -0.00448651 
6.48253 2.5423 1.00255 -0.0225878 
6.60718 19.6062 1.0002 0.0571858 
12.0849 13.8053 1.008 -0.0167632 
12.6575 11.0806 0.995082 0.0375093 
12.0839 17.6001 1.04771 -0.014545 
6.20895 18.9587 1.03469 0.0391347 
8.03167 7.13635 1.03869 0.0384635 
3.73805 13.7929 1.03057 -0.0192941 
12.0376 10.6347 1.01275 -0.00322075 
10.599 17.5671 1.04739 -0.0855238 
5.48028 18.9884 0.972669 0.0114863 
6.85068 15.0605 1.02604 -0.036984 
6.75376 13.7463 1.01008 0.0212378 
3.84301 0.460738 1.00809 0.0235094 
5.16477 5.46163 0.995091 0.00972431 
8.3815 17.6306 0.98945 -0.000673618 
5.72343 7.31721 1.01081 0.0381599 
1.56572 15.909 0.926346 -0.146402 
7.62248 9.12536 1.02669 0.0334659 
8.75008 15.6634 0.969829 0.0425921 
12.7229 10.3154 0.997393 0.0442613 
3.92066 4.96668 0.995096 0.0547073 
12.1248 18.9097 0.989192 -0.0420117 
6.84054 1.84571 0.991903 0.0255713 
13.6787 13.8282 1.00548 -0.0225495 
6.21547 4.59448 0.978309 0.0182748 
4.70344 16.3901 0.982936 0.0110029 
0.481056 1.84269 1.03514 0.0468176 
11.8551 2.47147 1.01885 0.0092292 
12.2409 3.17139 0.980138 0.0271585 
11.9592 6.41275 1.00447 0.0112506 
10.9655 15.6437 0.983698 -0.0800166 
2.02449 11.2307 1.00995 0.0433388 
6.89336 7.87816 1.01402 -0.00746614 
1.7493 1.9616 1.02522 0.0038395 
5.61078 6.04334 1.0022 -5.95984e-05 
1.59744 10.6033 1.00292 0.0700984 
7.97921 2.49375 0.985261 0.0304511 
1.66079 5.23838 1.01481 0.0521548 
6.52658 8.55331 1.03876 0.0616233 
12.9785 8.02912 1.01371 0.0153096 
1.82095 6.53514 1.00565 0.065176 
10.2222 15.6356 0.987041 -0.0963022 
8.48825 11.7834 1.02159 0.0506154 
3.03143 7.10188 1.00494 0.0535203 
4.57397 10.4511 1.00914 0.0982374 
3.97445 16.3959 1.01352 -0.007182 
12.8862 8.78129 0.996821 0.0316618 
3.21382 20.3163 1.03538 -0.0555838 
0.99235 3.01095 1.02324 0.0619848 
8.0329 18.315 1.02173 0.064819 
0.365321 3.29285 1.02042 0.0609295 
9.00663 10.4195 1.01555 0.0476871 
2.24723 0.471421 0.961552 0.0343562 
3.24796 16.4492 0.993674 -0.0843544 
5.07323 17.0384 0.972707 0.00192469 
9.47878 15.6638 0.971992 -0.0833588 
4.67428 4.92751 1.01188 0.0281274 
1.01895 8.65272 0.994306 0.0557714 
2.42766 5.15289 0.981869 0.0360621 
11.4721 1.82117 0.998643 0.0314107 
3.24602 8.44282 1.01153 0.0694022 
3.61086 5.65778 0.996342 0.0680998 
9.5773 19.5417 1.04182 -0.0767864 
3.51378 11.1301 1.01225 0.06841 
12.8534 18.9352 1.01899 0.0300934 
8.44328 4.44514 0.98256 0.0397634 
3.19864 11.8114 1.00675 0.0313939 
8.76565 9.74262 0.981886 0.0149113 
11.5828 8.60583 0.982895 0.0495479 
7.81517 21.524 0.964017 0.00917058 
2.42276 21.5504 1.04194 -0.0206143 
2.83214 19.7042 1.02025 -0.00269637 
2.43594 20.3314 1.02337 -0.0388707 
13.936 18.2669 1.0054 -0.0356418 
7.28872 17.0053 1.00895 0.0180867 
11.6071 4.40462 1.02521 0.0826464 
5.32781 10.4798 1.00057 0.0536494 
4.594 0.47447 0.997036 0.0130626 
4.95631 7.39605 1.02257 0.0726072 
8.97343 12.4088 1.01282 0.0466161 
2.4082 15.1896 1.00286 0.00760909 
13.545 5.06707 0.969785 0.0440957 
4.33404 18.3221 0.977338 -0.019523 
9.91848 18.8937 1.02407 -0.140008 
7.1205 5.89113 1.00718 -0.0446336 
3.72034 9.08997 1.01185 0.115496 
4.90271 9.79496 1.00487 0.0534692 
13.6395 15.0763 1.02147 0.057976 
6.49834 3.89992 0.979172 -0.0161 
6.2532 20.2452 0.976551 -0.0242871 
9.90916 4.36142 0.99648 0.026187 
10.182 10.8138 1.01829 0.0587357 
2.44938 11.8588 1.00747 0.0623186 
7.22404 2.52793 0.9869 0.0282778 
3.59793 18.3841 0.957179 -0.120151 
13.6702 20.2287 1.00094 -0.00462236 
11.2148 12.463 1.00736 0.0225689 
5.02444 4.29655 0.990816 0.00676077 
4.49012 13.7801 0.995093 0.0529363 
1.75678 8.5669 1.00971 0.0783017 
3.59765 17.0708 1.00147 -0.0794529 
9.47621 14.3457 0.966717 -0.0127599 
3.14294 15.1333 1.02025 -0.0746958 
10.2973 2.42063 0.991814 0.0059594 
4.25743 4.28481 0.971539 0.0548292 
5.8549 19.6336 0.969015 -0.0732149 
0.317344 6.69631 1.01219 0.0898097 
3.60845 15.7636 0.964943 -0.0656974 
1.50161 0.44489 0.919351 0.0245221 
8.3131 10.4459 1.01611 0.0851295 
11.7843 3.72024 0.977235 0.0240564 
3.22773 17.7662 0.998611 -0.0454439 
10.2868 8.39106 1.01561 0.0479429 
10.1987 0.469883 1.00983 0.00839242 
9.4883 11.0364 1.00332 0.00372478 
4.47493 9.08609 1.02037 0.0919488 
2.87936 12.4926 0.996322 0.0603944 
12.9665 3.1966 1.00371 0.0341702 
10.8013 10.4575 0.99627 0.0468734 
1.97803 4.57182 0.99679 0.0211568 
4.5775 2.97576 1.01923 -0.0103252 
12.981 1.86366 1.013 0.0217894 
0.861078 20.327 1.02163 -0.0185398 
8.60271 5.79588 1.03398 -0.0207046 
13.9985 15.7111 1.02466 0.0216756 
3.51333 3.6352 1.04353 0.0466182 
11.4484 20.1939 1.00263 -0.0200898 
0.107098 10.7775 0.998385 0.0593092 
2.25029 13.8599 1.01956 0.0362227 
5.89138 20.8861 0.985993 -0.0643212 
6.20032 17.6696 0.974898 -0.0431901 
3.43566 14.4597 0.998136 -0.0993133 
11.7122 16.9466 1.0248 -0.0866721 
10.2115 14.3499 0.988361 -0.0976698 
8.34976 6.4897 1.00234 0.00986618 
9.48793 16.9614 1.0112 -0.147107 
2.11497 5.84334 1.00207 0.0569906 
0.730846 9.36932 1.00226 0.11386 
7.18354 1.18138 0.995865 0.0405849 
13.2942 11.5308 0.998701 -0.0285273 
0.885334 5.315 0.997784 0.043532 
1.70159 11.9202 1.01235 0.0581658 
9.67503 10.3095 1.02278 0.0852597 
10.8869 9.63541 0.997558 0.036818 
5.94242 5.37549 0.989673 0.023071 
0.995525 0.940757 0.959859 0.0609398 
13.9922 19.5742 1.0096 -0.0932754 
12.8144 17.6151 1.03666 0.0591305 
2.82066 20.9372 1.04464 -0.0137844 
11.0148 7.37209 0.990766 0.0837228 
0.0691358 3.95394 1.00637 0.0121894 
6.96169 4.55971 0.979968 0.00824416 
8.43439 18.9341 1.05729 -0.0592643 
8.84943 0.486456 1.0034 0.0675201 
7.08645 13.0959 1.00603 0.0156564 
13.3523 10.784 0.99088 -0.0220878 
0.487927 19.7179 0.998139 -0.0704964 
0.55793 8.03756 1.00693 0.0987738 
3.07176 0.443784 0.991379 0.0340074 
5.87611 12.4653 1.00139 0.0586544 
1.55208 7.22613 1.01281 0.067901 
9.89878 3.05346 0.97738 0.0356675 
6.56723 17.0326 1.00249 -0.0125856 
9.17022 18.8772 1.06073 0.0198042 
9.84529 15.0095 0.980514 -0.127465 
3.98869 8.37408 0.999805 0.0734735 
13.2639 19.5593 1.01247 0.0115483 
0.61054 17.1043 0.988439 -0.058655 
12.1894 20.2094 0.965719 0.00687281 
8.00815 15.6767 0.990892 0.0283631 
3.9725 19.0071 0.989362 -0.0859418 
13.7105 1.90586 1.01006 0.0569745 
13.1037 3.87892 1.00107 0.0216708 
0.907845 17.8119 1.04672 -0.0355147 
7.24859 7.19108 1.00366 0.0517278 
10.2295 16.9281 0.999401 -0.0918822 
5.12183 12.4514 1.00781 0.0719351 
6.76392 0.4785 1.01112 -0.0495172 
11.7171 15.6592 1.01064 -0.000149269 
7.61607 3.1625 0.996459 -0.0160695 
8.64141 13.0657 1.01057 0.0445428 
13.405 10.015 1.00708 0.0132434 
2.56256 13.1735 1.01912 0.0667745 
8.84809 19.5525 0.973771 0.0760266 
8.45993 7.76113 1.03118 0.0444256 
6.10924 1.82087 0.99675 0.00221055 
3.78996 2.96184 1.02789 0.0628219 
1.73825 2.65021 1.03357 0.0299292 
9.33672 5.76091 1.04268 0.0734064 
11.3597 13.7285 1.0125 -0.0432287 
8.7001 1.16948 1.00489 -0.00451473 
2.6911 14.5044 1.00971 0.0602867 
0.955737 12.0038 1.01091 0.138543 
8.01457 16.9813 0.962243 -0.0300308 
7.95286 14.3685 1.00326 0.0279925 
10.3129 4.98491 1.02881 -0.0168717 
9.87177 17.587 1.01702 -0.123538 
8.29899 13.7084 0.992912 0.0268773 
7.65256 16.3371 0.976684 0.0326467 
8.33638 1.82305 0.996042 0.0583264 
6.45398 1.17173 0.999976 -0.00642706 
9.61147 8.60593 0.973305 -0.0118423 
9.9044 1.78637 1.00226 0.0477063 
2.83352 3.70645 1.03979 0.0594241 
2.12583 17.2089 1.00463 -0.0674011 
8.02012 11.119 1.00116 0.0664877 
5.37009 1.79799 0.990656 -0.0358929 
10.9689 14.3572 1.01137 -0.111036 
11.0368 4.83847 1.00804 -0.025773 
8.78198 3.75503 0.97831 0.0323872 
9.97158 20.1943 1.01174 0.00434255 
12.2936 0.498554 1.00697 -0.00217686 
5.99436 13.7628 1.00703 0.0258268 
0.631317 12.691 1.00574 0.0427683 
12.9283 13.8141 0.985028 -0.0659163 
12.5844 11.8223 1.0034 -0.0150473 
5.75579 11.1435 1.00684 0.0446117 
8.54627 21.5113 0.972028 -0.0129992 
10.2265 7.66213 0.966374 0.00935538 
8.89227 20.8678 1.03178 -0.0304491 
9.10964 15.0094 0.965833 -0.00464209 
10.5929 14.9898 0.982409 -0.119019 
11.4094 5.94407 0.982265 0.109955 
9.8427 13.6694 0.97306 -0.00176424 
11.5447 9.37038 0.998188 0.068838 
0.519709 0.43875 1.02442 0.0223934 
10.0306 21.5132 0.946242 -0.0204393 
10.9653 13.1088 0.989966 -0.0160184 
10.006 11.596 1.01349 0.0256901 
11.9603 11.4098 0.9834 -0.00908847 
8.7569 18.2664 1.03089 -0.0436426 
6.18263 16.375 1.03049 -0.00557309 
12.595 20.8735 0.978994 0.00790053 
7.85468 13.092 1.01275 0.020268 
6.5204 15.7125 0.984002 -0.0242185 
11.3457 16.3121 1.00948 -0.119487 
5.32584 0.479054 1.00228 -0.00243012 
12.1445 5.6676 1.02514 0.0334324 
5.10453 19.6244 1.00777 0.029759 
10.3147 1.16418 1.01886 0.00707706 
2.91224 15.8135 0.935869 -0.0479075 
3.4788 4.3478 0.981613 0.0410385 
11.056 19.5227 1.00995 0.0384509 
8.38591 16.3177 0.993998 0.00253961 
0.424801 16.3686 0.952011 0.0191717 
10.5794 13.7138 0.985194 -0.0599991 
11.6602 7.86831 0.99916 0.0830498 
9.42124 7.85194 0.925106 0.0348919 
9.62811 20.8548 0.974 0.0393111 
10.9685 16.9268 0.973244 -0.140412 
0.852706 10.6927 1.00735 0.0931972 
9.49891 1.16509 1.00577 -0.0104465 
9.06915 9.07492 1.04746 0.0601375 
4.71687 17.7027 0.99826 0.0286094 
0.113747 19.1098 0.995886 -0.0268814 
4.74271 20.2589 0.974291 0.00964206 
4.33963 17.0419 1.0202 0.067113 
5.48999 20.2776 0.998251 -0.0118787 
1.16041 1.59835 1.02991 0.0110319 
6.86315 10.4918 1.03753 0.0418273 
2.21213 9.21288 1.00011 0.0757426 
13.5932 18.9078 1.00076 0.0234269 
13.5686 8.48751 1.0003 -0.00639123 
12.21 9.06898 0.980343 0.0293328 
2.57184 6.46647 1.0057 0.087454 
1.80506 1.13728 0.996073 -0.0129655 
3.2171 21.5421 1.0591 -0.0259166 
8.15621 20.8645 0.983778 0.163128 
0.423418 10.0816 1.00042 0.0641156 
10.6539 18.8752 1.03741 0.0191572 
13.8024 12.6342 0.982861 0.0129255 
8.37891 3.10916 1.00341 0.00921353 
13.687 7.74612 1.01756 0.0102453 
7.60769 15.0347 0.993825 -0.00825024 
2.34163 10.5284 1.01654 0.055896 
6.49272 9.86725 1.00639 0.0449146 
2.31912 3.10648 1.01701 0.0236038 
7.24835 9.81706 1.00462 -0.0116137 
1.11863 16.5509 0.993123 -0.055605 
13.2816 6.54909 0.972213 0.035025 
10.6788 3.07497 1.01477 -0.0183237 
7.39733 20.9246 0.957647 -0.0223061 
12.4446 16.9562 1.04681 0.0380426 
0.399775 14.7115 1.02601 0.00582725 
6.19315 11.8037 1.01212 0.0281898 
6.42487 14.4055 1.02382 -0.0371986 
0.93252 19.1332 1.00935 -0.0361057 
8.14106 5.13883 1.00597 0.040853 
9.59179 5.06489 0.999549 0.00987323 
4.25733 11.1239 1.00927 0.0665928 
0.531872 11.3978 1.00271 0.0481716 
5.71481 1.15735 0.997487 -0.00925158 
8.16404 0.483395 0.990294 0.00712718 
1.29202 19.7334 1.00865 -0.0472731 
6.64028 12.4445 1.01619 0.0133993 
4.7584 21.5461 0.966455 0.007782 
12.108 15.0258 1.00073 -0.0226762 
13.6807 4.30065 0.980033 0.0634653 
5.39159 7.97758 1.0067 0.0245458 
1.47714 4.03536 0.995517 0.0256962 
6.82033 6.5806 0.983312 0.0369821 
1.60492 3.35495 1.02973 0.0240147 
12.6199 1.17572 1.02102 0.0133841 
5.28544 6.71889 1.00655 0.0632668 
0.965298 15.1842 1.02407 0.0514647 
9.5547 9.58777 1.01826 0.0648295 
13.2451 13.1158 0.995049 -0.00541594 
9.52354 0.468752 1.01048 0.0463259 
8.87963 7.16243 0.977178 0.0212577 
5.4471 16.3931 0.996803 -0.0513515 
0.32641 15.5024 0.961469 -0.111011 
11.8549 20.8555 0.96643 -0.00248656 
11.7724 13.0217 0.99735 0.00728939 
2.16295 3.85721 1.03405 0.0338333 
9.51348 2.42618 1.01188 -0.00226454 
8.0294 3.79383 1.00241 0.0747009 
10.8807 0.490124 0.998633 0.00539732 
12.5263 12.5682 1.00115 -0.0416711 
1.68324 19.0869 0.996697 -0.0295842 
12.8804 15.0483 0.963065 -0.077581 
10.1878 9.15897 0.95834 -0.00843446 
4.15206 9.76624 1.00446 0.0586286 
7.03019 21.5458 0.976604 -0.0102363 
8.71796 14.3507 0.967715 0.0480154 
1.16635 9.99049 0.987244 -0.000945119 
2.35112 1.65422 1.0434 0.00214892 
13.345 20.8804 0.997646 0.0041161 
5.09491 18.3515 1.0199 -0.0473152 
5.77555 8.59664 1.01439 0.0268037 
11.7703 7.14103 1.01684 0.0869213 
1.70238 17.8359 1.00699 -0.0540106 
0.82948 21.5415 1.00599 -0.00410612 
7.4057 5.18732 0.991126 0.0226959 
3.60121 19.6764 1.00322 -0.0631223 
4.62664 15.0924 1.0268 -0.0923067 
12.4089 4.05615 1.00885 0.0166443 
0.813456 7.31212 1.00119 0.00582461 
12.3846 7.58027 1.00389 0.0600601 
2.02745 7.87033 1.00343 0.0863268 
3.75047 6.95218 1.01336 0.0807394 
6.31822 13.0977 1.01885 -0.0221593 
0.0849364 7.40631 1.0082 0.0766645 
12.9356 20.2124 0.988158 0.0433543 
1.21356 14.5419 0.999214 -0.00720254 
10.2695 3.67808 0.969995 -0.000534705 
7.26729 15.6975 0.994013 0.00732272 
3.05823 1.70229 1.0041 0.0703724 
3.87965 15.0952 0.983735 -0.0170143 
12.6039 2.50471 1.00938 0.0113089 
4.37041 12.4644 1.01558 0.0183376 
11.3498 17.5734 0.97187 -0.116788 
9.11564 1.80408 1.00979 0.0518519 
8.76007 11.1068 1.01081 0.0296301 
2.53188 2.36573 0.989144 0.0170029 
8.0625 8.42068 1.00366 0.0227652 
5.12626 20.9209 0.957705 -0.00297871 
5.23641 13.7835 1.01758 0.0212819 
2.86318 17.1584 0.990567 -0.0204669 
3.98985 20.2826 0.995052 -0.100719 
3.82409 1.7288 0.969253 0.0321513 
10.2574 9.93766 1.00042 0.0405578 
13.2787 14.4437 0.987171 -0.0272444 
2.45266 19.0858 0.994934 -0.0163751 
7.65484 17.6632 1.02156 0.0159743 
1.06613 6.61312 0.995371 0.0597335 
5.34822 9.24691 1.03064 0.0733181 
10.3174 19.5477 0.998304 0.0100739 
7.27988 11.1319 1.03012 0.0446035 
4.71491 18.9751 1.01549 0.0527307 
1.90689 9.91113 0.999718 0.0773628 
6.97092 18.9799 0.96636 -0.0147594 
1.3705 17.2068 1.00673 -0.0195078 
0.285318 8.75823 1.00238 0.0601381 
7.5773 1.84649 0.992749 0.042584 
9.64174 7.12957 0.991764 0.0693804 
5.51793 4.78367 0.970575 0.00578501 
13.7251 21.5284 0.984845 0.0117583 
4.63148 8.07134 1.0202 0.0701746 
12.463 18.2662 1.02066 0.118194 
3.16728 5.0494 1.00787 0.0651187 
7.71014 4.49602 0.974837 -0.00778082 
12.2334 1.83035 1.01653 0.00976478 
10.4045 6.93322 1.01457 0.023502 
13.2356 15.6977 0.976907 -0.0643525 
12.2756 8.31054 1.00412 0.0240448 
7.31653 18.3334 1.02939 -0.0332645 
6.05329 6.64554 1.00033 0.0856605 
0.0472204 21.5436 1.01552 -0.0106416 
5.82842 17.0381 0.974303 -0.0362415 
10.8258 5.52543 1.01785 0.0258344 
2.54122 16.5242 1.0016 6.63873e-05 
2.84796 18.4438 0.977482 -0.0509945 
11.0636 3.73569 0.993968 0.0396869 
6.9638 11.7907 1.0301 -0.0120301 
8.08971 19.5884 1.02663 0.0885539 
5.78043 15.7411 1.02941 0.00602443 
7.18118 14.3987 1.00031 0.00607315 
1.67976 15.209 1.02724 -0.13481 
4.83867 6.13705 0.991314 0.0488733 
7.69783 18.9964 0.97965 -0.0523342 
10.8887 8.87415 0.993679 0.0328933 
6.1064 15.0657 1.00586 -0.123212 
11.2009 6.65657 1.00877 0.0775266 
11.3825 18.8712 1.01221 -0.122282 
10.7664 21.5263 0.965729 -0.00598372 
7.86594 5.83706 1.01136 -0.0258303 
1.2377 20.9358 1.01372 -0.0335581 
4.22321 1.11285 0.980706 0.0162238 
7.2679 3.85493 0.993118 0.0196128 
13.3563 1.19654 1.02387 0.0527711 
1.03389 2.31932 1.00629 0.0365919 
11.7863 19.5418 0.987171 -0.072002 
4.05418 6.24939 1.00337 0.0826498 
13.4753 9.2487 0.991164 0.00396712 
3.94348 11.7976 1.00075 0.0684142 
7.34259 19.6513 0.939714 -0.0134047 
5.55403 13.1292 1.00951 0.0289431 
10.597 16.2891 0.981921 -0.125154 
10.6354 4.28348 0.962403 0.00256599 
11.445 3.07398 1.01736 0.031817 
11.732 18.242 0.989174 -0.146688 
6.91355 16.3584 0.985171 0.0348095 
6.51895 11.1503 1.01025 0.064176 
4.80487 13.1229 1.00892 0.0857844 
9.14063 3.08114 1.00081 0.0464301 
7.73942 20.2839 1.00206 -0.136159 
5.7181 9.86809 1.01471 0.0176635 
1.05739 13.3135 1.02021 0.0482352 
7.72472 11.7835 1.00142 0.0544312 
6.48575 7.25585 1.00053 0.0774798 
9.1769 4.41121 0.992108 0.0357918 
8.84422 8.37626 0.985262 0.0702618 
10.6919 1.80026 1.02227 0.0228477 
10.0726 5.68612 1.03031 0.01566 
13.951 11.9349 0.978519 0.0113274 
9.85106 16.3012 0.994578 -0.135322 
5.3627 15.0839 1.02499 -0.0130746 
13.12 7.2939 0.998509 0.0671265 
10.5269 12.1785 0.98974 0.0357999 
5.05451 15.7524 0.976843 -0.0476193 
12.5419 6.85513 0.978882 0.0947061 
2.49669 8.51163 0.987546 0.058407 
12.24 21.5266 0.967301 -0.000127448 
0.903924 15.873 0.905789 -0.00196765 
11.2788 11.7422 1.00864 0.0530636 
11.7146 14.4164 0.995794 -0.0641924 
11.3362 15.024 0.997723 -0.0882655 
5.38109 3.10276 0.99776 -0.0346733 
12.2535 4.80815 0.945351 0.0317574 
5.8233 18.3111 0.995288 -0.0681054 
11.1111 20.8554 0.961485 0.00116485 
3.96495 17.6859 0.992112 -0.0487215 
7.41051 12.449 1.01249 0.067396 
6.93446 17.6816 0.989007 -0.0291497 
11.3542 10.9515 1.00165 0.0815175 
2.29279 7.16762 1.00896 0.0293745 
1.37697 12.6198 1.00337 0.0165208 
13.0144 0.503244 1.01494 0.0138148 
10.608 6.22101 1.02501 0.0179287 
1.30331 18.4556 1.00631 -0.0348594 
10.2304 12.956 0.990057 0.0287168 
6.63802 20.9182 0.973833 0.0550852 
3.03789 2.98467 1.00344 0.0519848 
12.5059 14.4189 0.978482 -0.0480783 
3.50172 7.72432 1.00172 0.0826429 
11.0655 2.43679 1.00615 0.0362483 
8.74124 2.45213 0.994039 -0.00212655 
12.1289 9.84766 0.992924 -0.00617866 
13.1881 16.9765 1.01407 -0.0657363 
2.05663 19.7127 1.0096 -0.0234452 
7.59817 10.4455 1.02326 0.0151748 
5.00081 11.1321 1.01153 0.0530706 
2.66004 9.83742 1.01072 0.0561189 
5.02797 8.63049 1.01901 0.0818362 
0.732361 13.996 1.01106 0.040563 
8.18178 12.437 1.00572 0.0427694 
3.30503 13.1409 0.99147 0.0394448 
1.95708 14.5368 1.0149 -0.0667463 
2.99364 13.8268 1.00988 0.0354228 
5.00147 2.41492 0.981277 -0.0307716 
1.46797 9.26482 1.00938 0.0958394 
10.3756 20.8421 0.963907 0.0627676 
4.05112 13.1287 1.01499 0.048919 
4.35337 19.624 0.9833 -0.0560389 
2.71795 4.43276 0.988448 0.0506232 
0.805804 3.87381 1.01444 0.0484125 
6.37503 5.96705 1.00442 -0.019285 
4.00624 21.5306 1.00676 -0.011625 
12.9819 21.5189 0.975989 0.0442058 
8.36429 15.0156 0.973251 -0.0178656 
10.9601 8.1084 0.993708 0.034873 
12.8307 16.3305 1.0132 -0.0596531 
9.08023 13.6879 1.00264 0.0318846 
4.91187 3.62491 1.04879 -0.0387222 
12.9651 4.60992 0.972342 0.0434618 
9.52346 18.2208 1.02154 -0.117391 
13.7384 0.503771 1.01778 0.0273735 
0.204645 12.085 1.01221 0.0975938 
7.5176 13.7474 1.00273 0.0438554 
13.7159 3.41703 1.00176 0.0643459 
3.30601 6.36102 0.993781 0.107574 
6.66796 5.2574 0.993196 0.0122681 
9.84149 6.40727 1.04437 -0.00216125 
10.6948 11.3294 1.02191 0.057408 
3.37129 2.34359 1.01308 0.0602593 
7.92919 1.183 1.03134 -0.0470627 
2.47847 17.825 0.97894 -0.0119849 
1.82998 16.5744 0.980316 -0.112179 
1.81593 13.2179 1.02107 0.016338 
1.18623 4.66707 1.02578 0.0289125 
0.586907 5.99143 1.00539 0.0617584 
0.575769 18.5459 0.99116 -0.0687147 
21.9766 15.5798 1.00958 -0.00182061 
24.1908 21.5278 1.00446 -0.00211924 
23.9991 5.79507 0.991226 0.0359956 
16.0347 9.44421 0.997388 0.043173 
25.5835 0.494884 1.01032 -0.0192829 
21.51 18.3214 1.01397 0.00921964 
16.7391 11.9537 0.987227 -0.0134238 
25.4553 18.4752 0.998417 -0.0452506 
18.1391 18.4219 1.05295 0.0167732 
14.2555 8.19633 0.999286 -0.00473954 
21.1275 8.14229 1.00711 0.074806 
19.6468 1.84 0.984329 0.03189 
22.8331 17.4525 0.994913 -0.0248367 
26.3245 0.491683 1.00296 -0.0660079 
20.0389 12.0017 0.995902 0.0473675 
20.7986 20.8807 0.991177 -0.00665985 
16.6219 6.64275 0.988398 0.0839396 
27.6805 15.2832 0.95146 -0.0321222 
21.5492 19.6559 1.0089 -0.0374383 
20.766 1.16957 0.988374 0.0298618 
18.6425 6.51047 1.00232 0.0529146 
20.1851 14.5517 1.02383 0.0187172 
14.8228 1.17813 1.00539 0.0276395 
21.6561 14.928 1.00229 0.0153748 
17.3241 20.254 1.0011 0.0205772 
17.1287 14.3521 0.993804 0.00555738 
25.882 3.83853 1.00211 0.0428826 
14.8248 8.63912 1.00433 0.00203265 
27.3595 10.8554 1.00116 0.03911 
16.972 19.5668 0.999255 0.0271598 
18.5543 15.7469 0.987502 -0.00692854 
24.6338 16.8483 1.00151 -0.00856194 
21.3879 3.87995 0.987634 0.0427826 
25.918 2.50891 1.00265 0.0311323 
17.1082 16.2392 1.03926 0.0304891 
27.16 14.1254 1.00575 0.0274927 
14.8356 5.2783 0.990827 0.0466509 
25.8675 10.9607 1.00475 0.000330119 
27.6774 3.22721 1.01706 -0.0174792 
24.4208 11.0685 1.01892 0.0289238 
17.9028 14.4168 0.98427 0.0302378 
25.7105 9.67095 1.01397 0.0116789 
16.2755 2.53718 1.01056 0.0625678 
27.775 1.87188 1.01554 -0.0175518 
25.5785 8.3799 1.00607 0.0359946 
15.7679 16.4287 1.04919 -0.122919 
21.0534 3.20284 0.94692 0.00011826 
16.6643 9.01233 0.980919 0.0207642 
22.5917 1.84678 0.986876 -0.0105589 
25.5147 3.17121 1.00429 0.00335205 
20.5182 9.29576 1.00013 0.0714383 
24.8179 8.40927 0.999406 0.0117111 
26.5037 18.9981 1.01359 -0.0714052 
14.6769 11.7153 0.992412 -0.0344796 
27.7851 11.4754 0.997467 0.0927276 
21.554 20.8705 0.981087 0.0208594 
23.008 7.7553 1.01286 0.0285628 
22.4933 4.50041 0.998265 0.00851459 
16.3112 3.93247 0.989676 0.0725773 
17.3944 11.5337 1.00109 0.0170994 
27.0367 11.5509 1.00191 0.085906 
26.9138 18.404 1.02248 -0.0495513 
21.1483 8.8945 0.995277 0.0741906 
22.4249 8.11314 1.01783 0.0771812 
21.2509 10.3963 0.996099 0.06973 
24.694 17.6031 1.00519 -0.0239708 
16.309 1.1811 0.989193 0.0394166 
27.17 16.4498 0.980365 -0.0991992 
20.9058 16.5629 0.993532 -0.0389125 
14.6739 18.2933 1.02616 -0.0397802 
20.7097 18.6269 1.00526 0.0160826 
25.0994 6.43884 0.993288 0.0706837 
26.1663 10.279 1.00792 0.081741 
18.7591 12.1613 0.997264 0.0543451 
20.7243 19.5 1.00867 -0.00511521 
15.0595 16.4004 1.02031 -0.0709582 
21.1638 15.4148 1.00596 0.00130295 
17.7618 15.7569 0.975222 -0.0229235 
23.4881 18.7646 1.01076 -0.0559402 
19.3849 5.38928 0.974435 0.0936025 
22.2391 1.17671 0.989059 0.0115022 
22.5534 15.1013 1.00782 0.0379384 
18.5579 7.33436 1.00227 0.0586207 
15.5782 15.7461 0.940204 -0.121005 
15.9299 1.84545 0.987457 0.0340949 
27.5456 8.86418 1.00304 0.13821 
22.5279 5.81194 1.01889 -0.0138248 
23.2729 7.08816 0.970465 0.01643 
26.7883 8.94744 0.999564 0.094868 
23.246 15.4088 1.00892 -4.5658e-05 
25.7829 15.1988 0.972304 0.0335194 
14.7077 10.1543 0.998563 0.0440894 
25.1763 15.6507 0.985757 -0.00487346 
23.7864 9.14704 0.989044 0.109807 
14.9527 7.90048 0.988548 0.0310415 
15.563 2.51146 0.98647 0.050326 
24.8202 1.83151 0.9976 -0.0352371 
21.3793 12.6668 0.987146 0.0893214 
24.7484 7.11223 0.993014 0.0125182 
23.1904 11.507 0.987695 0.0495521 
18.9186 0.488828 0.986067 -0.010769 
26.9503 7.00562 1.01403 0.0428636 
17.4866 15.0111 0.984401 0.0236423 
17.617 4.08738 1.01007 0.0561688 
25.1686 13.459 1.02859 0.0652017 
17.4821 17.4114 0.977041 0.0404348 
16.5773 18.9685 1.01014 0.0592072 
17.353 10.04 1.00474 0.0157455 
24.5176 15.3139 0.988999 0.051175 
14.7953 15.7387 0.955475 -0.109276 
27.5252 13.451 1.00213 0.0531998 
26.0989 20.914 1.00652 -0.043905 
15.3784 9.79884 0.986725 0.012407 
25.8843 5.15164 1.01331 0.0872746 
27.2714 20.2961 0.989159 -0.0137426 
14.7315 19.578 0.991245 -0.00660145 
23.9112 10.4154 1.01623 0.0528543 
24.9522 9.71687 0.989768 0.0398731 
16.349 15.7405 0.941167 0.0162856 
17.4229 0.487995 0.999565 0.0191321 
22.9766 1.16582 0.992104 -0.0242316 
21.9639 11.5023 0.987812 0.101956 
20.0405 5.03992 0.97311 0.0884846 
22.0066 13.0363 1.00219 0.0835484 
26.6747 2.51814 1.01724 0.0432254 
26.2406 5.79748 1.02424 0.0579728 
26.288 11.5807 0.986764 0.0853696 
27.8354 8.16219 0.988112 0.075054 
24.0508 8.45453 1.00235 0.0207794 
18.6501 14.4806 0.992647 0.00399728 
23.1977 10.6488 1.014 0.0719277 
21.4582 2.53206 0.992671 0.0472 
14.0684 2.61349 1.0058 0.0667603 
20.4662 7.76828 1.00548 0.0658332 
25.9015 13.6088 0.991302 0.0693207 
15.36 10.5325 0.980954 0.0134753 
16.1734 18.3491 0.99372 0.0164123 
22.2438 18.4393 1.03735 -0.00739279 
25.5398 11.6556 0.980777 0.00154618 
17.431 5.58706 0.996045 0.0438038 
20.8496 17.9375 1.01886 -0.0222562 
22.3651 19.6375 1.01101 0.0284097 
19.5349 17.0855 0.998447 -0.0435654 
21.1455 20.2297 1.01182 -0.0144201 
23.6425 3.80533 1.00503 -0.00611842 
20.2184 13.4411 0.985864 0.089814 
18.1248 5.28943 1.00275 0.0584096 
27.843 6.00077 1.00532 0.0855813 
21.9852 12.2751 0.992733 0.0753473 
15.4264 5.73321 1.00251 0.0393507 
23.7049 7.80513 0.995732 0.0892232 
15.8267 17.7287 1.09503 -0.0426709 
26.5018 20.3018 1.00991 -0.0252584 
23.8603 14.9752 1.00873 0.00167972 
19.2538 2.50012 0.97945 0.0627949 
27.003 4.5676 1.01742 0.00896333 
22.5932 11.8779 0.978504 0.0634189 
21.7981 3.20448 0.978081 0.0275683 
15.9672 13.8109 1.00897 -0.00630351 
25.7115 21.5381 1.01234 -0.0274644 
24.4963 13.7964 0.990957 0.0464681 
17.4371 12.2758 0.991143 0.020556 
25.9066 16.6922 0.980984 -0.0314739 
14.6858 10.925 0.986696 0.0175043 
22.5911 11.0884 0.993928 0.0813904 
20.1508 4.33036 0.989144 0.077355 
18.9056 1.81754 0.992111 0.0163683 
18.208 15.1095 0.984006 -0.0272044 
20.2168 16.6811 0.990806 -0.026397 
16.5903 20.2312 0.998856 0.0176187 
19.1825 8.56498 0.998363 0.0602036 
23.4646 20.2164 1.01857 -0.0167545 
19.848 8.92336 0.999459 0.0547779 
18.3519 13.8263 0.979714 -0.00890529 
21.2016 9.64395 0.992654 0.0640889 
22.9423 18.2278 1.01049 -0.0289984 
21.2668 19.0045 1.02286 -0.00839397 
20.1824 17.4472 1.01005 0.0108743 
24.0507 17.318 1.00618 -0.017142 
19.5877 3.127 0.987654 0.0657422 
26.7719 13.4699 0.998412 0.0311544 
21.438 16.0795 1.00903 -0.0234432 
14.4372 15.1176 0.960172 -0.0919968 
21.3714 13.4711 0.996021 0.0894862 
22.5178 9.59765 0.990001 0.066553 
17.7218 20.8798 0.992684 0.0251699 
16.7025 14.9856 1.00893 -0.00816821 
24.9417 21.531 1.01084 -0.0146357 
25.8387 15.948 0.994227 -0.0322897 
27.4552 12.1553 1.00855 0.107993 
16.6867 9.75022 1.01157 0.04675 
14.5213 12.4903 0.982251 -0.0494551 
17.789 1.17159 0.992067 0.0103859 
19.4898 17.7783 1.0124 -0.00620594 
23.9828 16.5332 0.977435 -0.011931 
18.8635 17.366 1.00566 -0.00724738 
19.7073 15.1866 1.01224 0.00491132 
24.3868 3.80889 1.00631 0.045693 
20.677 15.9312 1.00914 -0.0147073 
22.9372 2.51092 0.998909 -0.0244109 
18.2199 4.52487 0.995007 0.00907847 
25.5632 1.82738 0.998518 -0.0523637 
15.4355 17.0649 1.06045 -0.106042 
26.6133 10.9081 1.0007 0.0443927 
21.953 20.2564 0.986734 -0.024283 
17.3165 9.30394 1.00786 0.0119896 
24.0738 1.83373 1.00286 0.00515484 
15.8884 21.5174 0.99495 0.0123581 
15.4948 8.32087 0.986112 0.0489749 
17.8038 8.14487 1.00282 0.0563381 
25.1608 7.7554 1.01128 0.0611259 
23.8312 19.5186 1.00306 -0.0316876 
26.2512 3.17405 1.00469 -0.00990983 
21.7797 7.07802 1.00403 0.0533803 
26.8829 20.9192 1.00057 -0.055916 
24.4917 14.5535 0.987004 0.0590033 
15.3142 6.49023 1.00802 0.0574282 
25.4132 10.3251 0.989331 0.0445477 
14.8947 20.8793 0.95927 0.0450679 
22.1344 3.85388 1.00589 0.0171894 
23.3316 16.1881 1.00709 -0.0210774 
25.2699 9.04501 1.00733 0.044261 
26.6992 12.2088 0.991377 0.0876708 
14.2482 4.7862 1.00148 0.0718152 
25.3245 20.9023 1.01874 -0.0300544 
19.658 21.5395 1.005 0.00743043 
14.747 9.39414 0.999012 0.0311751 
27.4652 1.18548 0.993627 0.0108982 
20.4299 21.5398 0.997833 -0.0122525 
27.2484 17.1771 0.984623 -0.00773972 
18.5438 2.49141 0.980941 0.0407909 
14.3304 3.99897 0.989816 0.099244 
16.6688 17.6726 0.90706 0.0180822 
18.8069 18.1119 1.0264 0.0119189 
25.1204 5.13857 0.984045 0.0753575 
23.4791 17.7537 1.00801 -0.0475293 
21.8783 0.490286 0.994683 -0.0141111 
20.4203 20.2236 1.00637 -0.0118724 
15.1378 20.2317 0.99246 0.0628631 
21.3686 5.17597 1.00935 0.0725969 
18.8348 20.3351 0.990448 0.0211248 
24.4274 2.49867 1.00822 0.0615186 
14.3241 16.3657 1.07965 0.0136174 
14.3278 18.9337 1.0028 -0.030365 
21.8784 9.99623 1.00277 0.0411778 
27.4332 2.54098 1.00529 -0.00118241 
25.8378 6.42233 1.00617 -0.0032124 
15.0453 17.6702 1.13091 -0.0370883 
16.8845 18.3405 1.00961 0.0023881 
15.5837 13.2034 0.978923 0.0200109 
26.6919 17.7058 1.00508 -0.0529547 
19.2884 1.15681 1.00073 0.0442917 
16.6959 10.4905 1.00609 0.0278728 
22.8767 5.13211 1.00423 0.0193208 
26.1515 18.2564 1.0082 -0.0424956 
27.6562 20.9183 0.998654 -0.0224117 
18.0298 10.3108 0.988634 0.0335671 
17.0446 1.17614 0.994811 0.00760454 
26.6667 5.22488 1.00489 0.0274429 
21.7953 7.77839 1.02126 0.0576284 
21.186 21.5255 0.984952 0.0131852 
19.9944 15.8632 0.987216 -0.0168825 
15.2023 7.22798 0.994749 0.018395 
16.9095 16.9881 0.996621 0.0589693 
26.7063 1.17727 0.98976 0.0219902 
18.0756 19.0937 1.00781 0.0160038 
16.0293 10.172 1.00037 0.0361197 
25.775 14.3989 0.980771 0.00551618 
16.1179 5.4558 1.01705 0.0487497 
24.097 0.504894 1.0047 0.0143127 
15.4083 9.06748 1.01445 0.0111568 
24.5677 16.0805 0.97768 0.0574022 
19.7867 13.963 0.975821 0.047023 
20.8645 17.242 0.992371 -0.0124836 
26.5788 6.4172 1.01015 -0.00496842 
26.1333 19.6771 1.00036 -0.0491907 
20.4326 15.2496 1.00608 0.00840203 
17.4744 3.22297 0.993467 0.0417224 
23.3355 13.7225 0.994199 0.0296021 
14.7237 6.02018 0.992392 0.0352278 
20.3881 1.85898 0.982734 -0.0156957 
18.7952 13.0105 0.979819 0.0918022 
23.9455 11.809 0.999901 0.0514546 
14.1498 8.94866 1.00417 -0.0126755 
20.9155 14.6968 1.00461 0.0238603 
19.9588 10.4903 0.991782 0.0398539 
23.2538 5.79533 0.999051 0.0389531 
21.3403 11.8991 0.995112 0.0710343 
23.3391 9.88586 0.991144 0.0611969 
24.5208 9.09623 1.0135 0.0242608 
17.8515 7.45983 0.995898 0.0306818 
24.0314 3.14931 1.00004 0.032036 
14.9332 4.52465 0.989987 0.0768488 
21.242 6.60171 0.996773 0.0638583 
19.9042 9.71483 0.993918 0.0345894 
18.1823 3.10429 0.980178 0.0458284 
22.7768 16.653 1.00542 -0.036325 
25.4848 7.07791 0.992448 0.0147168 
20.7237 2.54022 0.99184 0.00649722 
17.6008 16.7087 0.994335 0.0579422 
27.2687 21.5442 1.00103 -0.00552448 
27.1057 15.7311 0.950674 -0.0118265 
21.8435 9.25436 0.995878 0.0969636 
19.6663 0.495622 0.993337 -0.00106604 
25.2316 16.39 0.990462 -0.0137672 
23.4446 21.525 0.997836 0.00360969 
24.0361 18.1729 1.02259 -0.0697194 
23.9105 15.7474 1.00221 -0.0287375 
24.8365 0.486761 0.987654 -0.0145911 
26.3845 14.7787 0.952049 0.0255382 
24.4967 12.281 1.00373 0.0927872 
26.6177 3.85753 1.00438 0.0126399 
19.6775 20.3113 0.997542 0.00878335 
18.5412 1.16306 0.989492 0.0393599 
20.0569 20.9114 1.00959 0.0110398 
20.0972 12.7304 0.996874 0.0680816 
27.2353 9.56163 0.994961 0.0532337 
27.3485 3.91307 1.01606 0.0154449 
27.9992 13.9955 1.01773 0.0440042 
24.7372 5.79029 1.00974 0.106154 
27.7183 18.5185 1.03741 -0.0628074 
23.0793 20.8849 0.999955 -0.014581 
19.8147 8.14865 0.993678 0.0650238 
17.7745 2.49227 1.00007 0.0142356 
27.9879 9.47235 1.00593 0.0688144 
19.5084 13.221 0.984804 0.0372335 
27.6644 19.6788 1.00248 -0.0271327 
23.2858 3.17068 1.01142 0.00984719 
15.2309 12.6064 0.973592 0.0277191 
16.4467 16.4385 1.06238 0.0162193 
25.4837 5.77764 1.00022 0.0583373 
19.5597 16.4098 0.989155 -0.0504846 
21.8572 1.85848 0.978549 0.00184521 
25.9609 12.2549 0.982989 0.0559374 
21.1275 5.88804 1.02624 0.0508321 
17.5765 13.7566 0.989093 0.0199972 
26.3406 8.3392 1.00007 0.0493448 
17.6862 19.6438 0.995439 0.00362367 
15.8409 20.2615 1.00541 0.00931207 
22.1263 5.14236 1.00984 0.0224609 
18.2585 3.7814 1.01553 0.111483 
26.3469 12.9 0.994939 0.0665513 
27.0638 0.500804 1.00462 -0.00976132 
17.9537 6.76487 0.990088 0.0494079 
23.1164 19.571 1.00794 0.00380785 
22.1774 14.4899 1.02986 0.0322937 
19.9878 19.6334 0.991924 0.0223665 
21.1254 7.39164 1.01042 0.0440391 
16.5211 7.39421 0.987759 0.0714311 
22.5427 3.19208 0.996219 -0.0216224 
21.7894 8.51605 0.994792 0.0480097 
20.031 1.17142 0.977214 -0.00656611 
23.7413 11.1114 1.00257 0.0564383 
20.2892 3.26427 0.993509 0.0426577 
18.1586 1.81616 0.995429 0.051751 
24.6353 12.9905 0.993536 0.0579369 
24.0068 7.11966 0.983526 0.0121572 
14.4364 1.86342 1.00021 0.0343217 
19.8316 7.37737 1.02123 0.043044 
16.3845 14.3645 1.01091 0.0035026 
27.2643 19.0615 1.03477 -0.0741528 
19.4506 18.4653 1.02715 0.00442947 
20.6277 10.8152 0.985471 0.107678 
17.1435 7.79559 0.999002 0.0454097 
22.6401 12.6209 1.0036 0.0759668 
21.12 1.85216 0.999278 0.0289898 
25.2059 1.15001 0.993662 -0.00249416 
26.4467 15.4947 0.971193 -0.0099997 
19.6151 3.83291 1.00686 0.0799921 
18.6912 10.6067 0.987293 0.0579153 
19.2688 20.9169 0.993494 -0.00303408 
17.002 3.74043 0.987546 0.0362767 
27.1135 12.825 1.00342 0.0274656 
23.0995 9.19684 0.975993 0.0475675 
27.5824 6.69189 0.990705 0.0342354 
25.3543 19.6538 1.00747 -0.0190844 
23.3561 0.479248 0.991778 -0.0107152 
18.8044 4.94713 0.984811 0.0710174 
19.311 6.16349 0.992294 0.0768393 
20.5381 6.26501 1.01676 0.0333832 
16.8234 13.6531 0.994791 0.00400703 
23.6763 2.48246 0.989188 -0.0251034 
15.9422 0.500229 1.00451 0.035937 
27.8669 12.7698 1.01519 0.0465723 
15.9797 15.1079 0.998234 -0.0532599 
16.6157 21.5283 0.997767 0.0122449 
23.9545 13.3465 0.990695 0.0317049 
21.9358 10.7439 0.991924 0.103317 
26.0091 17.4538 0.997907 -0.0253036 
18.5399 19.6189 1.0038 0.0394196 
25.1385 3.81696 1.00138 0.0416102 
15.8226 7.69646 1.01139 0.0440846 
18.8943 3.30289 1.01255 0.0595086 
24.9483 20.2629 0.994758 -0.0109712 
16.5968 3.17484 0.996192 0.0639087 
20.719 12.305 0.988595 0.0886638 
26.3051 1.84193 1.00298 -0.0282682 
14.5991 6.75651 0.997151 0.018931 
14.2923 17.651 1.02885 -0.0134868 
22.3208 20.888 1.00183 -0.00024624 
18.4648 20.9289 0.998562 0.00956953 
14.4677 0.50047 1.00803 0.0355903 
20.0023 11.2557 0.997416 0.0449903 
19.1625 7.76927 1.00416 0.0799245 
24.7543 4.47823 1.00761 0.0274048 
15.2156 15.1233 0.97761 -0.107071 
27.7941 0.497626 1.00126 -0.0533645 
21.8089 5.81338 1.02411 0.0208546 
25.1294 14.1568 0.953955 0.0768033 
21.3032 11.1424 0.99211 0.0764733 
15.5651 1.16523 0.995045 0.0407846 
25.1402 14.8957 0.971878 0.0397316 
26.2711 4.51658 0.995307 -0.0111005 
18.2345 17.0281 1.0165 -0.0293506 
17.3587 21.5239 0.995899 0.00709684 
20.481 8.53095 1.00484 0.0628423 
26.9729 3.20576 1.00418 0.0225618 
27.6849 14.6014 1.02067 -0.0159984 
15.1762 3.1197 0.998228 0.0511209 
27.4186 17.8817 1.00867 -0.049993 
21.1447 0.503279 0.980898 -0.0185758 
18.0823 11.7935 1.00042 0.0632723 
24.7765 3.16808 1.01175 0.0314979 
22.0533 13.7714 1.01065 0.060812 
27.1009 5.9613 1.02061 0.060278 
16.2979 13.1592 0.980844 -0.0041108 
18.1882 16.3248 0.976825 -0.0172504 
20.879 4.60695 1.02223 0.065531 
15.6389 4.19264 1.00008 0.0491015 
25.3082 17.117 1.00889 -0.0287964 
20.6764 3.87231 0.989023 0.0792314 
19.3024 10.1658 0.991261 0.0730496 
26.8808 19.6654 1.01149 -0.0720497 
15.475 19.5964 0.969491 0.0418871 
27.4069 5.29083 1.00635 0.0840623 
18.0526 11.0584 0.99278 0.0471071 
18.1042 20.2361 0.999971 0.0240253 
27.0466 1.84994 1.00047 -0.0148232 
23.2581 4.48356 1.00984 0.0211632 
17.0424 2.55931 0.985669 0.0368074 
24.1796 9.75745 0.99 0.0512027 
25.9017 7.72641 1.00879 0.0146511 
25.9564 1.1753 1.0048 0.0378081 
25.1459 11.0144 0.992562 -0.0295017 
18.6548 9.82878 0.99072 0.0698107 
14.1028 20.8803 0.990622 0.0112086 
19.2173 6.96878 1.00598 0.0657868 
24.8032 11.6695 1.00054 0.0891863 
23.2823 12.2239 0.986941 0.0219549 
22.4839 7.23055 0.996718 0.0283337 
16.2092 4.69594 1.00328 0.0733787 
22.7445 18.9651 1.01596 0.00667133 
20.4028 0.492923 0.994539 -0.0112845 
17.3812 18.8875 1.00835 -0.00549239 
17.1804 8.52928 1.0061 0.0686057 
15.0713 18.9465 0.981037 -0.000132503 
17.3369 6.32538 0.99397 0.0490206 
22.4837 8.82337 1.0127 0.0890758 
15.5268 4.97367 0.994546 0.0457425 
15.1865 1.85889 0.999292 0.04561 
21.5065 1.18306 0.991859 -0.00410264 
22.7436 14.1011 1.01765 0.033464 
20.7886 13.0567 0.988653 0.115266 
17.3736 10.7887 1.00823 0.0215998 
16.0184 12.4434 0.987889 -0.0144687 
14.1345 5.53513 0.954197 0.0474841 
21.7134 4.52535 0.975112 0.0413046 
16.6728 1.87038 0.993038 0.00378902 
25.6189 12.9178 1.01446 0.050697 
19.3828 14.5391 1.00003 0.0235604 
22.6151 0.497651 0.991705 0.00687057 
27.3939 7.56537 1.00726 0.10764 
18.8667 16.5721 0.991006 -0.0216922 
15.4136 18.3176 1.01352 -0.0153844 
18.1676 0.484267 0.999629 -0.00259719 
17.0598 15.5703 0.952877 0.0149418 
18.0409 6.03765 0.997858 0.0539237 
23.6278 5.13392 0.996862 0.0402282 
27.6753 10.1638 1.00708 0.111997 
16.1817 20.8793 0.983357 0.0190513 
18.7609 18.8615 1.0179 0.0207073 
19.4083 19.1447 1.02918 0.0244574 
24.4641 1.16458 0.999382 0.0443458 
23.2837 12.9892 1.00376 0.0505003 
15.3935 11.9499 1.00764 0.0281546 
14.0791 9.7018 1.00704 0.00134229 
15.1967 21.5187 1.00175 0.0237854 
23.8472 14.2102 0.99576 0.0379053 
24.19 20.2254 0.99504 -0.00481591 
20.5739 10.0604 0.99426 0.0729904 
20.1299 18.1678 1.00531 0.0333342 
16.0508 8.70519 1.00066 0.03057 
19.2355 19.7781 0.997193 -0.0111089 
26.9219 10.2405 1.00283 0.118663 
14.0632 14.49 0.97697 -0.0378223 
22.89 3.83722 1.0045 -0.0327586 
25.1726 2.48971 1.01171 0.0120113 
16.2149 19.6019 0.989292 0.0187941 
15.042 3.79719 0.984181 0.0766662 
15.9122 6.94989 0.995808 0.051569 
19.8807 6.60914 1.01799 0.0474117 
16.0345 10.9117 0.978787 0.00850449 
16.0651 11.6651 1.00093 0.0200852 
23.8998 12.6164 0.998271 0.0541587 
22.198 2.52612 0.980623 -0.0177261 
18.8799 21.5382 0.99696 0.00279193 
23.242 8.46086 0.975229 0.0403859 
24.004 4.47191 1.00119 0.0439874 
17.9892 9.56855 1.00853 0.0263385 
26.4762 9.62201 1.01228 0.0477995 
14.6712 17.0344 1.0893 -0.0125297 
17.8966 8.82959 1.00992 0.0155999 
20.6721 11.5632 0.99364 0.0979093 
17.3809 13.0403 0.962922 0.0164034 
22.5672 10.3171 0.9946 0.0744344 
23.8228 20.8806 1.00836 -0.0370199 
25.1978 12.3487 1.03358 0.0418701 
15.8141 18.9676 0.953902 0.0562629 
22.7228 20.2554 1.00623 -0.00981522 
24.5647 20.8828 1.0071 -0.0444512 
16.722 5.90551 1.00247 0.0457069 
23.4076 16.9879 0.994426 -0.034142 
22.1985 17.0767 0.989167 -0.0179001 
24.9864 19.0209 1.01306 -0.0140446 
15.3544 11.2557 0.982902 0.0323372 
24.2398 18.8983 1.01414 -0.0372068 
18.7191 11.3827 0.989589 0.0480319 
20.6433 5.38088 1.01005 0.0485668 
21.9349 21.5256 0.992267 0.00109576 
19.2548 15.7942 0.984071 -0.0347433 
25.7921 19.0581 1.02177 -0.0239018 
17.5194 18.1041 1.03178 0.0408464 
26.4841 21.5346 1.00618 -0.00473743 
24.361 6.4516 0.976635 0.0526872 
16.9524 20.8835 0.993473 -0.00284027 
22.1959 17.7732 0.999568 -0.00651204 
26.215 7.06223 0.998183 0.0142003 
15.6203 14.4848 1.00872 -0.0455344 
25.3949 17.8094 1.00684 -0.00159506 
21.4474 14.2038 1.01381 0.0558547 
23.6106 6.4443 0.999485 0.0500322 
27.7349 4.62155 1.00888 0.0254033 
24.7425 18.3212 1.00761 -0.0472278 
16.8141 5.17222 1.00367 0.0460873 
22.8468 6.48991 1.00651 0.00846679 
16.0171 6.20121 0.998731 0.0480234 
14.4688 21.5139 0.993818 0.0478807 
24.5705 19.6048 1.00905 -0.0145402 
20.5175 6.99978 1.02198 0.0546616 
20.0879 18.9182 1.02273 0.0338397 
27.047 14.9451 0.965718 -0.0255129 
19.3428 10.9386 0.991235 0.0781415 
19.4534 4.59745 0.998937 0.068875 
21.9656 19.0583 1.02081 -0.00829744 
16.4843 8.14788 1.01575 0.0329715 
15.8588 3.34091 0.994594 0.0506676 
22.667 13.3676 1.00422 0.0644785 
21.5438 16.8407 1.0034 -0.0186458 
24.6634 10.3724 0.983444 0.066191 
15.2019 0.502569 1.00164 0.0365427 
14.4495 3.2576 0.995419 0.0857814 
18.1259 12.5123 0.979948 0.0514689 
26.4395 14.082 1.00216 0.0325041 
23.3272 1.82286 0.997063 -0.0567638 
14.402 7.46244 1.00081 0.0248331 
14.7909 2.50401 0.998969 0.0465381 
27.7867 15.9942 0.993951 -0.0386618 
21.513 17.5782 1.00338 0.00254809 
23.1944 14.6462 0.993919 0.0291576 
14.409 20.2298 0.987608 0.0282228 
22.1102 16.3369 1.01113 -0.0175178 
20.7261 13.9434 1.018 0.0619724 
23.716 1.15778 1.00332 -0.042802 
27.0983 8.27295 0.993276 0.0136189 
26.5729 16.9626 0.98386 -0.0397906 
16.9041 4.44523 1.01377 0.03382 
15.2217 13.8633 0.996144 -0.0638167 
22.1136 6.46426 0.99711 0.0418699 
18.7186 5.72826 0.991344 0.0665043 
24.3704 5.12924 1.00708 0.0580094 
25.7206 20.2858 1.02208 -0.0332834 
19.3748 11.7072 0.999085 0.0625488 
17.2287 7.05899 1.00143 0.0481604 
18.5886 9.02069 1.00277 0.0601268 
24.4237 7.77425 0.97678 0.0764337 
20.0017 2.52069 1.01057 0.0509761 
26.0293 9.00057 0.997449 0.0698451 
18.9591 15.1347 0.987097 -0.0235177 
18.9027 4.11278 0.989688 0.0522 
19.988 5.80754 0.998464 0.0806225 
19.0654 13.8129 0.999052 0.0719596 
19.4047 12.4776 0.998611 0.0411602 
18.5203 8.19118 0.99533 0.0589309 
19.2463 9.36774 0.994158 0.0766699 
22.6672 15.8661 1.00237 -0.00480391 
22.6931 21.5329 0.989469 0.0240053 
18.1028 21.5414 1.00268 -0.00454357 
18.173 17.7174 1.0134 -0.00985157 
17.527 4.84615 1.00243 0.0653996 
16.7814 12.6594 0.971062 0.00389879 
16.6804 0.499293 0.992746 0.0171898 
17.4095 1.83828 1.00075 0.0469935 
16.1724 17.1073 1.00062 -0.0826635 
18.0849 13.196 0.966161 0.0484733 
16.7186 11.2238 0.997396 0.0184084 
14.8467 14.5017 0.978946 -0.0445656 
14.4643 13.8844 0.967735 -0.0854086 
27.8345 16.7051 0.918241 -0.0620727 
27.9471 17.3702 0.982081 -0.0629203 
26.6516 7.68325 1.0042 0.0642723 
26.5004 16.2252 0.969155 -0.0301737 
25.5065 4.48974 1.00886 -0.00564578 
14.8313 13.2245 0.974172 -0.0188558 
14.1056 13.251 0.982072 -0.0483641 
14.0836 1.19273 1.00838 0.0544461 
14.0362 10.4643 0.994344 -0.00297316 
14.01 6.2786 0.968889 0.0201339 
14.0032 11.209 0.976432 0.0413499 
13.1926 6.14789 1.0124 0.0280811 
8.99338 20.2483 0.986949 0.0796308 
6.63188 9.24619 1.01771 -0.00859608 
6.55218 0.480456 1.00455 -0.0417943 
9.94129 13.0219 0.98253 -0.0305647 
12.9747 15.6666 0.991389 -0.071054 
5.0943 1.76999 0.983642 0.00105625 
7.79884 8.49817 1.00946 0.0437811 
11.2112 20.2103 0.978001 0.0413567 
3.59098 10.514 1.01468 0.0758361 
11.4961 18.2085 1.01473 -0.0105401 
11.9881 21.5233 0.959478 0.0413855 
5.19399 11.8193 1.01495 0.0474325 
1.08977 6.02568 1.00811 0.0633297 
9.61067 16.2859 1.00943 -0.0977606 
4.68424 2.37029 1.00031 0.00780936 
11.9567 10.1772 0.989872 0.0246544 
12.0872 0.494929 1.01396 0.0154091 
5.94225 11.8237 1.0038 0.0789569 
10.2627 12.3402 1.00198 0.0397933 
7.38403 9.19905 1.02069 -0.0014721 
8.51002 9.79223 1.00324 0.0418963 
7.35398 3.21246 0.992491 0.00550095 
13.0215 19.5708 0.993667 -0.0369068 
5.46895 1.12791 0.978605 -0.000380981 
6.61079 10.5262 1.03084 0.0300471 
5.95046 17.6641 1.02288 0.034357 
11.6116 1.17967 1.01116 -0.00686181 
0.724031 1.15585 0.970969 0.0417816 
2.701 15.864 0.94846 -0.0591288 
2.57662 18.4426 1.00009 -0.0301072 
4.33718 10.4871 1.01588 0.0656301 
3.91152 9.82452 1.00222 0.062823 
6.60095 3.21424 0.995927 -0.000123786 
0.296575 0.49389 1.01511 0.037419 
1.7791 11.3344 1.00723 0.0959152 
3.1835 1.05647 1.01309 0.0351002 
4.81898 15.7308 0.986214 0.0143829 
6.25021 2.46955 0.979989 -0.00962669 
4.86558 20.9037 0.968839 0.00382579 
0.743089 2.56479 1.0207 0.0350115 
4.68376 14.4338 0.989284 -0.0244412 
13.7091 18.2684 1.03262 0.00462782 
6.01024 21.5326 0.936593 -0.0031086 
13.8928 5.83468 0.979109 0.0563072 
8.1797 7.82102 1.0214 0.0645285 
3.26908 7.84482 1.00598 0.0314117 
13.3004 9.56152 1.00848 0.0410909 
0.943326 20.909 1.01462 -0.0246921 
0.372893 12.7984 1.00311 0.0554003 
3.94652 1.1058 0.979738 0.0688359 
3.36388 5.79122 0.999318 0.0765559 
0.71845 17.9306 1.02887 -0.105724 
13.3112 5.36145 1.0077 0.00670416 
12.9971 13.2132 1.01602 -0.0851447 
0.649177 5.33338 1.01697 0.0411508 
9.60831 6.49265 1.02185 0.0656078 
1.79222 7.98724 1.00106 0.0445181 
1.85302 5.96348 1.00459 0.0430746 
6.64795 7.95003 1.00817 0.0401076 
10.7701 18.1918 1.00696 -0.0842407 
9.37669 5.12235 1.02064 0.022889 
13.8541 2.59621 1.0075 0.0053373 
9.75504 11.7516 1.00866 0.0111534 
6.75631 21.5388 0.996528 -0.029802 
13.6885 12.2593 0.992396 -0.0632042 
5.43837 14.4096 1.00475 -0.00374961 
3.27189 11.196 1.01063 0.0639504 
12.3715 1.18456 1.00713 -0.0306519 
9.75004 20.1879 1.00849 0.045035 
8.08011 6.53662 1.0094 0.0148307 
9.63047 17.5699 1.03974 -0.0910826 
2.63596 12.5679 1.02263 0.0465286 
12.4019 12.1899 1.00372 -0.0332878 
5.01273 6.85378 1.01404 0.0534983 
4.86599 5.59106 1.00478 0.0318796 
8.86628 9.10884 1.0344 0.0376888 
2.16432 20.3255 1.00723 -0.0215843 
4.12014 20.8997 0.987029 -0.0243814 
4.12716 12.5016 1.00461 0.037404 
4.7304 3.62152 1.06593 0.0781397 
7.4923 20.2689 1.01174 -0.0616546 
9.77035 21.5207 0.980793 0.0186904 
0.557186 20.2845 1.01421 -0.0208632 
2.01791 13.8942 0.993747 0.00550384 
3.71619 19.022 0.988926 -0.0902286 
0.975784 4.62172 1.01661 0.050873 
9.24371 16.9595 1.01254 -0.0889133 
6.19859 3.92716 1.00552 0.0066251 
12.0984 5.25489 0.954043 0.0611124 
4.69977 7.56376 1.004 0.105293 
2.5432 20.9365 1.02482 -0.0276273 
7.9668 0.51061 1.00806 -0.00873754 
0.167413 19.6608 1.01049 -0.0446903 
6.18156 14.4108 1.00163 -0.0520854 
10.0156 3.73743 0.988711 0.0201574 
0.819323 13.3672 1.02108 0.0352146 
3.46994 9.18428 1.0116 0.0570105 
12.5978 16.3022 1.01342 -0.024009 
7.07005 18.3162 0.988938 -0.0181197 
2.13214 21.54 1.02495 -0.00973146 
6.98018 2.53196 0.980937 0.0126969 
7.09875 19.6292 0.98636 0.0133518 
12.5926 13.7678 1.01424 -0.130404 
13.1567 11.0842 1.00366 -0.0144889 
12.5984 17.5875 1.01256 -0.0589527 
6.71851 18.9781 0.992448 -0.0184971 
8.54842 7.17171 1.02463 0.050016 
4.24915 13.7829 1.0132 -0.0131094 
12.541 10.6396 0.9925 0.0313665 
11.1182 17.539 1.0021 -0.0372545 
5.9653 18.9633 0.987802 -0.0984823 
7.35615 15.0398 0.98824 -0.0187214 
7.25897 13.7486 1.01618 -0.0153015 
4.33927 0.47662 0.970595 0.0226709 
5.66376 5.46863 0.995789 0.0428698 
8.88396 17.6357 1.04284 0.00542902 
6.22826 7.33502 1.00633 0.0489583 
2.02111 15.8319 0.911873 -0.127165 
8.13177 9.14854 1.01282 0.0328488 
9.23159 15.6606 0.968351 -0.0683189 
13.2253 10.337 1.00445 0.0100946 
4.41575 4.99038 0.981592 0.0502003 
12.6146 18.8954 0.987757 -0.00749869 
7.33748 1.87236 1.00485 0.0206042 
0.18894 3.22659 1.00906 -0.00146637 
6.70688 4.60034 0.989098 -0.0089301 
5.20158 16.3914 1.00324 -0.0217386 
0.994056 1.84074 1.0192 -0.0407412 
12.3598 2.48976 1.00343 0.0514599 
12.7387 3.19049 1.0025 0.0534748 
12.4644 6.4318 0.993889 0.0531805 
11.4645 15.6073 1.00554 -0.121921 
2.52717 11.2548 0.999304 0.0717195 
7.40606 7.87892 1.03042 0.0467085 
2.25612 1.98189 1.01566 0.0772275 
6.11239 6.06499 1.00151 0.0591114 
2.09558 10.6376 0.994676 0.0388 
8.47334 2.49778 1.00738 0.0280153 
2.16025 5.28355 0.985434 0.107351 
7.03899 8.57079 1.01509 -0.00776519 
13.4807 8.04663 0.994062 0.0401405 
2.324 6.57193 0.998965 0.100226 
10.7173 15.5919 0.989233 -0.124772 
8.99472 11.8016 1.00154 0.0404678 
3.53335 7.12974 1.00419 0.0739088 
5.08043 10.4951 1.0123 0.0663151 
4.47769 16.4049 1.0006 0.0155216 
13.382 8.79433 0.997293 0.0338652 
3.72728 20.2914 1.00944 -0.0523027 
1.50254 3.04901 1.03143 0.0500383 
8.54643 18.3097 1.03653 -0.0790347 
0.869736 3.30262 0.997061 -0.00125415 
9.51462 10.4345 1.0183 0.0266714 
2.73379 0.489128 0.980617 0.0107942 
3.74942 16.4151 0.994528 -0.0447687 
5.57397 17.0294 1.01362 -0.0284746 
9.97443 15.6125 0.995638 -0.123832 
5.17906 4.92467 1.00741 -0.00145629 
1.51596 8.69842 1.00151 0.117862 
2.92336 5.17739 1.00328 0.0775003 
11.9758 1.83116 1.01797 0.0230325 
3.74924 8.48352 1.00355 0.0949083 
4.10879 5.6915 0.999002 0.0743767 
10.091 19.507 1.01091 -0.00570857 
4.01829 11.1628 1.0021 0.069978 
13.3633 18.9266 1.01418 -0.0381932 
8.94136 4.46557 0.998721 0.053634 
3.69933 11.8409 1.00029 0.0878069 
9.26369 9.76659 1.01449 0.0604264 
12.0754 8.63924 0.990239 0.0442684 
8.27592 21.549 0.918614 0.0252681 
2.93983 21.5407 1.02649 -0.00790252 
3.33623 19.6798 1.00422 -0.0881277 
2.94389 20.3127 1.01573 -0.0213988 
0.443326 17.3314 0.99091 -0.0571225 
7.79011 17.0171 0.988568 0.00758393 
12.1181 4.42837 1.01456 -0.01036 
5.83211 10.4977 1.01433 0.033981 
5.08756 0.47974 0.979735 -0.00730572 
5.46183 7.42124 0.995373 0.0338396 
9.47479 12.4288 0.996379 0.00884908 
2.91381 15.1757 1.02018 -0.0632652 
0.0405578 8.91242 0.987823 0.0136092 
4.83839 18.3511 1.03916 0.0660691 
10.4267 18.8339 1.02558 -0.04047 
7.62168 5.88682 0.993665 0.0466829 
4.22674 9.13443 1.01715 0.0521603 
5.40518 9.83327 1.01991 0.0773706 
0.161434 20.9089 1.00939 -0.0377733 
6.9847 3.89119 0.967334 -0.0141374 
6.74138 20.2608 0.974134 0.0497487 
10.3984 4.3709 0.975152 0.00168126 
10.6942 10.8472 1.0064 0.0656991 
2.95493 11.8856 1.00737 0.0409322 
7.71996 2.52784 1.00869 0.00856589 
4.08832 18.3528 0.999034 0.0104048 
0.175036 10.2032 0.99597 0.0349605 
11.7222 12.4603 1.02786 -0.0386725 
5.50555 4.29385 0.947929 -0.0149719 
4.99274 13.7897 1.01898 -0.0277779 
2.25929 8.61915 0.9963 0.109067 
4.09644 17.0543 1.00265 0.0354166 
9.95378 14.3188 0.969943 -0.0878624 
3.65157 15.0964 1.01938 -0.0285579 
10.7924 2.43966 1.00454 0.0386979 
4.74147 4.32572 0.953304 0.0861434 
6.35106 19.6024 1.00283 -0.000986775 
0.819202 6.72138 0.998681 0.0250081 
4.09566 15.7457 0.992677 -0.00709314 
1.96732 0.472498 0.951477 0.0244375 
8.81945 10.4693 1.00746 0.00893323 
12.2786 3.73762 0.990876 0.0511523 
3.7219 17.7424 0.977925 -0.0530632 
10.7871 8.41224 0.986258 0.0395517 
10.7009 0.475301 1.01271 0.00818738 
9.98797 11.0567 1.00413 0.0742679 
4.98848 9.12434 1.02619 0.0613074 
3.38022 12.5221 1.00948 0.0580232 
13.4612 3.19769 0.993712 0.0105112 
11.3019 10.4806 1.00391 0.0398241 
2.47238 4.59815 0.98884 0.0894764 
5.08312 2.98171 1.00835 0.0525338 
13.4856 1.876 1.00507 0.0324211 
1.36248 20.308 0.996557 -0.0419217 
9.11311 5.8056 1.00881 0.072711 
0.515043 14.0037 1.0228 -0.0124435 
4.0343 3.65776 1.05031 0.0497745 
11.9506 20.1952 0.994591 0.025638 
0.60801 10.8141 1.00396 0.074823 
2.76672 13.8597 1.02692 -0.0241235 
6.38115 20.8912 0.958927 0.0810295 
6.69064 17.666 0.987304 -0.0139956 
3.94186 14.4314 1.02027 0.00181864 
12.2177 16.9128 0.991297 -0.0413294 
10.7055 14.3008 0.98998 -0.0900353 
8.852 6.49314 1.00131 0.0280475 
9.98745 16.9011 0.997132 -0.0816623 
2.61782 5.87898 1.00405 0.0815239 
1.22601 9.40784 0.984724 0.029633 
7.68912 1.19601 1.01326 0.0396255 
13.795 11.5232 0.997125 -0.0191406 
1.3884 5.34657 1.01196 0.0685595 
2.20626 11.9504 1.00612 0.0410245 
10.1876 10.3395 1.02824 0.0565612 
11.381 9.65095 0.993697 0.0389244 
6.43224 5.36052 0.984719 -0.027445 
1.47504 0.977703 0.958188 0.0898418 
1.07191 18.5107 1.00243 -0.0557289 
13.3305 17.6339 1.02843 -0.0158192 
3.33884 20.9231 1.02327 -0.0478334 
11.5096 7.42286 0.987464 0.0838995 
0.569187 3.97641 0.999512 0.0608247 
7.44902 4.54361 0.971193 -0.0449815 
8.94997 18.9397 1.00068 0.0626634 
9.35406 0.490214 1.0046 -0.0109947 
7.58605 13.1091 1.00512 0.0132937 
13.8496 10.7703 1.00192 0.00420667 
0.988279 19.6939 1.00297 -0.0233683 
1.05724 8.06339 0.994116 0.0278362 
3.56684 0.460511 0.992141 -0.00109581 
6.37902 12.4745 1.02102 -0.0223142 
2.0534 7.28369 1.00031 0.121441 
10.3915 3.06328 0.990686 0.0107583 
7.05582 17.0121 0.967701 -0.0257116 
9.6916 18.8963 0.988158 0.0242613 
10.3396 14.9459 0.994264 -0.0837324 
4.49319 8.41989 1.02652 0.0876967 
13.7619 19.5897 0.980384 0.0763459 
1.10906 17.0986 1.00742 0.020655 
12.6808 20.2218 1.01095 0.00404435 
8.49764 15.6751 0.96577 -0.015974 
4.46507 18.9721 0.993067 0.00338963 
0.28425 11.504 1.00455 0.0400366 
13.6089 3.89031 1.00168 -0.000793893 
1.43066 17.7863 1.03827 -0.043915 
7.7539 7.21278 1.01856 0.00698826 
10.7288 16.8836 1.01074 -0.0964784 
5.62537 12.4935 1.00945 0.0464235 
7.26564 0.492833 1.00156 0.0668857 
12.2255 15.6407 1.01852 -0.0952851 
8.11832 3.1821 1.00019 0.0704926 
9.14646 13.0759 0.995047 0.0248059 
13.9053 10.0232 0.991193 0.00107367 
3.06791 13.2032 1.00748 0.0081411 
9.33437 19.5681 1.01252 -0.0057979 
8.97289 7.79045 1.0229 0.0989868 
6.60855 1.83188 0.998132 -0.007865 
4.30317 2.98641 1.03231 0.0526616 
2.24679 2.67248 1.00623 0.0547675 
9.85289 5.79382 1.02036 0.0300787 
11.869 13.6762 1.01733 -0.135522 
9.1998 1.19901 0.994902 0.0359519 
3.19713 14.5081 1.009 -0.0737897 
1.45782 12.0348 1.00077 -0.0323928 
8.51528 16.9873 1.01693 0.0502743 
8.4479 14.3801 0.976836 0.00186904 
10.8228 4.98352 1.00212 0.0307505 
10.3744 17.5341 0.995256 -0.0328871 
8.79543 13.7325 0.996623 0.030631 
8.13871 16.3409 0.985902 -0.0199762 
8.83448 1.83577 0.994557 -0.00154851 
6.95586 1.15571 1.00309 0.000687665 
10.1018 8.59468 0.99857 -0.0334997 
10.4071 1.79724 1.01458 -0.00248294 
3.35267 3.74031 1.02908 0.0887169 
2.62089 17.1752 0.972966 -0.0743322 
8.52699 11.1531 1.01823 0.0651348 
5.86318 1.78051 0.991083 -0.041223 
11.4687 14.3063 0.994961 -0.0852806 
11.5414 4.84069 1.01279 0.029264 
9.27053 3.77871 0.987837 0.0626782 
10.4792 20.2048 1.01702 -0.000540167 
12.7998 0.499457 1.01816 0.0148332 
6.50101 13.7627 1.02371 -0.0406194 
1.13735 12.7146 1.0203 0.0408627 
13.4274 13.7866 1.0021 -0.0372261 
13.0824 11.8175 0.991758 -0.0219729 
6.26158 11.1636 1.01263 0.0427251 
9.04368 21.5371 0.987712 0.0519299 
10.7124 7.67875 0.973331 0.0632936 
9.40032 20.8461 0.980897 0.00876487 
9.59117 14.9893 0.969823 -0.0597551 
11.089 14.9471 1.00721 -0.0547573 
11.8968 5.97995 0.976317 0.054492 
10.3317 13.6452 0.979675 -0.0791459 
12.0403 9.38464 0.984772 0.0204158 
1.03361 0.454297 1.01917 -0.011373 
10.5075 21.5202 0.959273 0.0634881 
11.4575 13.0851 0.977587 -0.0900503 
10.5074 11.6194 0.995714 0.0619878 
12.4585 11.4109 1.01705 0.0129559 
9.29097 18.2521 1.0658 0.00577419 
6.6815 16.3717 0.967084 -0.060495 
13.0871 20.8758 0.97941 0.0312583 
8.35892 13.1036 1.00823 0.0251846 
7.01974 15.699 1.01372 -0.0215493 
11.8415 16.2395 0.985506 -0.0642455 
5.82666 0.481774 0.995965 -0.000529923 
12.6489 5.68713 0.979216 0.0356308 
5.60368 19.6274 0.986728 -0.0324074 
10.8214 1.16909 1.00152 0.0143982 
3.38608 15.7807 0.973899 -0.0719845 
3.96586 4.37371 0.972995 0.0464087 
11.5539 19.5391 0.988517 0.00528716 
8.87425 16.3319 0.96358 0.00798914 
0.90078 16.3716 0.947438 0.0409362 
11.0691 13.6693 0.979451 -0.0921823 
12.1594 7.88769 0.998814 0.0192638 
9.8861 7.86265 0.935256 -0.00584626 
10.1298 20.8578 1.00898 -0.0159381 
11.4685 16.8774 1.026 -0.0788256 
1.35328 10.7228 0.996291 0.0117973 
10.0006 1.1792 1.00666 0.0283204 
9.58945 9.09528 1.04391 0.0606317 
5.2096 17.6948 0.977837 -0.0354932 
0.612682 19.085 1.0065 -0.062723 
5.23526 20.2678 0.98747 0.00402784 
4.83994 17.0626 0.978614 -0.0171446 
5.98873 20.2492 1.01484 -0.0723574 
1.67154 1.61485 1.03887 0.0786182 
7.37363 10.5142 0.998955 0.0132982 
2.7152 9.24238 1.01342 0.048646 
0.15266 15.2776 0.942652 0.0101565 
0.0834818 6.73212 1.01977 0.0897831 
12.7033 9.08547 1.00055 0.0515852 
3.07119 6.49822 0.994784 0.0432205 
2.31006 1.14276 1.00345 0.0522525 
3.73528 21.536 1.00456 -0.00247239 
8.64311 20.911 0.969703 -0.0318138 
0.923199 10.1144 0.996858 0.0753674 
11.1565 18.8832 0.999494 -0.0142014 
0.300172 16.6864 0.955619 -0.0479792 
8.87863 3.14273 0.985147 0.0794226 
0.287554 15.9752 1.0014 -0.0398771 
8.10371 15.0302 0.982842 0.0101611 
2.84547 10.5654 0.994385 0.070877 
6.99833 9.87485 1.01958 0.0214391 
2.8296 3.13271 1.02335 0.0782835 
7.75483 9.81841 1.02863 0.0771048 
1.61438 16.5342 0.980214 -0.0146982 
13.7697 6.58048 0.974533 0.0729981 
11.1828 3.07672 0.995757 0.0452434 
7.89209 20.8854 1.02279 -0.0944985 
12.968 16.9673 1.03277 -0.0292553 
0.91714 14.7014 1.03985 -0.0488321 
6.69905 11.8232 1.01381 0.0353727 
6.93761 14.3913 1.00952 0.000869598 
1.43042 19.105 0.989008 -0.0695043 
8.64132 5.1517 0.999113 -0.00043111 
10.1001 5.07186 1.02067 0.040474 
4.75944 11.1594 1.00487 0.0798365 
1.03359 11.4231 1.00404 0.0722473 
6.22124 1.14043 1.01265 -0.0314752 
8.66841 0.490841 1.02171 0.0123425 
1.79448 19.716 0.995981 -0.0343716 
7.15104 12.4505 1.0129 0.0330827 
5.25535 21.5334 1.00511 -0.0509725 
12.6074 15.0299 0.991124 -0.0478915 
0.191704 14.6046 1.02322 0.0206603 
5.89431 8.00481 1.01214 0.0798927 
1.98347 4.05572 1.01733 0.0396029 
7.31479 6.58866 1.01029 0.00607152 
2.12071 3.37578 1.03093 0.0644772 
13.1258 1.18277 1.00287 0.00938349 
5.78561 6.74711 0.999429 0.0384055 
1.48686 15.1944 1.0354 -0.00209357 
10.0643 9.62805 0.990859 0.079332 
13.7407 13.0973 0.982382 -0.0730504 
10.0286 0.468574 1.00275 -0.0203454 
9.36695 7.18872 0.987043 0.0549651 
5.93614 16.3734 0.975597 -0.0726789 
0.809604 15.4453 0.984989 -0.107448 
12.3372 20.8684 0.971557 0.0436835 
12.2762 13.0062 0.997176 -0.0760938 
2.67208 3.87663 1.01974 0.0574261 
10.0138 2.4359 0.981756 0.0361986 
8.52353 3.82247 0.978492 0.0256746 
11.3861 0.494513 1.01871 0.0155936 
13.0252 12.5435 1.01633 -0.0754325 
2.18477 19.0713 1.00744 -0.0329701 
13.3608 15.0357 0.979302 -0.0233711 
10.6659 9.17244 0.960276 0.0551863 
4.65884 9.79996 1.01532 0.0892684 
7.52744 21.5369 0.986039 -0.0430597 
9.20647 14.3556 0.978218 -0.0315 
1.66565 10.0087 1.00759 0.118903 
2.85608 1.66382 0.98252 0.0644321 
13.8391 20.8804 0.984526 0.0105722 
5.588 18.3228 0.976485 -0.0390373 
6.28456 8.6202 1.01757 0.0510692 
12.2788 7.16042 1.00419 -0.00460868 
2.21157 17.8223 1.0181 -0.0301779 
1.33452 21.5349 1.00924 -0.012901 
7.90539 5.19528 0.996501 -0.0138693 
4.09828 19.6317 0.995307 -0.0918453 
5.12682 15.0544 0.984357 -0.0193269 
12.9053 4.05499 0.99414 -0.000888048 
1.31787 7.35038 1.0118 0.126546 
12.8815 7.60393 0.992194 0.0605493 
2.52958 7.90189 1.00743 0.0646975 
4.25643 6.99578 1.00571 0.0925795 
6.82415 13.1109 1.01022 0.0471445 
0.588288 7.43673 1.00541 0.0411272 
13.4286 20.2423 0.984885 0.0231693 
1.71407 14.5447 1.00894 0.00254715 
10.764 3.68194 1.00888 0.0243171 
7.75592 15.6923 0.975281 -0.0295231 
3.56464 1.74065 0.993394 0.0751732 
4.38397 15.0763 1.01756 -0.021167 
13.1056 2.52404 0.993129 0.0450704 
4.87696 12.4811 1.01431 0.0385606 
11.8434 17.5384 1.01786 -0.030522 
9.61447 1.80598 0.997818 -0.00512314 
9.26031 11.1322 1.00475 0.0448282 
3.03417 2.39075 1.01415 0.0688043 
8.5648 8.44882 1.00377 0.0799883 
5.62579 20.8927 1.0198 -0.0689494 
5.75204 13.7725 1.03279 -0.0826454 
3.36653 17.1387 1.00788 -0.0557836 
4.48831 20.258 0.992419 4.08056e-05 
4.31274 1.74919 0.99947 0.0454361 
10.7583 9.95356 1.01059 0.0307073 
13.7874 14.4354 1.01044 -0.00134756 
2.95575 19.0651 1.00242 -0.0720233 
8.16556 17.6595 1.00093 -0.0177022 
1.5689 6.64192 1.01127 0.0901905 
5.86284 9.27079 1.017 0.0526741 
10.8176 19.5311 0.993278 -0.0371478 
7.79012 11.1448 1.01144 0.035397 
5.22547 18.9836 1.01215 -0.0275924 
2.40994 9.93776 1.01456 0.0604441 
7.451 18.9682 0.978473 -0.0303623 
1.86887 17.1922 1.00918 -0.0614612 
0.784369 8.80003 0.988364 0.0856434 
8.08364 1.856 1.01585 -0.0283975 
10.1378 7.14617 0.994275 -0.015383 
6.00597 4.78036 0.965227 -0.0183165 
0.241955 18.4828 1.04437 -0.0953315 
5.13873 8.10509 1.00564 0.0660273 
12.9729 18.2787 1.00489 -0.0932656 
3.66883 5.07285 0.993515 0.0548033 
8.19457 4.4963 0.977418 0.0386528 
12.7405 1.83978 1.00866 0.0391056 
10.9092 6.94929 1.00402 0.0497757 
13.7253 15.6695 1.00043 -0.0189044 
12.7773 8.34527 0.989469 0.078349 
7.80682 18.3128 0.968014 -0.0373471 
6.55613 6.66443 1.00726 -0.0142165 
0.551552 21.5304 1.00436 -0.0114976 
6.31466 17.0069 0.983657 -0.0319325 
11.3314 5.53135 1.00111 0.00431422 
3.03754 16.5149 0.979805 -0.0846131 
3.34123 18.4175 0.987165 -0.0613409 
11.5636 3.74275 0.991174 0.0260402 
7.47144 11.8026 1.00918 0.0475854 
8.60119 19.616 1.00309 -0.107458 
6.29105 15.7104 0.99046 -0.0729553 
7.6877 14.3933 1.02501 -0.039599 
2.19861 15.1513 1.03917 -0.0807153 
5.33457 6.16796 0.991203 0.0340314 
8.19705 18.9648 1.03072 -0.0280606 
11.3851 8.90797 0.978231 0.0870098 
6.61028 15.0456 1.01516 0.0254532 
11.6974 6.70416 0.979589 0.0999307 
11.8908 18.8483 1.00434 0.0480488 
11.2503 21.5119 0.97336 -0.00280132 
8.36796 5.8439 1.00023 0.0677242 
1.74283 20.9306 1.00368 -0.0149784 
4.71451 1.12544 0.978413 0.0365811 
7.76143 3.861 0.976449 -0.0138689 
13.8641 1.21494 1.00624 0.0136196 
1.54413 2.34069 1.01779 0.0653474 
12.2809 19.5322 0.999859 0.0402092 
4.55737 6.29295 1.00048 0.0388893 
13.9762 9.25812 1.00969 0.0348539 
4.44252 11.8293 1.00219 0.058786 
7.8398 19.6051 1.02866 -0.14943 
6.06362 13.1269 1.02802 -0.0218704 
11.0909 16.2303 0.995267 -0.0574281 
11.1232 4.29647 0.995694 0.0101 
11.947 3.09163 0.997585 0.0302105 
12.2283 18.1877 1.00321 -0.00806215 
7.41341 16.3595 1.00146 -0.0408021 
7.02756 11.1687 1.01777 0.0148542 
5.30896 13.1436 1.00666 0.00357612 
9.63487 3.10099 0.979737 0.0200934 
8.24668 20.2367 0.997052 0.0558182 
6.22623 9.8916 1.02207 0.067401 
1.56532 13.3203 1.00944 -0.0105651 
8.23098 11.8196 1.02533 0.0545337 
6.98631 7.27588 1.004 -0.0151844 
9.67352 4.42405 0.987022 0.0258926 
9.34138 8.41432 0.98888 0.0697858 
11.1979 1.80229 0.996301 0.0223418 
10.5854 5.68878 1.02274 -0.0136716 
0.487704 9.50714 0.991534 0.0841588 
10.3526 16.2389 1.00181 -0.0790955 
5.87013 15.0804 1.00475 -0.0580095 
13.6165 7.30708 0.985256 0.00356064 
11.0287 12.1948 1.01307 0.0300385 
5.54323 15.7208 0.986121 -0.0341842 
13.0275 6.88401 0.98051 0.0119243 
3.00148 8.54902 1.02286 0.081128 
12.727 21.5172 0.980653 -0.0136305 
1.35031 15.8751 0.893094 -0.00549376 
11.7865 11.7549 1.01446 -0.0132839 
12.218 14.3735 1.01542 -0.0696027 
11.8394 14.987 1.01034 -0.0598056 
5.88735 3.08741 1.00734 -0.00994509 
12.737 4.84897 0.992208 0.113682 
6.3328 18.3165 1.01572 0.0876336 
11.6022 20.8565 1.00223 0.00237069 
4.46277 17.7039 0.996475 0.0898324 
7.91529 12.4606 0.999606 0.0105088 
7.42961 17.6656 0.98761 -0.0366196 
11.8538 10.9809 0.997685 0.0111245 
2.79523 7.19885 1.00025 0.0966113 
1.88706 12.6391 1.02788 0.0672491 
13.5235 0.50911 1.01654 0.010368 
11.115 6.23706 1.01434 0.0401506 
1.8087 18.4369 1.00192 -0.0342781 
10.7233 12.9532 0.98365 -0.0474503 
7.12921 20.9073 1.00001 -0.078786 
3.54358 3.01725 1.02539 0.0708915 
12.9969 14.3801 0.993515 -0.0498886 
4.00607 7.76705 1.01007 0.0837869 
11.5744 2.45117 1.01685 -0.000284195 
9.2434 2.46477 1.00284 0.0610123 
12.6291 9.86094 0.997993 0.061539 
13.6971 16.9559 1.03315 -0.00555731 
2.56129 19.6953 1.00844 -0.047465 
8.10696 10.4775 1.01051 0.064541 
5.50843 11.1605 1.02216 0.0472713 
3.15822 9.87061 0.994414 0.0874667 
5.53464 8.66407 1.00859 0.0388811 
1.23947 14.006 1.02647 -0.0232955 
8.68919 12.4578 1.02188 0.0311524 
3.80711 13.1667 1.02007 0.0392319 
2.4634 14.5041 1.01763 -0.0649112 
3.49686 13.8302 1.01279 -0.0032562 
5.49771 2.40159 0.996882 -0.00526777 
1.97111 9.32116 0.998852 0.0888253 
10.8624 20.8726 0.989974 0.019566 
4.56361 13.1361 1.02581 -0.0208691 
4.85162 19.6189 0.999867 0.00825209 
3.21705 4.4674 0.990705 0.0738581 
1.30776 3.89585 0.999871 0.0577359 
6.87738 5.97639 0.988681 0.0276575 
4.49386 21.5423 0.967341 0.0255604 
13.4707 21.5336 0.983168 -0.0253267 
8.84858 15.0134 0.976716 0.0230516 
11.4534 8.14023 0.995181 0.111452 
13.3382 16.3057 1.01843 -0.00870171 
9.56995 13.6953 0.959833 -0.0300585 
5.44547 3.62198 1.07635 0.00195973 
13.451 4.61753 0.9615 -0.00557099 
10.0237 18.2169 0.997826 0.00671381 
0.285174 1.86467 1.01986 -0.0173964 
0.707688 12.1175 0.997172 0.0163762 
8.02305 13.7469 1.01278 -0.0341184 
0.236262 4.64506 0.998785 0.0669244 
3.80595 6.40496 1.01078 0.0535818 
7.16026 5.2488 0.986314 -0.0356879 
10.3563 6.40627 1.01868 0.0267014 
11.2002 11.3546 0.999867 0.0531951 
3.88247 2.37697 1.02148 0.0792537 
8.43813 1.17676 0.998037 0.051142 
2.96964 17.8068 0.990649 -0.0895941 
2.31857 16.5162 0.977338 -0.105941 
2.32407 13.2396 1.01323 0.0477292 
1.69474 4.68703 0.994766 0.0676412 
0.351254 6.02814 1.0154 0.0431518 
0.334815 8.19579 1.00377 0.0692417 
0.0260443 13.4669 1.00496 0.0245571 
22.4786 15.5747 1.00457 -0.00980765 
24.695 21.5224 1.00754 -0.0193809 
24.4954 5.80815 1.00108 0.0318189 
16.534 9.45835 0.996993 0.0335636 
26.0849 0.490281 0.990008 0.00253338 
22.0201 18.3167 1.0226 -0.0174743 
17.2356 11.9524 0.998146 0.000279056 
25.9577 18.468 1.01383 -0.0197577 
18.6638 18.4278 1.05556 0.00128532 
14.757 8.20051 1.01055 0.016435 
21.632 8.17372 1.01314 0.0613646 
20.1432 1.85597 0.994322 0.0310291 
23.3319 17.4252 0.997971 -0.0677079 
26.8258 0.492477 1.00261 0.0520995 
20.5394 12.0267 1.00085 0.0564855 
21.3001 20.8814 1.01162 -0.00481692 
17.114 6.67726 0.990984 0.0335105 
14.1745 20.223 1.00802 -0.00178493 
22.0563 19.6524 1.01982 0.0329235 
21.2631 1.1837 0.998027 0.00483375 
19.1405 6.54265 0.994004 0.0721999 
20.6908 14.5516 0.995074 -0.02757 
15.3249 1.19822 1.00125 0.0250764 
22.1614 14.934 1.01592 0.0098548 
17.8285 20.2719 1.00483 0.045015 
17.6303 14.3525 1.00325 -0.00310449 
26.3842 3.85046 1.00076 -0.0038493 
15.3206 8.6575 0.989382 0.0490055 
27.861 10.8906 0.999442 0.07767 
17.4729 19.5965 0.994366 0.073426 
19.0432 15.7422 0.968888 -0.0187641 
25.1329 16.8399 0.994487 -0.0209207 
21.8848 3.8998 0.992963 0.0140721 
26.4208 2.49714 1.00872 -0.0520807 
17.6458 16.2447 1.11032 -0.00594769 
27.6605 14.1398 1.00689 0.0164684 
15.3283 5.29191 0.982552 0.0241309 
26.3702 10.9799 0.994725 0.0903859 
14.2178 1.92573 1.01475 0.0245411 
24.9245 11.0954 0.994784 0.0716087 
18.3966 14.4179 0.988095 -0.0271472 
26.2175 9.68039 0.999653 0.0755436 
16.7758 2.55299 0.992259 -0.000723027 
14.5893 1.21135 1.01055 0.0133772 
26.0839 8.40776 1.00991 0.0394352 
16.2879 16.3629 1.04555 -0.0955187 
21.5367 3.21412 0.991958 0.0477848 
17.1613 9.03415 1.00159 0.0631814 
23.0874 1.83662 0.995837 -0.0316808 
26.0194 3.16883 1.00752 0.0164921 
21.0179 9.32626 1.00139 0.0474049 
25.3202 8.44158 1.02084 0.0582971 
27.0105 18.968 1.01398 -0.0369092 
15.1734 11.6943 0.995146 -0.0401439 
14.5329 10.4711 0.995371 0.0393052 
22.0499 20.8788 1.00526 -0.00514169 
23.5052 7.76927 0.988695 0.0736451 
22.9948 4.4947 1.00923 0.0191034 
16.8093 3.96116 1.00656 0.0331918 
17.8971 11.536 1.00183 0.00228532 
27.534 11.5619 0.989561 0.0252278 
27.4242 18.3812 1.02796 -0.0513381 
21.6524 8.93391 1.00832 0.067616 
22.9336 8.14194 0.997017 0.0563533 
21.7495 10.4342 0.990359 0.086127 
25.1983 17.5927 1.00623 -0.0237047 
16.8063 1.19396 1.00099 0.00547301 
27.6536 16.4315 0.953053 -0.00684161 
21.4058 16.5515 0.996813 -0.0187085 
15.1872 18.2776 1.03151 -0.0515161 
21.2198 18.6293 1.02329 0.00642017 
25.5988 6.46783 1.0044 0.0416808 
26.6684 10.3148 1.00631 0.0285917 
19.2533 12.1871 0.98768 0.0545526 
21.2295 19.5057 1.00755 0.0285755 
15.5771 16.3613 1.04916 -0.0935423 
21.6641 15.4079 0.992585 -0.00975074 
18.2518 15.7314 0.987506 -0.0727483 
23.9941 18.7572 1.01331 0.0151208 
19.8778 5.42972 0.991364 0.0604735 
22.733 1.17185 0.988579 -0.0222293 
23.0622 15.107 1.02239 -0.0102986 
19.0591 7.36084 0.999988 0.0540652 
16.049 15.7009 0.942732 -0.0810449 
16.4296 1.86443 1.00681 0.0539489 
14.0669 17.6052 1.03705 -0.0124049 
23.0343 5.80917 1.0066 0.039712 
23.7586 7.11554 0.995294 0.0459539 
27.2908 8.97693 1.00368 0.0130713 
23.7484 15.4048 1.00264 -0.00558707 
26.2681 15.1952 0.970143 -0.0371125 
15.2051 10.1696 0.990681 0.0128751 
25.6628 15.6395 0.975847 -0.0125941 
24.2846 9.17137 0.999576 0.0351386 
15.4595 7.90158 1.02219 -0.00318887 
16.062 2.53803 1.00552 0.020748 
25.3195 1.82709 1.00294 0.0414509 
21.8736 12.7052 0.993049 0.0693556 
25.2424 7.12449 0.98209 0.0624733 
23.6871 11.5251 1.00086 0.0350351 
19.413 0.495968 0.99726 0.0295089 
27.4565 7.03385 1.00109 0.0553284 
17.9735 15.0149 0.964371 -0.000191535 
18.1076 4.10637 0.995524 0.00915094 
25.6752 13.491 0.998172 0.0773305 
17.9763 17.4488 0.986543 0.0945197 
17.0752 18.9944 0.985304 0.0140078 
17.857 10.0573 1.00771 0.0156769 
25.0143 15.3336 0.992542 0.00552272 
15.2791 15.7039 0.988595 -0.053039 
14.0336 5.08517 0.979971 0.0373311 
26.6052 20.9009 1.02136 -0.0055525 
15.8702 9.81628 0.998727 0.0433308 
26.3883 5.16075 0.992602 -0.0155365 
27.7709 20.2753 1.00805 -0.0488984 
15.2276 19.5929 0.997083 0.0359536 
24.411 10.4398 0.985499 0.0431039 
25.449 9.72727 0.991712 0.0357447 
16.8171 15.7321 0.934192 -0.0655915 
17.9214 0.505256 0.993307 0.00915655 
23.4717 1.14783 0.990183 -0.0161352 
22.4567 11.5372 0.986876 0.0372559 
20.5318 5.07773 0.992735 0.0714662 
22.5028 13.0647 0.99107 0.0330224 
27.1763 2.52181 0.99566 -0.0161813 
26.7528 5.8052 1.02163 0.000208156 
26.7841 11.6157 0.998666 0.0639266 
14.4383 18.2716 1.02647 -0.000333158 
24.5453 8.49416 0.978854 0.0913778 
19.1425 14.4768 0.985126 -0.00799255 
23.6969 10.6788 0.988493 0.065681 
21.956 2.54297 0.991966 -0.00887576 
14.5682 2.64673 0.993489 0.0605092 
20.9737 7.80095 1.01426 0.0627322 
26.407 13.633 1.01585 0.03111 
15.8551 10.5432 0.997811 0.0279632 
16.6718 18.3317 0.999 -0.0540438 
22.7576 18.4431 1.00996 0.00286855 
26.0363 11.6528 1.00237 0.00554835 
17.9283 5.61773 0.993486 0.0626162 
21.3509 17.9393 0.996666 -0.00677519 
22.866 19.6359 1.00613 -0.0257064 
20.0372 17.0666 1.00679 -0.0269826 
21.6519 20.2253 1.00679 0.0068331 
24.1433 3.83252 0.995645 0.0576396 
20.7122 13.4746 0.999458 0.0406314 
18.625 5.30139 0.992726 0.0141069 
14.3438 7.01341 0.990942 0.00463093 
22.4805 12.3066 0.990172 0.0575816 
15.9239 5.75766 0.992946 0.0386742 
24.2003 7.83294 0.996113 0.0323592 
16.3455 17.6841 0.984307 -0.0865428 
27.0054 20.2803 1.0137 -0.0404948 
24.3595 14.9793 0.987849 0.0235614 
19.7454 2.52127 0.996256 0.0486227 
27.5079 4.57833 1.00406 0.0185513 
23.0882 11.9128 1.0091 0.0655021 
22.285 3.2091 0.981729 0.0138067 
16.4802 13.7985 1.01813 -0.0511742 
26.2147 21.5262 1.00946 -0.000192181 
24.9904 13.8182 0.988222 0.0421883 
17.9308 12.2869 0.990087 0.0171381 
26.4 16.6784 0.995429 -0.0242043 
15.1772 10.9264 0.98384 -0.0113825 
23.085 11.1224 0.978653 0.0470477 
20.6533 4.37259 1.02053 0.0795516 
19.4021 1.83606 0.989361 0.0361348 
18.7027 15.0997 0.989839 -0.00599423 
20.7138 16.6715 0.992902 -0.0164795 
17.0867 20.2474 0.992714 0.0477573 
19.6801 8.59383 0.998327 0.0613503 
23.9651 20.2092 0.991946 -0.0216095 
20.3478 8.96106 0.997505 0.0824673 
18.8529 13.8299 1.00511 0.0115139 
21.6971 9.67927 1.00123 0.0809065 
23.4458 18.214 1.00206 -0.0250146 
21.7759 19.0121 1.0125 0.00865848 
20.6798 17.4423 0.994229 -0.0151868 
24.5525 17.3067 0.990986 -0.0284293 
20.0846 3.15439 0.993934 0.0249906 
27.2727 13.4893 1.01464 0.0484666 
21.9402 16.0731 0.992994 -0.0088031 
14.9149 15.0728 0.967556 -0.0687292 
21.8714 13.5044 1.00823 0.0426604 
23.017 9.63746 1.01205 0.0733965 
18.2167 20.893 0.991458 0.0344405 
17.2024 14.9797 0.998271 -0.0133948 
25.4496 21.5241 1.01657 -0.00477893 
26.3268 15.9317 0.967016 -0.0233285 
27.9562 12.1854 0.990185 -0.0150192 
17.1903 9.77368 1.00003 0.0242686 
15.0143 12.451 0.995068 -0.0913223 
18.2885 1.16503 1.00601 0.0288095 
19.9979 17.7664 1.02094 -0.0125825 
24.473 16.52 0.998094 -0.029242 
19.3701 17.3575 1.0212 -0.0210543 
20.2103 15.1718 0.999455 -0.0486911 
24.8908 3.8378 1.00547 0.0245634 
21.1736 15.9211 0.987366 -0.0223023 
23.4364 2.49563 0.996625 -0.0419684 
18.7196 4.5505 0.993449 0.0747309 
26.062 1.82409 1.00472 0.0358311 
15.9453 17.0217 1.00724 -0.080281 
27.1119 10.9492 0.998789 0.0843229 
22.4459 20.2554 0.998493 0.0353756 
17.8181 9.30568 1.00493 0.0315452 
24.574 1.82893 0.996022 -0.00379709 
16.3865 21.5243 0.995729 0.0108703 
15.9914 8.33765 0.995284 0.0179542 
18.3057 8.16418 1.00508 0.0586184 
25.6625 7.76672 0.987012 0.0246013 
24.3351 19.5003 1.01127 -0.0326012 
26.7521 3.18408 1.00598 0.0401977 
22.282 7.1003 1.01016 0.0429352 
27.383 20.9114 0.999945 -0.000388296 
24.9798 14.5841 0.97211 0.0456876 
15.8144 6.49968 0.991868 -0.00688382 
25.914 10.3441 1.01576 -0.0180508 
15.3728 20.9023 0.951443 0.0253139 
22.6356 3.8653 0.989993 -0.00948418 
23.8344 16.174 0.999273 -0.0379797 
25.7701 9.06407 0.999043 0.0376552 
27.1938 12.2532 0.992525 0.0396998 
14.7398 4.81474 0.970962 0.0383144 
25.8324 20.8898 1.00628 -0.0322981 
20.1589 21.5339 1.00107 -0.00435176 
15.2462 9.41309 0.992978 0.0335936 
27.9619 1.17733 0.989012 -0.0286323 
20.9307 21.5331 1.00078 0.0113286 
27.7338 17.1636 0.966714 -0.0517426 
19.0389 2.50679 1.00498 0.0304902 
14.8261 4.03519 0.989197 0.0407127 
17.1373 17.6828 0.971655 0.0045297 
19.321 18.1066 1.02732 -0.0261642 
25.622 5.15303 1.02044 0.00342736 
23.9752 17.7441 0.985979 -0.00737124 
22.3745 0.499914 0.985945 0.0280512 
20.9247 20.2287 1.01103 0.0362038 
15.6332 20.2583 0.989027 0.0478995 
21.8735 5.20691 1.00905 0.0379486 
19.3354 20.3417 1.00444 0.0179077 
24.9288 2.5049 0.994921 -0.0511668 
14.8515 16.3498 1.02291 -0.040984 
14.8342 18.9081 1.01595 -0.0262883 
22.3775 10.0325 0.990631 0.0899852 
27.9392 2.52602 1.0196 -0.0282522 
26.3393 6.44168 1.00806 0.0824111 
15.5883 17.6603 1.02696 -0.0133547 
17.3799 18.3507 0.987058 0.0393412 
16.083 13.1973 1.01075 -0.0440503 
27.1906 17.6867 0.993641 -0.0148995 
19.7834 1.17285 0.979134 0.013051 
17.1997 10.5004 0.99898 0.0161077 
23.3832 5.15118 1.01633 0.0158251 
26.6553 18.2422 0.993254 -0.0342177 
14.169 13.7916 0.955464 -0.116729 
18.5235 10.333 1.0011 0.0453723 
17.545 1.1807 1.00125 0.028778 
27.1724 5.22802 1.01556 -0.00828556 
22.3012 7.80505 1.00519 0.058144 
21.6792 21.5256 0.995378 -0.00206752 
20.4904 15.8515 0.993329 -0.0361847 
15.701 7.23369 1.0039 -0.00411489 
17.4114 17.0049 1.01409 0.016106 
27.2034 1.16812 1.00053 -0.0288966 
18.58 19.1013 1.00424 0.0222504 
16.5276 10.1927 0.99345 0.0294079 
26.2617 14.4101 0.964089 0.0142775 
16.6196 5.47003 0.992478 0.0302924 
24.5981 0.486091 0.998307 -0.0559166 
15.9078 9.07929 0.987854 0.0495501 
25.0601 16.0901 0.994351 -0.0299602 
20.2732 13.9773 0.972777 0.0109549 
21.362 17.2292 0.994353 0.00213835 
27.083 6.44451 1.01585 0.0719478 
26.6432 19.6587 1.02278 -0.0334772 
20.9339 15.24 0.998327 -0.0315546 
17.9699 3.23157 0.986108 0.0131592 
23.8385 13.7471 1.01281 0.0398633 
15.2175 6.0319 0.981712 0.0117151 
20.8784 1.8442 0.984576 -0.00941781 
19.2849 13.0451 0.973121 0.0436408 
24.4563 11.8285 1.02998 0.0586951 
14.6509 8.9528 0.993781 0.0465487 
21.4211 14.7004 1.01685 0.00447546 
20.4582 10.5149 1.00134 0.0565356 
23.7554 5.82136 1.00788 0.0618615 
21.8344 11.9446 0.982469 0.107367 
23.8302 9.93013 0.989717 0.0563816 
25.0215 9.09627 0.979826 0.0348189 
18.351 7.48521 1.01134 0.0337097 
24.5302 3.16087 1.00255 0.0377857 
15.4313 4.54786 0.996804 0.0175841 
21.742 6.63151 0.992982 0.0644488 
20.4019 9.73768 0.999156 0.0695517 
18.679 3.1166 1.00312 0.0443275 
23.2711 16.6268 0.988107 -0.0499585 
25.9842 7.1068 1.01015 0.0713322 
21.2185 2.54253 0.988225 -0.001575 
18.1017 16.7426 1.0113 0.108506 
27.7681 21.531 1.0054 -0.0164083 
27.5931 15.7024 0.98535 -0.0550496 
22.3419 9.28139 0.995588 0.041833 
20.1568 0.493131 0.97866 0.00209682 
25.7296 16.3724 0.996954 -0.0466315 
23.9456 21.5284 1.00909 -0.00571152 
24.5466 18.1457 1.01839 -0.0301116 
24.4122 15.7351 0.994585 -0.000473232 
25.3369 0.491535 1.01081 0.0335795 
26.8592 14.7894 0.962778 0.0288787 
25.0008 12.3249 1.01853 0.0371822 
27.1218 3.8754 1.00766 0.0497516 
20.1759 20.3272 0.995239 0.032718 
19.0333 1.16032 0.989889 0.00204983 
20.5582 20.9143 1.00426 -0.00312674 
20.5971 12.7596 0.993217 0.0559947 
27.7337 9.59255 1.00202 0.0865789 
27.8514 3.90767 1.00029 -0.0209274 
14.4965 11.218 0.994347 -0.0259653 
25.2365 5.82297 0.992621 0.0142008 
14.5981 13.2227 0.986144 -0.069943 
23.5807 20.8849 1.00473 0.00833435 
20.3174 8.18565 1.01422 0.0763969 
18.275 2.49938 0.987227 0.0420014 
14.4988 19.5635 1.01573 0.0465429 
20.0037 13.2431 0.996407 0.0458871 
14.1689 4.32621 0.986374 0.0414493 
23.7856 3.15373 0.994919 -0.0291792 
15.7219 12.6109 0.989794 -0.0309676 
16.9796 16.4249 1.06493 -0.0932888 
25.9825 5.80627 1.00333 0.0252244 
20.0514 16.3888 0.981922 -0.032425 
22.3469 1.8525 0.984977 -0.0257821 
26.4515 12.2831 0.98352 0.0364321 
21.6404 5.9218 1.02185 0.0696808 
18.0692 13.7613 0.981269 0.00711967 
26.8386 8.37122 1.00229 0.046082 
18.1867 19.6574 1.01898 0.0401981 
16.3346 20.2798 0.971354 0.0572581 
22.6326 5.16046 1.01213 0.00838425 
18.7641 3.81171 0.99643 -0.0194055 
26.8402 12.9271 0.985115 0.0480324 
27.5628 0.503548 1.00008 0.00677135 
18.4548 6.78331 1.00373 0.0402439 
23.6202 19.5588 1.01051 -0.0369492 
22.6888 14.5082 1.01872 0.037141 
20.4855 19.6522 0.996398 0.0597912 
21.6296 7.42561 1.00942 0.0840803 
17.0181 7.41619 1.00332 0.0299188 
23.0356 3.17093 0.984454 -0.024641 
22.2905 8.54943 1.01009 0.0633351 
20.5226 1.1705 0.985435 -0.00501699 
24.247 11.1348 1.00441 0.0409067 
20.7848 3.28159 0.985761 0.0218348 
18.6579 1.85354 0.994859 0.0255724 
25.1386 13.0231 1.02085 0.0845454 
24.4989 7.14028 0.98016 0.0881798 
14.9396 1.87978 1.0137 0.0492258 
20.3404 7.40854 1.00883 0.0863182 
16.8874 14.3534 1.00969 -0.0319716 
27.7821 19.0326 1.03142 -0.0394267 
19.9588 18.4697 1.01048 -0.0146861 
21.1237 10.8579 1.00413 0.0493887 
17.6511 7.81061 1.01202 0.0340153 
23.1393 12.6529 0.987492 0.043773 
21.6148 1.86745 0.981764 0.0217799 
25.7064 1.15461 1.00431 0.00861669 
26.9328 15.4861 0.974458 -0.00782305 
20.1216 3.86229 1.02447 0.0436033 
19.1833 10.6432 0.989356 0.069812 
19.7669 20.9231 0.993047 0.0217098 
17.5022 3.7627 0.993122 0.0276498 
27.618 12.8439 1.01038 0.0721955 
23.5959 9.21518 1.00791 0.0761877 
14.0863 16.3127 1.03732 -0.0132234 
25.857 19.6357 1.01414 -0.0483575 
23.852 0.49183 0.997709 0.0241761 
19.2986 4.97326 1.00535 0.0440824 
19.8085 6.20479 0.998408 0.0850251 
21.0441 6.28633 1.00586 0.0585247 
17.3177 13.6554 0.98186 0.000143889 
24.1784 2.48935 1.01613 0.027592 
16.4423 0.507843 0.993778 0.00239936 
14.4474 16.9702 1.02834 0.0129525 
16.4828 15.0733 0.993491 -0.0781383 
17.1136 21.5284 0.989768 0.000155652 
24.4532 13.3655 0.998347 0.0448232 
22.4295 10.7769 0.987328 0.0360454 
26.5112 17.4433 1.00528 -0.0232038 
19.0346 19.6423 0.968777 0.0379217 
25.6383 3.84665 1.00619 0.0246148 
16.3223 7.71445 0.987642 0.0311971 
19.3913 3.33005 0.985125 0.0323898 
25.4523 20.2422 1.0182 -0.0406953 
17.0923 3.19522 0.99131 0.0259354 
21.2157 12.3618 0.995878 0.112604 
26.8096 1.84829 1.00563 0.0203597 
15.0948 6.76296 0.990771 -0.00378238 
14.8145 17.6217 1.05331 -0.053053 
22.8204 20.8886 0.994937 -0.0191753 
18.9653 20.9305 0.999211 0.0115698 
14.9704 0.513946 1.00853 0.011547 
20.5006 11.2749 0.997062 0.052135 
19.666 7.80511 1.00797 0.0551645 
25.2574 4.49401 1.00107 0.0607473 
15.7055 15.0727 0.976678 -0.0817261 
14.2897 12.6184 0.975548 -0.0702623 
22.3204 5.83024 1.01496 0.0447755 
25.6081 14.189 0.964256 0.0231226 
21.7968 11.1888 0.985251 0.095929 
16.0637 1.19722 1.00305 0.0411296 
25.6326 14.9035 0.982317 -0.000292844 
26.7633 4.53345 1.00085 0.0627332 
18.7474 17.0204 1.02746 0.00606859 
17.8537 21.528 0.988993 0.01438 
20.9823 8.55989 1.00577 0.0629686 
27.4802 3.20871 1.01622 -0.0109134 
14.1915 7.74659 0.99889 0.00738961 
15.6732 3.13694 0.989874 0.0575823 
27.9261 17.8515 1.02212 -0.0471843 
21.636 0.493426 0.987719 -0.00517304 
18.5821 11.8193 0.991608 0.0394711 
25.2799 3.1676 1.00141 0.0111288 
22.5536 13.7982 1.00207 0.0333896 
27.6136 5.97955 1.01118 0.0513265 
16.7923 13.153 1.0046 -0.0236635 
18.6649 16.316 0.934289 -0.0185434 
21.3869 4.62903 1.01059 0.0226357 
16.1371 4.21424 0.993759 0.0472909 
25.8107 17.1005 0.995791 -0.0305231 
21.1701 3.88994 0.978965 0.0064541 
19.8005 10.1919 0.998033 0.0432827 
27.3835 19.6376 1.01189 -0.0470712 
15.9621 19.6136 0.989307 0.00713004 
27.9106 5.31618 1.00762 0.00303493 
18.5489 11.0792 0.989828 0.0446648 
18.6 20.2614 0.98807 0.0546611 
27.5491 1.85504 1.01095 0.0127556 
23.7556 4.48414 0.983958 0.013854 
17.5356 2.57303 0.993788 0.0208819 
24.6818 9.78154 1.01622 0.0278671 
26.4054 7.73503 1.00147 0.0615711 
26.4574 1.15713 0.998822 -0.071153 
25.6372 11.0068 0.990658 0.0487289 
19.1515 9.86312 0.991493 0.0712976 
14.5956 20.8884 0.98425 0.0214493 
19.7186 7.00518 1.0066 0.0774686 
25.3041 11.6892 0.998138 0.0227712 
23.7818 12.245 1.00432 0.0433874 
22.9874 7.25445 0.999086 0.0500199 
16.7127 4.72284 1.0033 0.020388 
23.2578 18.9561 1.03135 -0.0391582 
20.9012 0.496711 0.988738 0.0295058 
17.8803 18.8993 0.986264 0.0691561 
17.6846 8.55281 1.00941 0.0076175 
15.5684 18.9461 1.0131 0.00539215 
17.8319 6.35761 0.988713 0.071895 
22.9757 8.8665 0.962154 0.0567179 
16.0251 4.99595 0.997644 0.044701 
15.6849 1.86121 0.997959 0.0142667 
21.9968 1.17118 0.973565 -0.0243866 
23.2492 14.1166 0.997378 0.0342782 
21.2862 13.1074 1.00309 0.0636046 
17.8751 10.7927 0.998504 0.0133659 
16.512 12.4387 0.98684 -0.00489968 
14.6167 5.56277 0.976973 0.0461198 
22.2063 4.53914 1.00557 0.0415288 
17.1705 1.88024 0.997127 0.0339246 
26.1156 12.9459 0.969683 0.0556392 
19.879 14.5413 0.972338 -0.00509599 
23.1098 0.49156 0.985578 -0.0359673 
27.8953 7.58951 1.00656 0.00563087 
19.3626 16.5583 0.982898 -0.0292987 
15.9356 18.3149 1.05288 -0.0037959 
18.6679 0.501647 0.994816 0.0229677 
17.5307 15.5838 0.932791 0.0278775 
18.5366 6.05282 0.98927 0.0153468 
24.1256 5.15356 0.99765 0.0193944 
14.2171 3.43782 0.998737 0.0169243 
16.6786 20.8887 1.0027 0.0234721 
19.2724 18.8776 1.02078 0.0388527 
19.9208 19.1511 1.01441 0.0358688 
24.9594 1.16905 0.988792 -0.0506965 
23.7822 13.0032 0.983804 0.0403289 
15.8904 11.9583 0.980311 -0.0144152 
14.58 9.71827 0.996012 0.0440477 
15.6953 21.5217 0.995742 -0.00768869 
24.3446 14.2281 1.00277 0.0301755 
24.6944 20.2125 1.01271 -0.0387196 
21.0733 10.0911 0.999324 0.0597144 
20.6349 18.1818 1.00736 0.00880917 
16.5518 8.72061 1.00006 0.0216585 
19.7328 19.7889 1.01029 0.0125231 
27.4235 10.2662 0.99645 0.00837455 
14.5417 14.4426 0.952554 -0.121159 
23.3924 3.83191 0.999042 -0.0172481 
25.6752 2.49893 0.997161 -0.000548812 
16.7045 19.6259 0.972066 0.0616788 
15.5372 3.82389 0.997418 0.00738269 
16.413 6.97037 0.993839 0.0289776 
20.3882 6.64139 1.00811 0.0800923 
16.5267 10.926 0.993981 0.0304464 
16.5611 11.6596 0.984374 -0.0191486 
24.3911 12.6402 0.992123 0.0242914 
22.6923 2.51945 0.992436 -0.0210567 
19.38 21.5373 0.998067 0.00405996 
23.7387 8.49603 1.00916 0.0600514 
24.5066 4.49137 1.00659 0.0575917 
18.4931 9.57996 1.00005 0.0474486 
26.9789 9.64788 0.995949 0.071283 
15.206 17.0071 1.03928 -0.0751827 
18.4102 8.85367 1.0267 0.0452317 
21.1701 11.611 0.991649 0.0907658 
17.8609 13.0503 0.95294 0.0168065 
23.0683 10.349 0.989394 0.0764026 
24.3218 20.8672 0.998222 0.000766055 
25.7082 12.3604 1.00043 0.00252871 
16.3153 18.9732 1.0368 -0.0232245 
23.2259 20.2492 1.00007 -0.00450322 
25.0692 20.8776 1.01251 0.00713404 
17.2213 5.9328 0.991988 0.0569886 
23.9061 16.9672 0.994203 -0.0333471 
22.6975 17.0655 1.00055 -0.0132019 
25.4911 19.0085 0.995307 -0.0294091 
15.8515 11.2588 0.994712 -0.000703596 
24.7426 18.8793 1.0045 -0.0387247 
19.2138 11.4072 0.991793 0.0599964 
21.146 5.41028 1.00393 0.0723633 
22.4328 21.5231 0.99679 0.00169802 
19.7462 15.7691 0.994717 -0.0452527 
26.2987 19.0456 1.0126 -0.00872077 
18.0321 18.1409 1.01602 0.107972 
26.9906 21.5341 1.00742 -0.00543248 
24.8524 6.47876 0.996884 0.0357269 
17.4487 20.8928 0.99468 0.0327017 
22.6964 17.7735 1.01252 -0.00283364 
26.7212 7.07807 1.00731 0.0413335 
16.1175 14.4448 0.981124 -0.0974572 
25.8959 17.7968 1.01865 -0.0214727 
21.9609 14.2279 1.03006 0.0311996 
24.1151 6.46581 0.999006 0.0491924 
14.2448 0.516528 1.00876 0.0168332 
25.2505 18.3098 1.01669 0.00135131 
17.3179 5.18909 1.01187 0.0446824 
23.3466 6.50114 0.991707 0.0379015 
16.5177 6.22376 1.00575 0.030933 
14.9596 21.5373 0.975066 0.00793253 
25.0751 19.5949 1.00434 -0.0428312 
21.0222 7.02962 1.00571 0.0599657 
20.6013 18.9463 1.04881 0.0465648 
27.5309 14.9224 0.964588 -0.075068 
19.8383 10.9707 0.992396 0.037471 
19.9471 4.63247 0.991729 0.0712163 
22.478 19.0593 1.01514 -0.000229408 
16.9906 8.16733 1.01396 0.0467301 
16.3554 3.36236 0.996942 0.0428391 
23.1672 13.394 1.00085 0.0315667 
22.0404 16.8344 0.993961 -0.00751773 
25.156 10.4079 0.998534 0.0192394 
15.7047 0.503921 1.0091 -0.00968748 
14.9494 3.29119 1.00473 0.0502331 
18.6195 12.5414 0.992305 0.0407647 
26.9443 14.1111 1.01403 0.0509709 
23.8297 1.81161 1.00455 0.0163583 
14.905 7.46102 1.01207 -0.00801467 
15.2907 2.53107 0.994196 0.0290827 
14.4956 6.29056 0.977756 0.0377004 
22.0157 17.569 0.996456 -0.0345919 
23.6954 14.6573 1.00858 0.00737964 
14.9058 20.2397 0.997788 0.0133856 
22.6089 16.327 0.981701 -0.0217138 
21.2315 13.9804 0.999913 0.0654647 
24.2184 1.15056 1.00613 0.0141755 
27.5965 8.2956 0.997401 0.0806095 
27.0687 16.9388 0.98399 -0.0419093 
17.4086 4.46862 0.995772 0.0514844 
15.7122 13.8306 0.978473 -0.0648983 
22.6101 6.48021 1.00479 0.0254591 
19.2148 5.76108 0.991567 0.0611481 
24.876 5.15747 1.01015 0.0381602 
26.2282 20.2679 1.00544 -0.0354737 
19.8712 11.7353 0.991131 0.0522629 
17.7279 7.08378 0.999789 0.0455857 
19.0928 9.05735 1.01801 0.0800296 
24.9215 7.80338 1.01084 0.0385592 
20.5005 2.53317 0.980396 0.00230768 
26.53 9.02962 1.01294 0.0294994 
19.45 15.1246 0.976991 -0.0173023 
19.4107 4.14118 1.02665 0.0557259 
20.4855 5.84249 0.991273 0.0569294 
19.5594 13.8275 0.984916 -0.0181073 
19.9028 12.5057 0.990154 0.0651629 
19.0204 8.22184 1.00714 0.0590489 
19.7423 9.39919 0.993435 0.0496743 
23.1697 15.8588 1.002 -0.0253477 
23.1907 21.526 1.00313 -0.0307179 
18.6009 21.5428 0.994839 0.00998689 
18.6763 17.7156 1.00331 0.00480944 
18.0264 4.86603 0.998393 0.0259232 
17.2691 12.6554 0.985922 -0.0227522 
17.1798 0.503469 1.00079 -0.00233641 
17.9043 1.85935 0.987931 0.00414805 
16.6743 17.063 1.00552 -0.0906344 
18.5609 13.2153 0.951497 0.0282176 
17.2129 11.223 0.994982 -0.00763567 
15.3339 14.4588 0.965624 -0.118918 
14.955 13.845 0.990797 -0.056527 
14.5168 15.7207 1.02558 -0.037407 
14.4417 11.9339 0.990408 -0.0309749 
27.1477 7.69341 0.987356 0.0240465 
26.987 16.2109 0.976816 -0.0392435 
26.0117 4.50734 1.00385 0.0732258 
15.3152 13.1938 0.96819 -0.0925494 
14.2177 21.5248 0.977492 -0.0151301 
14.1509 15.0858 1.01735 -0.0619138 
14.0946 18.9228 1.00015 0.0362169 
14.0656 8.4967 0.998262 0.0390196 
