779 7.10449 1.01116 0.460353 0.021321 0.47 
3 12.713 13.9822 0.443933 0.0110761 0.47 
846 2.77025 4.24966 0.645971 -0.0349524 0.47 
1138 9.25258 11.1023 0.660952 -0.00849074 0.47 
1740 7.89267 7.72996 0.673348 -0.00211494 0.47 
1389 8.64144 12.2522 0.610736 -0.0263635 0.47 
1871 6.57331 11.5062 0.623456 -0.0269695 0.47 
1605 5.26869 7.30694 0.671551 -0.0164288 0.47 
117 5.26843 12.7985 0.581978 -0.0119346 0.47 
213 12.0994 10.4459 0.649663 -0.00641135 0.47 
828 9.32468 11.785 0.63156 -0.0114175 0.47 
2336 11.3273 7.75919 0.68687 -0.00358715 0.47 
2272 3.25723 7.78673 0.681957 -0.0167848 0.47 
1785 7.44832 11.2984 0.630494 -0.00915257 0.47 
28 9.82623 0.591168 0.355714 0.0106922 0.47 
671 8.37998 4.93325 0.674652 0.00210091 0.47 
793 3.83853 14.0285 0.432364 -0.00695568 0.47 
1804 5.77025 10.501 0.64805 -0.0113672 0.47 
40 11.2468 1.02166 0.48388 -0.012183 0.47 
104 6.17304 10.5356 0.651928 -0.0267703 0.47 
44 12.1814 2.11564 0.587298 -0.011427 0.47 
2294 4.88569 1.35982 0.490684 -0.0255527 0.47 
2490 8.14886 3.66642 0.673655 0.0234398 0.47 
996 2.10745 14.7678 0.32051 -0.0119431 0.47 
1099 2.34189 3.51252 0.649601 -0.031752 0.47 
808 7.99504 2.54977 0.586214 0.00447116 0.47 
1319 11.335 8.21228 0.683311 -0.0106032 0.47 
55 12.8691 2.4024 0.592184 -0.0093428 0.47 
2095 4.9159 7.68857 0.667926 -0.0199766 0.47 
1610 12.1145 6.52316 0.687509 -0.0121238 0.47 
1503 7.51443 9.814 0.663217 -0.00685911 0.47 
859 6.24782 1.01972 0.463738 0.0120866 0.47 
1027 9.61631 5.59455 0.67975 0.00384469 0.47 
1508 2.7319 12.7793 0.567654 0.0232484 0.47 
216 8.91973 10.4379 0.660308 -0.00586511 0.47 
1404 10.8425 9.73149 0.664748 -0.00178169 0.47 
1046 11.2309 6.65119 0.680603 -0.00510591 0.47 
2302 2.16598 9.12965 0.689651 -0.0287395 0.47 
449 10.0394 6.68109 0.675456 0.00248872 0.47 
2060 8.49505 7.06889 0.673943 -0.00167542 0.47 
312 11.856 10.8237 0.645665 -0.00146302 0.47 
2287 6.81509 8.33917 0.668482 -0.00814642 0.47 
1591 10.7439 7.22295 0.684046 -0.00210123 0.47 
88 7.6355 0.616185 0.402715 0.00776805 0.47 
330 2.61251 13.6147 0.520283 -0.0115443 0.47 
1623 7.50994 10.225 0.66464 -0.0113122 0.47 
2407 2.30778 7.13546 0.680116 -0.0252154 0.47 
1985 6.85424 12.6139 0.571351 0.00348896 0.47 
96 10.203 14.009 0.456715 0.00420582 0.47 
98 11.6133 1.32429 0.520681 -0.0168462 0.47 
101 13.641 2.96078 0.627553 -0.0328293 0.47 
1282 12.1238 7.26148 0.689898 -0.0136614 0.47 
1226 3.96139 9.53787 0.665249 -0.00296662 0.47 
834 3.56009 8.06769 0.681984 -0.012701 0.47 
1295 11.486 9.08963 0.673387 -0.0154544 0.47 
2479 3.36917 0.609844 0.404374 -0.0311444 0.47 
63 2.82667 11.6305 0.637285 -0.00550186 0.47 
116 12.5858 2.10889 0.586956 -0.00920253 0.47 
118 11.0804 2.22041 0.596502 -0.000362971 0.47 
639 2.62666 8.16522 0.690837 -0.0189872 0.47 
125 9.9299 1.38039 0.530945 0.0059402 0.47 
182 6.3721 7.08369 0.676003 -0.00956793 0.47 
2374 6.36333 9.40659 0.66522 -0.0152906 0.47 
1339 5.313 1.41302 0.49013 -0.0218799 0.47 
1969 6.11249 8.58755 0.665374 -0.012798 0.47 
135 12.0701 1.334 0.524473 -0.0243834 0.47 
1771 2.59789 9.71783 0.659724 -0.0144579 0.47 
1838 6.25783 8.99846 0.664317 -0.0137906 0.47 
2361 3.8386 3.30155 0.635087 -0.00646156 0.47 
2030 5.67924 8.51574 0.66459 -0.0133341 0.47 
1115 7.96613 11.9351 0.600202 0.0204744 0.47 
2279 12.3047 10.778 0.639697 -0.00186042 0.47 
1916 5.18924 6.09426 0.679014 -0.0101968 0.47 
1317 13.0673 9.17222 0.677428 -0.0204959 0.47 
361 4.85101 4.8714 0.661475 -0.00400534 0.47 
2215 6.11083 7.44559 0.672516 -0.0102609 0.47 
1400 5.82795 8.92169 0.664173 -0.0133051 0.47 
402 13.3356 8.8715 0.690481 -0.00942539 0.47 
161 8.43979 14.398 0.365973 -0.0235616 0.47 
277 4.18285 5.90967 0.661057 -0.0198849 0.47 
438 4.94568 11.2665 0.62126 -0.00415415 0.47 
1629 12.4011 9.31103 0.656055 0.000190385 0.47 
2418 11.75 3.76847 0.636201 -0.00103531 0.47 
2390 10.9693 8.01488 0.680382 -0.00724062 0.47 
170 13.2462 9.95421 0.659861 -0.0111502 0.47 
171 5.79661 0.212153 0.266436 -0.00480901 0.47 
1686 3.85087 6.72366 0.671347 -0.0236439 0.47 
176 13.317 12.4317 0.604104 -0.0236915 0.47 
1276 5.21851 14.3757 0.353478 -0.000791487 0.47 
2109 11.2505 10.5075 0.656316 0.000463304 0.47 
183 10.6671 0.596042 0.344297 -0.00381507 0.47 
457 11.2933 7.34664 0.694324 -0.00238048 0.47 
2436 13.4719 8.46814 0.687696 -0.00189129 0.47 
208 7.55371 9.33444 0.665333 -0.00733609 0.47 
142 9.24585 12.865 0.531665 -0.0166168 0.47 
194 13.6644 10.5345 0.657492 -0.0213868 0.47 
2182 4.89726 12.0487 0.611766 -0.00753645 0.47 
2468 9.71097 4.52635 0.682653 0.00983827 0.47 
585 3.69009 0.207192 0.257854 0.00359853 0.47 
298 4.56625 0.55523 0.34882 -0.00339781 0.47 
207 11.8803 13.9823 0.431212 0.0189383 0.47 
1877 9.66867 6.01386 0.681528 0.00187686 0.47 
2033 2.21798 1.31745 0.483817 -0.00641527 0.47 
134 5.20192 2.92899 0.612057 0.0102819 0.47 
1583 8.21128 12.3451 0.604428 -0.0324651 0.47 
224 12.8197 2.80984 0.614668 -0.0123991 0.47 
225 7.61093 0.216438 0.279962 0.00265477 0.47 
227 12.9461 13.17 0.493939 -0.0119418 0.47 
993 10.1682 10.9184 0.654169 -0.0018301 0.47 
841 11.7024 11.6829 0.637774 0.00431535 0.47 
1876 2.13524 9.52409 0.661928 -0.0308687 0.47 
494 2.11948 7.50434 0.683814 -0.021365 0.47 
2519 6.6629 7.91267 0.670588 -0.00751386 0.47 
1487 3.33361 9.17437 0.677961 -0.0112503 0.47 
241 12.2174 0.202083 0.232376 -0.00508398 0.47 
242 11.6964 0.947609 0.468357 -0.0276221 0.47 
2481 7.12101 10.1665 0.656404 0.0126488 0.47 
2067 5.3542 2.53905 0.612048 0.0139971 0.47 
1463 7.51072 12.0316 0.593115 0.0117743 0.47 
251 8.37277 14.7922 0.260301 -0.0170622 0.47 
1170 2.33405 4.23536 0.647414 -0.0328754 0.47 
254 8.08379 13.9541 0.442324 -0.0231443 0.47 
1398 3.37726 10.3013 0.647717 -0.0131424 0.47 
917 8.39541 3.35943 0.654704 0.0111486 0.47 
1216 5.86476 12.3555 0.595099 -0.0141414 0.47 
1222 5.7615 11.9419 0.620996 -0.0119233 0.47 
1733 8.7219 9.67881 0.662412 -0.0047346 0.47 
1763 7.01806 12.1707 0.579477 0.0043751 0.47 
6 2.69522 6.3622 0.668468 -0.0230366 0.47 
2074 6.82534 14.0266 0.4033 0.00787822 0.47 
612 3.65772 5.19193 0.652967 -0.0210789 0.47 
2423 7.75873 7.26114 0.671909 0.00224012 0.47 
577 2.91742 9.10297 0.680268 -0.0153651 0.47 
959 4.52301 5.10539 0.661165 -0.00588831 0.47 
289 8.99298 0.656692 0.390583 -0.0193916 0.47 
2505 8.64517 4.27036 0.680787 0.00814907 0.47 
291 6.30057 0.220717 0.292051 0.00108957 0.47 
707 11.0845 7.00617 0.689682 0.00175788 0.47 
295 9.23197 14.4159 0.344238 -0.0210922 0.47 
2347 3.20611 0.218032 0.291344 -0.00644923 0.47 
1774 4.99451 8.80288 0.661393 -0.0093955 0.47 
659 8.41887 13.6123 0.480312 -0.0367798 0.47 
997 3.72127 7.13568 0.672102 -0.0252992 0.47 
1790 4.69143 11.6899 0.616814 -0.00318346 0.47 
1288 8.88543 6.03272 0.677056 -0.00134485 0.47 
583 7.78626 12.3387 0.590859 0.0118162 0.47 
1006 6.62339 5.51508 0.673021 -0.00789132 0.47 
1664 3.22709 10.7279 0.630777 -0.00994569 0.47 
321 13.2397 3.46563 0.635592 -0.0340201 0.47 
703 2.30018 7.89781 0.696385 -0.0277308 0.47 
1134 5.67986 1.82554 0.555364 -0.000706806 0.47 
328 13.5429 13.9754 0.45771 -0.00276464 0.47 
329 8.82268 14.4307 0.3581 -0.0261561 0.47 
332 12.9556 11.5523 0.630633 -0.0190427 0.47 
375 10.5777 2.82208 0.600823 -0.00904489 0.47 
551 4.6712 14.0095 0.421153 -0.0176146 0.47 
1437 6.65405 6.77037 0.676792 -0.0101427 0.47 
855 10.6497 8.27397 0.677022 -0.00973597 0.47 
905 9.57624 8.82652 0.672823 -0.00573515 0.47 
1886 6.82468 3.80019 0.682871 0.015949 0.47 
617 10.3094 6.98653 0.688789 -0.00816468 0.47 
2286 8.21997 10.377 0.661631 0.0041756 0.47 
1906 5.56569 5.97803 0.677895 -0.0115832 0.47 
542 4.07105 10.6635 0.632113 -0.00945991 0.47 
215 3.23165 1.75711 0.542983 -0.0176357 0.47 
2127 8.09334 10.8063 0.646637 0.00438685 0.47 
2080 11.2463 12.0052 0.611453 0.013465 0.47 
381 13.7543 4.98626 0.661559 -0.0313207 0.47 
47 6.23067 6.63439 0.67618 -0.00860969 0.47 
1660 8.1951 1.76469 0.54268 0.00272858 0.47 
2038 12.1904 3.96543 0.649905 -0.0168221 0.47 
59 9.13494 8.86003 0.671598 -0.00599755 0.47 
1519 12.9181 6.61737 0.67868 -0.00558665 0.47 
172 6.70807 13.1528 0.546148 0.0141816 0.47 
1571 5.01762 4.47623 0.659149 -0.00123591 0.47 
408 10.051 12.845 0.558391 -0.00729234 0.47 
2311 12.9649 6.2043 0.680283 -0.0120659 0.47 
323 2.21687 3.11906 0.627055 -0.0194403 0.47 
415 9.98852 13.24 0.499819 -0.00976605 0.47 
762 6.6928 9.07426 0.665425 -0.00891372 0.47 
1974 5.58283 2.22708 0.591143 0.00125763 0.47 
422 12.3579 0.588845 0.412068 -0.0309147 0.47 
426 9.5312 1.42398 0.532122 -0.0072562 0.47 
189 5.67375 7.35237 0.671947 -0.0134957 0.47 
428 12.3807 2.89869 0.61288 -0.00776052 0.47 
429 13.2164 1.77964 0.546207 -0.0289448 0.47 
431 7.06203 14.7878 0.246971 0.0234276 0.47 
962 10.2809 11.3193 0.656797 -0.000615232 0.47 
2381 8.85144 3.49093 0.663679 0.00580385 0.47 
2076 6.98787 6.3205 0.674242 0.00166636 0.47 
2084 3.88378 11.0424 0.625567 -0.0124943 0.47 
439 12.54 12.7574 0.594609 -0.0124728 0.47 
1131 4.09541 5.1713 0.654321 -0.0165318 0.47 
443 13.8511 12.7436 0.560245 -0.0128207 0.47 
444 13.1106 0.215879 0.260635 0.00403515 0.47 
1388 13.4066 5.59951 0.69396 -0.0244185 0.47 
447 9.28848 13.6306 0.488563 -0.0150314 0.47 
452 13.8374 5.41311 0.684813 -0.0222997 0.47 
625 3.5759 6.35597 0.666982 -0.0260191 0.47 
7 3.04989 3.99351 0.645286 -0.0322613 0.47 
1218 9.52217 3.02978 0.607699 -0.0204582 0.47 
460 9.59683 0.218124 0.299892 0.00678998 0.47 
465 13.8679 13.5499 0.484743 -0.0203037 0.47 
2320 7.99104 12.727 0.611166 -0.0176477 0.47 
1189 9.84112 9.15524 0.672888 -0.00875896 0.47 
385 12.8363 9.91221 0.660027 -0.0163088 0.47 
1009 9.31189 10.6807 0.663885 -0.0116837 0.47 
995 9.3124 10.2874 0.66128 -0.012043 0.47 
480 11.7425 2.73709 0.596877 -0.0158267 0.47 
1386 6.8065 7.17102 0.675018 -0.00700555 0.47 
1482 6.50382 1.81689 0.544851 0.020468 0.47 
487 12.536 14.7821 0.265322 0.00152823 0.47 
488 13.7398 11.3044 0.62656 -0.0289607 0.47 
489 11.0907 0.619 0.357822 -0.00232899 0.47 
2040 8.75318 5.171 0.674662 0.00198129 0.47 
683 5.18655 4.08468 0.657802 0.00201272 0.47 
689 11.1771 11.2321 0.650836 0.00991015 0.47 
535 2.15917 10.5731 0.649018 -0.0168041 0.47 
1308 3.54666 14.4173 0.418364 0.0162692 0.47 
787 3.83356 2.14323 0.610064 -0.0105483 0.47 
715 8.61255 7.43585 0.674108 -0.00182769 0.47 
1844 4.09202 9.92439 0.666587 -0.00449579 0.47 
1359 5.45944 4.45198 0.662879 -0.00831571 0.47 
739 2.89124 5.99499 0.660647 -0.0258242 0.47 
2077 2.48436 10.1987 0.653384 -0.0246963 0.47 
2434 9.64773 9.5243 0.67025 -0.00878486 0.47 
1827 7.33288 10.5927 0.654541 -0.0123491 0.47 
522 13.9612 14.3652 0.367115 -0.013139 0.47 
523 13.6872 2.56399 0.626142 -0.0267212 0.47 
526 13.2222 0.608733 0.397934 -0.00224443 0.47 
527 9.36966 14.0215 0.461188 -0.0090844 0.47 
1937 4.34792 5.52097 0.659691 -0.0180882 0.47 
1741 8.17126 11.5115 0.610686 0.0162293 0.47 
1058 5.95731 7.04791 0.675245 -0.00951891 0.47 
632 12.4396 7.73612 0.691432 -0.0108018 0.47 
1832 12.0829 11.1656 0.644689 0.00116433 0.47 
1529 2.2515 6.39539 0.667775 -0.0226512 0.47 
2011 4.14638 0.569866 0.385597 0.0144034 0.47 
540 13.9326 9.39368 0.666191 -0.0100784 0.47 
2392 5.82723 5.47146 0.664183 -0.00267778 0.47 
390 10.1179 9.46398 0.670773 -0.00776064 0.47 
544 8.83414 14.8119 0.240087 -0.00843685 0.47 
2098 7.32023 12.427 0.583353 0.00756119 0.47 
763 3.63329 1.76626 0.561047 -0.00240848 0.47 
553 8.82123 0.25994 0.292764 -0.000906578 0.47 
304 5.20293 10.8522 0.617374 -0.00571008 0.47 
341 9.84383 4.94627 0.681709 0.010138 0.47 
820 9.69888 6.90998 0.671837 -0.00385213 0.47 
2143 6.90059 4.99826 0.663032 0.00963058 0.47 
562 8.06119 14.3658 0.363453 -0.0140018 0.47 
1858 5.46551 12.3698 0.593274 -0.0170506 0.47 
2044 3.2729 3.66087 0.640416 -0.0313467 0.47 
1812 4.07155 4.43627 0.654754 -0.00190878 0.47 
572 13.3647 1.38869 0.509583 -0.0278096 0.47 
1450 4.02553 12.1403 0.607372 -0.00579601 0.47 
1413 2.79558 5.2333 0.653962 -0.0230083 0.47 
578 11.404 14.4107 0.323209 0.0287782 0.47 
1943 2.55115 8.91187 0.686905 -0.0209577 0.47 
30 12.1979 6.11196 0.687494 -0.0144779 0.47 
2122 5.93539 2.64463 0.61197 0.0180825 0.47 
1870 2.62548 5.63125 0.656375 -0.0247393 0.47 
786 11.0327 2.94398 0.606551 -0.00276588 0.47 
602 11.6234 12.1262 0.618676 -0.00405922 0.47 
1773 9.91111 9.84919 0.667728 -0.00727677 0.47 
2205 10.8333 12.0116 0.614392 0.0182661 0.47 
1996 3.4841 5.58325 0.657377 -0.0233504 0.47 
214 5.08859 8.08327 0.672813 -0.0188596 0.47 
1185 9.35694 12.4649 0.618977 -0.011937 0.47 
446 7.47685 6.94951 0.675609 5.35308e-05 0.47 
621 13.7402 6.28316 0.676559 -0.0121834 0.47 
345 9.33042 8.47076 0.674413 -0.00526962 0.47 
2183 9.77647 12.4103 0.621023 0.00177083 0.47 
1362 3.19408 8.78264 0.683768 -0.0118371 0.47 
2520 13.4005 4.72247 0.6667 -0.033739 0.47 
608 6.40698 3.86665 0.681547 0.00241596 0.47 
1703 7.38403 8.88641 0.667125 -0.00696882 0.47 
638 12.8191 1.80168 0.549629 -0.033777 0.47 
642 13.1404 12.0698 0.619195 -0.0323431 0.47 
1640 11.4328 10.1218 0.656318 -0.0035615 0.47 
727 6.05246 10.9234 0.613473 -0.0350775 0.47 
1416 12.575 8.58912 0.675419 0.000176808 0.47 
607 2.50595 14.7862 0.316891 -0.0112955 0.47 
651 12.7722 11.9429 0.618244 -0.0204029 0.47 
894 6.76769 2.61144 0.598333 0.0263256 0.47 
2355 8.72519 4.70511 0.678034 0.00495711 0.47 
1202 6.40936 2.21901 0.577644 0.0229934 0.47 
1399 10.7067 6.80887 0.69394 -0.00355344 0.47 
51 4.48779 7.43967 0.669528 -0.028115 0.47 
2129 9.39409 4.2085 0.680068 0.00507234 0.47 
1037 6.16716 4.75239 0.664305 -0.00955738 0.47 
1921 5.12182 5.23762 0.667364 -0.00802206 0.47 
2495 4.96313 0.961258 0.441201 -0.0388302 0.47 
1123 6.16591 1.42241 0.497695 0.0107581 0.47 
675 11.1656 1.43335 0.530109 -0.00426675 0.47 
1103 3.54455 1.37209 0.477495 0.00367048 0.47 
1915 4.35836 8.6185 0.676053 -0.0204189 0.47 
681 10.3753 1.74276 0.581453 -0.00457489 0.47 
533 9.71441 10.2641 0.662315 -0.00957938 0.47 
684 13.7933 4.56631 0.665467 -0.0355519 0.47 
2255 6.5867 1.41466 0.502284 0.0203621 0.47 
686 12.52 3.75043 0.640026 -0.0254923 0.47 
2424 7.11708 9.20427 0.666292 -0.0069074 0.47 
633 8.88763 6.9109 0.674693 -0.00130865 0.47 
1934 4.03254 8.84405 0.682723 -0.0111987 0.47 
159 8.5182 6.24909 0.675904 -0.00119185 0.47 
695 13.7535 3.75188 0.648597 -0.0353987 0.47 
1060 2.54208 7.5257 0.685077 -0.0294275 0.47 
700 13.3668 3.86776 0.6521 -0.036968 0.47 
701 13.8706 10.9176 0.64343 -0.0211372 0.47 
1504 5.75014 4.81884 0.66132 -0.0157309 0.47 
594 7.27658 4.77906 0.668967 0.0137193 0.47 
712 9.66137 14.3991 0.317489 -0.00956673 0.47 
714 10.2417 0.573312 0.341907 0.00531262 0.47 
576 3.64052 10.6836 0.630437 -0.0142098 0.47 
283 6.08209 5.164 0.652732 -0.013223 0.47 
672 9.01613 9.98774 0.659339 -0.00706296 0.47 
1768 5.04181 5.71779 0.664739 -0.00495106 0.47 
122 2.36703 0.952257 0.463324 -0.0143876 0.47 
1616 5.80819 3.6181 0.628197 0.0051843 0.47 
670 10.3449 3.12704 0.598714 -0.01702 0.47 
384 10.8808 11.6133 0.647281 0.0178944 0.47 
2046 3.9965 6.31285 0.667398 -0.0221512 0.47 
2504 11.5012 5.04598 0.678832 -0.0156896 0.47 
219 5.43246 0.606195 0.395483 -0.0337358 0.47 
72 4.36681 14.3983 0.39057 -0.00549352 0.47 
994 3.85455 4.81408 0.649695 -0.0168567 0.47 
2500 3.77348 13.2679 0.549825 0.00115285 0.47 
824 4.08216 11.3905 0.624707 -0.009557 0.47 
903 2.02694 4.98116 0.657526 -0.0359443 0.47 
1890 11.4301 5.88067 0.684612 -0.00792153 0.47 
73 10.517 4.66658 0.678619 0.00438366 0.47 
1902 2.6006 14.0206 0.443726 -0.00693894 0.47 
79 6.99083 7.59094 0.669754 -0.00542126 0.47 
379 2.32459 5.32526 0.658367 -0.0321479 0.47 
759 11.7573 0.20218 0.252245 0.012428 0.47 
1436 6.992 5.41476 0.675507 0.00643064 0.47 
1547 9.76312 8.44775 0.675585 -0.0057876 0.47 
898 6.99798 11.3789 0.635906 -0.00955513 0.47 
2075 9.94515 5.35647 0.682473 0.00884424 0.47 
1373 11.0835 9.34437 0.673872 -0.00667745 0.47 
983 7.46396 7.57582 0.671249 0.00428688 0.47 
803 3.08356 8.19389 0.685027 -0.0193943 0.47 
1101 3.62034 8.79848 0.682355 -0.0113832 0.47 
1456 3.17129 4.43807 0.64314 -0.0251222 0.47 
778 10.8814 0.223078 0.277006 0.00479775 0.47 
516 10.3823 10.5139 0.657769 0.00363596 0.47 
437 5.68166 12.7261 0.582321 -0.0168371 0.47 
2467 3.68957 7.64795 0.678306 -0.0141411 0.47 
1882 7.89123 9.65297 0.662288 -0.00578155 0.47 
788 12.9912 4.03499 0.659522 -0.0256911 0.47 
2249 6.57659 12.326 0.578508 -0.010244 0.47 
2312 6.26876 6.1087 0.674561 -0.00985687 0.47 
1533 10.112 4.64768 0.680222 0.0080239 0.47 
2365 7.73001 5.85629 0.675 0.00319983 0.47 
804 12.9459 1.40302 0.512378 -0.0332916 0.47 
197 9.94305 10.5823 0.655988 -0.00435198 0.47 
1261 7.18052 10.9745 0.630297 -0.0145515 0.47 
810 10.6239 14.0108 0.444473 0.000313309 0.47 
812 10.0962 14.4045 0.305491 -0.00857928 0.47 
616 10.2125 8.42857 0.678665 -0.00955486 0.47 
74 2.11306 12.0486 0.644208 -0.00563411 0.47 
816 13.6823 6.71703 0.677652 -0.0100956 0.47 
1778 11.46 4.20061 0.662287 -0.020768 0.47 
596 6.8121 13.6141 0.506743 0.00064646 0.47 
1127 9.81904 2.26343 0.574789 -0.0255169 0.47 
1018 4.85493 1.76559 0.577748 -0.010028 0.47 
952 4.92591 2.55036 0.611956 0.00495728 0.47 
827 13.9074 8.35724 0.68703 -0.000436896 0.47 
1712 7.17244 9.63076 0.66442 -0.00541466 0.47 
1744 7.00691 5.85798 0.674267 0.00463992 0.47 
1718 5.3792 3.68319 0.631767 0.00687286 0.47 
1614 10.3332 5.50804 0.684116 0.0031603 0.47 
403 9.92425 3.06659 0.604754 -0.0158547 0.47 
850 12.2728 14.3925 0.367935 0.0176954 0.47 
822 10.9517 3.59844 0.610527 -0.0110222 0.47 
989 2.20847 13.5465 0.51131 0.0134351 0.47 
2399 11.3352 6.27112 0.686625 -0.00548036 0.47 
2105 5.09497 13.9936 0.42006 -0.0155002 0.47 
1631 7.87957 3.34406 0.671752 0.0204134 0.47 
2039 5.42475 5.58516 0.663533 -0.00878943 0.47 
2299 8.28731 1.3743 0.488765 -0.00487843 0.47 
864 11.6994 3.35698 0.616688 -0.00305899 0.47 
2116 8.47656 5.82611 0.675395 -3.47017e-05 0.47 
912 2.08682 12.4435 0.582701 -0.00224176 0.47 
2429 8.52267 2.17122 0.573658 -0.0123913 0.47 
872 6.16512 14.7822 0.279436 0.0012673 0.47 
314 9.86622 4.18016 0.669206 0.00226995 0.47 
1178 12.716 8.9836 0.662069 0.00339868 0.47 
876 11.9273 0.580698 0.40617 -0.0247803 0.47 
1012 6.23859 7.84568 0.670376 -0.0101782 0.47 
1666 7.36233 5.64182 0.675144 0.00503413 0.47 
2070 5.0664 12.4255 0.594109 -0.00747996 0.47 
1036 10.9796 6.03588 0.687547 -0.0048044 0.47 
887 9.20515 0.234089 0.299226 0.00753651 0.47 
795 5.63308 14.3499 0.349248 -0.0137872 0.47 
38 9.17211 5.38105 0.676719 0.00189655 0.47 
1515 10.9294 3.98529 0.660235 -0.0047578 0.47 
1747 2.97711 7.44662 0.682705 -0.022988 0.47 
1846 9.6947 3.44328 0.627711 -0.0116191 0.47 
201 11.0848 5.62189 0.683174 -0.00411564 0.47 
906 13.3116 10.3546 0.649891 -0.00843749 0.47 
1013 11.4855 5.46641 0.68041 -0.0116101 0.47 
2108 8.82779 5.60471 0.675603 0.000220711 0.47 
1301 12.0789 9.59807 0.650624 -0.00580805 0.47 
1879 5.40601 8.86635 0.663937 -0.0127054 0.47 
353 4.36703 2.93175 0.610428 -0.00350363 0.47 
1783 4.2493 3.32576 0.63003 -0.00212949 0.47 
103 8.62895 1.7856 0.546268 -0.0158602 0.47 
1491 8.03742 8.54816 0.671224 -0.00279878 0.47 
697 7.11921 3.00697 0.624197 0.0219319 0.47 
1011 9.02182 7.34158 0.674619 -0.00130245 0.47 
571 7.36205 6.08806 0.674844 0.00310508 0.47 
2383 6.39687 13.9857 0.405413 -0.00426125 0.47 
590 9.2849 7.02285 0.674282 0.000264752 0.47 
653 11.9551 6.90955 0.69011 -0.0125875 0.47 
1499 9.52684 7.33404 0.680403 -0.00391696 0.47 
587 8.56977 11.5707 0.62952 -0.0356527 0.47 
944 11.2292 1.87359 0.576011 -0.00585002 0.47 
2170 7.70801 5.40852 0.675064 0.00386216 0.47 
1108 5.2214 9.62096 0.663472 -0.011182 0.47 
948 12.9386 11.1122 0.631506 -0.0195294 0.47 
1730 10.2699 4.27202 0.668894 0.00365102 0.47 
950 10.555 13.6073 0.490087 -0.000541597 0.47 
953 11.7034 13.1672 0.506452 0.0232273 0.47 
1151 10.3153 9.07888 0.673929 -0.00820662 0.47 
589 8.31387 4.49914 0.676362 0.00701444 0.47 
238 6.00661 13.5817 0.52397 -0.0219425 0.47 
1820 3.91342 5.55779 0.657935 -0.0202022 0.47 
1522 3.31891 13.2597 0.555883 -0.000633996 0.47 
973 8.01008 0.998399 0.448582 0.00430556 0.47 
1680 3.41029 4.81763 0.648574 -0.0234388 0.47 
29 2.92278 12.0243 0.626633 0.00235427 0.47 
2264 3.42809 14.0223 0.432769 0.00860799 0.47 
1497 10.4309 12.0783 0.619472 0.00915981 0.47 
1765 11.6507 11.261 0.646784 0.00415167 0.47 
920 9.26148 3.36268 0.641842 -0.0091364 0.47 
2502 2.12355 2.72706 0.601295 -0.00953096 0.47 
556 5.97486 12.9734 0.566604 -0.00387062 0.47 
986 6.46011 14.3962 0.32881 -0.0091355 0.47 
988 10.6818 14.789 0.257715 -0.000798103 0.47 
2096 12.8257 7.01092 0.693468 0.00108401 0.47 
2461 4.29269 4.77871 0.65713 -0.00361756 0.47 
2069 3.39634 7.37267 0.680548 -0.0163045 0.47 
1076 3.09374 1.36915 0.478569 -0.016545 0.47 
1484 6.596 10.2825 0.664345 -0.00897646 0.47 
2389 7.23685 13.6044 0.49469 0.0281937 0.47 
1118 12.8375 7.83117 0.686615 0.00905311 0.47 
869 8.94056 2.24366 0.57104 0.00349579 0.47 
897 13.0225 5.33955 0.678524 -0.0171348 0.47 
1022 11.2615 12.8621 0.583454 -0.00638955 0.47 
1449 5.53438 13.9342 0.425575 -0.0134396 0.47 
43 4.8243 9.69656 0.665705 0.000828076 0.47 
1798 4.0516 7.4759 0.67209 -0.0225819 0.47 
2236 2.38724 11.6436 0.634841 -0.00632878 0.47 
119 10.1138 7.6736 0.677845 -0.010069 0.47 
1211 9.65683 10.8803 0.658496 -0.00265628 0.47 
1045 12.3845 11.9323 0.622422 -0.000155313 0.47 
1047 12.5454 11.5338 0.627814 -0.00444727 0.47 
129 3.15335 6.37423 0.666029 -0.0274902 0.47 
1468 8.03774 13.5263 0.473113 -0.00935558 0.47 
270 3.42903 6.7597 0.671977 -0.0296281 0.47 
2288 11.6625 6.59607 0.684514 -0.00814419 0.47 
417 10.5471 8.68945 0.679396 -0.00757523 0.47 
1063 12.12 12.7612 0.59053 0.0185543 0.47 
624 5.53036 13.1306 0.569727 -0.0122476 0.47 
2443 8.623 10.1588 0.660007 0.00181635 0.47 
1069 13.413 4.28782 0.663863 -0.0356295 0.47 
767 2.26909 2.38044 0.619206 -0.00610011 0.47 
360 6.01679 3.9887 0.674568 -0.0120568 0.47 
569 6.20456 12.5429 0.582042 0.00608392 0.47 
748 3.78911 11.8106 0.611345 -0.00793702 0.47 
179 3.95659 14.4118 0.410603 0.00787123 0.47 
840 9.47139 9.903 0.665484 -0.0104969 0.47 
654 7.47189 7.98552 0.672925 0.00455939 0.47 
1081 13.2281 3.03784 0.624504 -0.0347886 0.47 
908 10.3859 2.44133 0.603251 -0.00510179 0.47 
1084 13.4376 12.7997 0.561629 -0.00812433 0.47 
296 7.12862 4.19478 0.676631 0.0126335 0.47 
346 4.64976 13.2341 0.555616 -0.0035276 0.47 
1089 9.78084 14.7796 0.263133 0.00138696 0.47 
1090 12.642 13.5744 0.471812 0.00462735 0.47 
1271 2.40112 1.69732 0.510512 -0.0136162 0.47 
276 4.76398 10.9029 0.622431 -0.0010738 0.47 
1030 7.78347 6.70334 0.675623 0.00037122 0.47 
1699 11.7019 7.4212 0.693134 -0.0100415 0.47 
981 6.35158 2.62646 0.605451 0.0252795 0.47 
1116 10.3279 1.34826 0.521901 -0.00422093 0.47 
1369 7.6169 8.5261 0.669725 -0.00732674 0.47 
1203 13.6138 8.04008 0.684748 -0.0014832 0.47 
1121 13.3176 11.3021 0.628818 -0.031346 0.47 
173 2.07452 3.8106 0.653291 -0.0270505 0.47 
2159 4.75762 4.10745 0.651711 0.00375465 0.47 
1126 13.5311 14.7745 0.260806 0.00706898 0.47 
1128 12.5196 11.1341 0.640441 -0.00541848 0.47 
371 2.24192 0.201223 0.270734 -0.0121072 0.47 
1136 10.8249 1.77367 0.581838 -0.0141878 0.47 
1817 11.3397 3.80078 0.632314 -0.0179292 0.47 
1621 3.8124 12.5297 0.59415 -0.00156828 0.47 
1677 6.26846 0.615849 0.400119 0.00914723 0.47 
163 9.61662 3.8403 0.674694 -0.000902804 0.47 
1357 7.5329 3.00437 0.625284 0.0272574 0.47 
1156 13.0345 14.7812 0.263191 0.000479778 0.47 
382 2.28986 14.3711 0.413291 -0.000139493 0.47 
2412 2.13806 0.57213 0.372552 0.00338019 0.47 
2459 8.35666 13.1203 0.488022 -0.0320596 0.47 
1292 5.63356 10.8949 0.611468 -0.0168558 0.47 
2178 2.78934 0.97821 0.466963 -0.0313739 0.47 
155 3.67227 9.91033 0.663581 -0.00853135 0.47 
1010 5.36228 10.0233 0.662834 -0.0095876 0.47 
630 6.91708 10.5655 0.645529 0.0123361 0.47 
1240 3.40244 2.14999 0.60511 -0.0221975 0.47 
785 12.2821 5.25518 0.681182 -0.0128567 0.47 
424 9.272 7.69237 0.678645 -0.00466288 0.47 
2257 7.38285 6.51496 0.675503 0.00101376 0.47 
1327 4.43602 12.8677 0.576748 -0.00307178 0.47 
2072 8.14634 6.4951 0.67617 0.000672449 0.47 
1143 8.90862 6.46954 0.675027 -0.00242579 0.47 
2425 11.745 8.35251 0.681609 -0.011698 0.47 
2303 10.061 5.81441 0.684211 0.00489766 0.47 
204 2.11083 2.01202 0.54681 0.0120082 0.47 
2328 3.64788 11.4451 0.631117 -0.0148395 0.47 
266 3.36946 12.5675 0.590869 -0.0197671 0.47 
1874 13.0306 4.89912 0.671744 -0.0239051 0.47 
1039 7.07369 7.99288 0.672092 -0.00637319 0.47 
1198 10.7387 1.3799 0.521271 -0.00990792 0.47 
1732 3.0532 11.1892 0.628812 -0.00151545 0.47 
1599 11.1186 8.90542 0.670511 -0.0109652 0.47 
644 12.8328 8.24798 0.685812 0.0100852 0.47 
960 12.6029 5.98193 0.68733 -0.0239447 0.47 
2158 2.62708 11.2691 0.629359 -0.00628232 0.47 
212 5.84427 0.611611 0.409278 -0.00375409 0.47 
1210 11.5167 2.33913 0.592834 -0.0129337 0.47 
2085 5.63716 13.5012 0.521474 0.00226209 0.47 
888 9.08157 4.95242 0.677958 0.00484682 0.47 
1286 4.51366 11.3286 0.622121 -0.0030064 0.47 
331 11.9016 4.98101 0.680201 -0.00682005 0.47 
1228 9.90241 1.78404 0.570737 0.0122641 0.47 
1869 10.7102 4.99974 0.681342 0.00258171 0.47 
1232 12.2971 13.9797 0.436022 0.0187198 0.47 
300 3.3237 11.9172 0.612224 -0.000442175 0.47 
366 10.728 5.38209 0.684164 0.00271109 0.47 
1235 11.0316 12.3929 0.608205 0.021138 0.47 
1696 6.17678 10.1443 0.669129 -0.0234384 0.47 
1239 13.8444 0.973198 0.50281 -0.0212606 0.47 
2292 4.14506 7.07383 0.672342 -0.0234839 0.47 
1093 7.66798 2.17125 0.565863 0.0267299 0.47 
297 4.8567 12.8408 0.579303 -0.00280306 0.47 
1244 11.4641 14.0115 0.430782 0.0379642 0.47 
1683 8.35651 7.76883 0.67458 -0.00228757 0.47 
1535 9.67591 6.45194 0.675926 5.88817e-05 0.47 
915 9.95855 7.25506 0.681142 -0.0116932 0.47 
937 13.6665 7.1403 0.679457 -0.00627395 0.47 
1255 13.5838 2.17372 0.566162 -0.0157012 0.47 
794 2.18817 13.9585 0.446727 0.00202755 0.47 
2386 3.62766 4.45036 0.646608 -0.018668 0.47 
263 4.32969 4.11374 0.649633 0.000238696 0.47 
1229 4.68027 2.15648 0.611195 -0.0059475 0.47 
1895 4.96818 10.0931 0.662707 -0.000560353 0.47 
416 8.902 12.5438 0.621488 -0.0289992 0.47 
1215 12.4493 8.16401 0.688901 -0.00827685 0.47 
2114 2.55456 9.32963 0.678037 -0.0162105 0.47 
1807 2.62865 4.60267 0.653793 -0.0334036 0.47 
1607 7.76659 3.79217 0.663848 0.00071919 0.47 
2518 10.9485 7.57115 0.690064 -0.00615228 0.47 
1414 7.62942 10.9007 0.639001 -0.00618343 0.47 
1470 4.10059 0.966185 0.456626 0.0177864 0.47 
773 10.4848 3.93124 0.669889 0.00228805 0.47 
2000 9.38847 2.22092 0.570829 -0.0159477 0.47 
1204 5.28646 4.83242 0.663223 -0.00710842 0.47 
2152 3.22593 0.992304 0.462054 -0.0221916 0.47 
1249 9.61369 12.038 0.629744 -0.00774842 0.47 
1285 8.09659 0.616524 0.401076 -0.00678167 0.47 
1289 12.9858 12.7603 0.585192 -0.015098 0.47 
1290 13.4107 0.989454 0.504065 -0.0312296 0.47 
1291 9.41327 0.624281 0.373559 0.00125934 0.47 
112 6.95342 4.55347 0.672041 0.0103702 0.47 
192 8.09857 6.95455 0.673524 0.000705692 0.47 
2391 10.4576 6.10566 0.682555 0.0058718 0.47 
1299 12.4487 3.31354 0.623914 -0.0162879 0.47 
2111 2.66626 1.36867 0.480134 -0.0334719 0.47 
2298 8.0194 9.26066 0.666908 -0.00603264 0.47 
1112 3.87847 4.06716 0.647611 0.00124255 0.47 
1306 7.50675 14.7696 0.273218 0.00470154 0.47 
2408 2.93667 14.7921 0.307234 -0.00622612 0.47 
1567 10.3195 8.03755 0.681033 -0.0131741 0.47 
1310 12.1275 13.168 0.506059 0.01599 0.47 
1311 8.47765 1.01332 0.445319 -0.0129726 0.47 
1743 2.56178 2.09508 0.575307 -0.0345943 0.47 
677 4.37776 13.6199 0.540644 -0.000766979 0.47 
2348 7.243 8.39185 0.667047 -0.00238602 0.47 
2138 7.51769 4.09916 0.67911 0.013631 0.47 
1318 13.5706 12.0706 0.617099 -0.0231645 0.47 
1321 13.405 5.17856 0.669632 -0.0261364 0.47 
1548 4.03487 1.7517 0.571405 0.00546701 0.47 
485 4.55618 7.00962 0.673983 -0.0254463 0.47 
1676 10.6022 10.1264 0.659268 0.00113763 0.47 
1331 8.95201 1.04978 0.448748 -0.0186129 0.47 
790 7.9097 11.2031 0.628864 0.000994721 0.47 
376 11.307 11.6053 0.643851 0.0134989 0.47 
1148 7.06289 6.78647 0.676758 0.00066452 0.47 
1509 2.86968 8.565 0.688201 -0.0176046 0.47 
1770 6.76967 11.0338 0.623438 0.00521608 0.47 
1483 5.4629 6.91668 0.672843 -0.0146811 0.47 
145 3.66587 0.994777 0.458458 0.00313528 0.47 
1347 13.9886 2.15542 0.573047 -0.00189258 0.47 
749 6.42356 13.5734 0.511112 0.0128061 0.47 
2240 11.4527 4.64039 0.67289 -0.0173836 0.47 
1038 8.38121 11.095 0.630584 0.016158 0.47 
1355 12.5301 1.36623 0.513586 -0.0384694 0.47 
1415 3.1569 7.0531 0.683385 -0.021582 0.47 
1293 13.2539 7.74529 0.684587 0.000203925 0.47 
268 8.51993 6.6681 0.67593 -0.00106016 0.47 
2262 6.20884 3.48909 0.630051 0.0174311 0.47 
2462 5.36682 10.4451 0.643575 -0.00545018 0.47 
667 11.8902 5.39078 0.67974 -0.00934996 0.47 
287 2.44061 6.01113 0.662345 -0.0231061 0.47 
1842 2.15595 11.3085 0.635543 -0.0110055 0.47 
316 8.58476 3.79624 0.676316 0.0122102 0.47 
2474 4.80811 13.6114 0.537247 -0.00411398 0.47 
478 7.56392 4.50747 0.668772 0.0115978 0.47 
1963 5.23231 13.5918 0.521938 -0.00268767 0.47 
1393 7.27766 14.3883 0.331906 0.0501523 0.47 
1394 11.5635 1.70982 0.568543 -0.0091469 0.47 
1395 13.7773 1.37266 0.507157 -0.00902291 0.47 
555 4.94763 3.71744 0.634767 0.00812759 0.47 
1941 8.25841 8.90682 0.670654 -0.0033587 0.47 
1092 8.2582 4.06031 0.677616 0.0153623 0.47 
1214 4.38578 14.7891 0.285077 0.00368436 0.47 
395 9.12903 13.2619 0.497058 -0.0198365 0.47 
1406 10.1349 13.6149 0.489146 -0.000873348 0.47 
1810 6.54459 8.66987 0.6666 -0.00996484 0.47 
1409 6.8683 14.431 0.318769 0.0129008 0.47 
1410 13.1845 2.18141 0.568146 -0.032428 0.47 
1611 11.0288 10.1043 0.655674 0.00552944 0.47 
326 3.42332 8.43807 0.682084 -0.0126771 0.47 
248 5.76494 10.0878 0.664835 -0.00989986 0.47 
1692 5.88289 4.40799 0.666585 -0.0134209 0.47 
524 6.82711 2.20693 0.572864 0.0255684 0.47 
250 6.25627 13.2212 0.563497 -0.00600877 0.47 
2192 8.89898 8.48421 0.673225 -0.00474333 0.47 
1476 12.0667 8.07262 0.688414 -0.00947255 0.47 
1020 2.51453 12.0247 0.63925 -0.0047331 0.47 
964 8.04723 5.16878 0.674485 0.00161471 0.47 
547 5.79973 7.76469 0.669902 -0.0130422 0.47 
1035 4.41695 6.26122 0.668902 -0.0214011 0.47 
1441 10.6394 2.12406 0.598285 -0.00766468 0.47 
2285 7.24447 3.77779 0.684317 0.0143249 0.47 
483 3.32 5.97925 0.661388 -0.0255923 0.47 
721 8.70639 13.3141 0.494035 -0.0328685 0.47 
1517 7.34298 1.79486 0.539264 0.0256615 0.47 
1447 13.3434 13.1953 0.494856 -0.0120455 0.47 
1176 2.87713 13.2619 0.560563 -0.0151832 0.47 
1452 13.6191 1.76882 0.549387 -0.0137663 0.47 
1564 6.71226 0.618197 0.393611 0.00956986 0.47 
1625 5.96577 13.9882 0.402793 -0.0183109 0.47 
1746 10.1 2.70139 0.587564 -0.0240285 0.47 
1457 13.5232 14.3786 0.383468 -0.00469957 0.47 
2148 13.7559 8.77891 0.690621 0.000144158 0.47 
928 5.99396 2.23538 0.583151 0.0168458 0.47 
19 12.8992 10.3243 0.648986 -0.0159573 0.47 
600 3.93972 13.6367 0.536362 -0.0010421 0.47 
1479 11.7745 2.07812 0.591491 -0.0116949 0.47 
2373 2.71213 14.4132 0.399938 0.00690128 0.47 
1196 10.6991 4.32483 0.668701 0.00089805 0.47 
1751 9.11585 2.9738 0.603092 -0.000992925 0.47 
2145 8.82013 12.9325 0.519795 -0.0319091 0.47 
1506 9.32106 14.7926 0.252664 0.00281255 0.47 
2353 9.28528 6.21575 0.678066 -0.0012987 0.47 
1511 12.0404 2.50178 0.602546 -0.00571631 0.47 
458 7.63614 13.5301 0.484373 0.0109296 0.47 
680 7.75305 6.28237 0.67583 0.00176055 0.47 
1510 2.97473 4.83191 0.649587 -0.0230091 0.47 
196 12.1486 8.5019 0.681922 -0.0106691 0.47 
267 6.27353 3.0324 0.63369 0.0262388 0.47 
2401 10.4217 6.5118 0.680557 0.00643045 0.47 
640 6.05137 14.3842 0.335995 -0.00619551 0.47 
582 3.80343 10.2985 0.651048 -0.00905604 0.47 
31 11.118 5.18744 0.68174 -0.00569589 0.47 
1544 8.02153 0.217733 0.266316 -0.00222141 0.47 
1527 4.21023 13.2528 0.554395 -0.00163779 0.47 
1460 5.93961 9.32395 0.664174 -0.0135331 0.47 
1553 13.8397 12.3458 0.608225 -0.0169363 0.47 
2212 8.42003 5.3935 0.673725 0.0012144 0.47 
1024 5.95798 8.17649 0.66804 -0.0124489 0.47 
882 2.95973 10.4037 0.646884 -0.0146696 0.47 
15 10.6241 12.4296 0.604286 0.0201435 0.47 
2334 2.73086 0.211539 0.280965 -0.0145705 0.47 
1305 2.22292 9.91197 0.653661 -0.0272604 0.47 
772 4.44324 1.7639 0.576083 -0.00765122 0.47 
880 10.1195 3.45557 0.614423 -0.0103616 0.47 
1570 12.6727 0.211571 0.242791 -0.00401156 0.47 
1573 11.4986 0.582428 0.37193 -0.00698276 0.47 
936 4.87154 14.7831 0.297362 0.00237644 0.47 
1578 12.7023 10.7099 0.634197 -0.0187886 0.47 
1579 11.4175 12.4724 0.617748 -0.00444322 0.47 
143 4.22408 10.293 0.653772 -0.0022855 0.47 
1604 5.5263 8.11106 0.668777 -0.0138696 0.47 
560 10.8198 10.4891 0.654395 0.00633505 0.47 
27 11.1028 4.36461 0.668056 -0.00785182 0.47 
1688 7.89459 10.0788 0.666366 -0.00413292 0.47 
150 9.6763 2.64477 0.588674 -0.0223224 0.47 
1593 9.86832 0.985953 0.442189 0.0115635 0.47 
1595 13.0269 4.4566 0.666789 -0.0275043 0.47 
2358 13.1932 9.54912 0.667217 -0.0139267 0.47 
998 12.2817 4.8208 0.677235 -0.0140814 0.47 
461 9.65709 12.8097 0.550806 -0.0043173 0.47 
1477 5.24462 8.46071 0.663707 -0.0125436 0.47 
2250 11.7734 6.20365 0.687416 -0.00822147 0.47 
496 7.85703 1.37323 0.491362 0.017324 0.47 
1344 4.67239 8.02457 0.676065 -0.0152108 0.47 
1545 7.82053 8.16027 0.677247 -0.00393435 0.47 
1613 11.0455 14.0191 0.433927 0.0139595 0.47 
35 7.47198 3.43364 0.656115 0.00178533 0.47 
1618 11.4187 13.6199 0.469887 0.0326494 0.47 
2066 6.24918 5.60501 0.669748 -0.0191405 0.47 
614 11.8509 4.17164 0.662982 -0.00264581 0.47 
1336 11.2704 3.36195 0.61248 -0.00739925 0.47 
1188 7.09114 13.2481 0.53766 0.00322337 0.47 
1173 12.4369 9.81781 0.662195 -0.0205508 0.47 
896 4.75958 5.42597 0.667061 -0.00902901 0.47 
249 6.67508 1.01823 0.459996 0.0131092 0.47 
1767 3.01322 14.028 0.43502 0.0066271 0.47 
1492 4.66296 3.33548 0.62713 0.004411 0.47 
2055 11.5449 7.00659 0.689351 -0.00914819 0.47 
1645 8.9481 14.0507 0.449544 -0.0148802 0.47 
1646 12.1355 0.952077 0.469358 -0.0325645 0.47 
247 6.62547 5.93966 0.671393 -0.011546 0.47 
260 8.956 4.02868 0.683231 0.00890259 0.47 
1775 7.24571 2.19613 0.571714 0.02816 0.47 
711 7.58709 2.58367 0.590303 0.0298458 0.47 
1514 9.05572 1.85143 0.548317 -0.0104241 0.47 
404 9.52001 11.4229 0.652574 -0.000745445 0.47 
927 2.99871 2.89027 0.618055 -0.044432 0.47 
2057 10.988 8.50917 0.678654 -0.0129216 0.47 
1704 6.83779 9.9106 0.671227 -0.00543183 0.47 
1466 5.54857 5.17056 0.668999 -0.00946896 0.47 
797 4.27406 6.66246 0.671483 -0.022848 0.47 
2395 6.69339 3.01397 0.630121 0.0308147 0.47 
1145 3.24941 9.89891 0.664124 -0.017536 0.47 
413 8.40761 2.55382 0.585616 -0.00842969 0.47 
2154 6.12942 11.6161 0.619916 -0.00423256 0.47 
1698 10.9799 13.6189 0.482836 0.00433142 0.47 
1379 6.39075 8.25519 0.668232 -0.0098752 0.47 
1708 11.4634 3.00746 0.609989 -0.00364652 0.47 
1709 10.4513 12.8076 0.571376 0.0166198 0.47 
252 4.52984 0.958573 0.448621 -0.00509128 0.47 
1713 13.1052 14.3847 0.388398 0.00725779 0.47 
2208 3.5099 2.89028 0.595451 -0.024507 0.47 
858 8.1209 6.06256 0.675599 0.0011381 0.47 
666 11.8595 4.57723 0.673417 -0.00444417 0.47 
2453 7.42927 1.39065 0.499042 0.0275794 0.47 
1526 2.14073 8.28841 0.69222 -0.0326735 0.47 
1475 10.582 9.41866 0.66972 -0.00406877 0.47 
2088 13.6586 7.61558 0.68252 -0.00228112 0.47 
789 4.86327 7.2946 0.671727 -0.019855 0.47 
1728 12.5581 0.972261 0.479129 -0.0372342 0.47 
1589 6.15355 12.0608 0.623339 0.00475336 0.47 
1048 9.06413 4.46239 0.681717 0.00803718 0.47 
1735 13.0483 13.5802 0.47452 -0.00716062 0.47 
1736 9.40553 1.0279 0.440029 0.00522864 0.47 
1737 10.8617 12.7992 0.577287 0.012271 0.47 
2041 6.08891 1.8274 0.549587 0.015311 0.47 
2054 11.631 9.46183 0.650146 -0.00326623 0.47 
579 4.65814 12.4652 0.594285 -0.00253539 0.47 
425 2.5474 2.83614 0.614747 -0.0394206 0.47 
256 3.01332 9.52964 0.66659 -0.0143231 0.47 
1530 3.1345 14.4159 0.401449 0.0173632 0.47 
832 10.1528 10.1773 0.662572 -0.0020088 0.47 
1764 10.3374 0.959425 0.451945 -0.00562064 0.47 
1652 11.7266 9.85904 0.66042 0.000178854 0.47 
1501 5.82325 1.01864 0.45556 -0.00330984 0.47 
1772 10.4432 0.21133 0.278839 -0.00330927 0.47 
1878 4.25327 14.0115 0.427796 -0.0133529 0.47 
2512 7.24955 13.9937 0.408697 0.0394529 0.47 
1624 8.31269 9.56259 0.66161 -0.00268982 0.47 
909 3.01423 12.4049 0.570563 0.0175587 0.47 
2140 12.4142 6.86941 0.694318 -0.0173916 0.47 
1788 13.1182 10.7198 0.63392 -0.0146681 0.47 
1789 13.1289 13.9805 0.450005 0.00118441 0.47 
669 10.0314 8.78664 0.676011 -0.00912507 0.47 
2387 11.6859 7.91118 0.6899 -0.0118789 0.47 
2450 4.21094 0.194946 0.242786 -0.00939248 0.47 
2366 8.84506 7.76063 0.677155 -0.00350279 0.47 
890 12.074 10.0517 0.666939 -0.00886359 0.47 
1808 9.55768 13.2153 0.500853 -0.0118888 0.47 
2048 10.2858 5.0709 0.681811 0.00576141 0.47 
1167 2.52042 3.89132 0.65019 -0.0338165 0.47 
472 7.286 11.7042 0.624513 -0.00575791 0.47 
1401 12.9201 7.42267 0.681625 0.00694523 0.47 
2014 11.0366 4.76129 0.676794 -0.00529602 0.47 
2351 5.08735 13.2103 0.56045 -0.0106943 0.47 
1423 7.57623 12.7381 0.596704 0.00672467 0.47 
1826 10.8 0.991095 0.470075 -0.018051 0.47 
336 12.5207 7.32369 0.686574 -0.0128075 0.47 
2259 5.56282 11.6029 0.630795 -0.0154694 0.47 
1752 3.57466 12.9127 0.572364 -0.00636317 0.47 
2155 2.72904 2.4927 0.620279 -0.0423399 0.47 
1837 13.6582 10.0853 0.659808 -0.009081 0.47 
2216 10.0362 12.0229 0.625045 0.00247319 0.47 
348 2.55028 0.574604 0.364816 -0.0176639 0.47 
344 9.11968 12.156 0.621945 -0.020232 0.47 
1852 12.7907 0.608137 0.408576 -0.0189171 0.47 
1133 2.5512 12.419 0.581366 0.00625903 0.47 
1854 8.5513 0.633708 0.389669 -0.0226396 0.47 
1856 13.6134 3.36036 0.636488 -0.0358631 0.47 
2091 11.4278 8.63208 0.675965 -0.0106727 0.47 
1993 8.37484 11.9413 0.616216 -0.0358881 0.47 
942 9.18193 9.59547 0.665083 -0.00594139 0.47 
1863 6.59591 14.7919 0.261401 0.00105069 0.47 
33 4.784 2.94009 0.612523 0.00475812 0.47 
495 2.57104 10.5748 0.64821 -0.0214459 0.47 
548 5.85202 11.2988 0.63033 -0.0216522 0.47 
364 3.6498 2.51277 0.615922 -0.0146518 0.47 
132 6.49565 5.11504 0.656443 -0.00239357 0.47 
867 4.44652 1.35634 0.49346 -0.00470965 0.47 
1960 8.71036 8.86648 0.670702 -0.00343397 0.47 
2019 2.37276 10.947 0.63934 -0.016507 0.47 
1891 13.7622 5.85044 0.690222 -0.0158311 0.47 
1800 6.04866 9.73277 0.66596 -0.0157721 0.47 
470 10.8578 6.41901 0.68097 -0.00784758 0.47 
2053 4.24018 12.4956 0.592667 -0.00209414 0.47 
575 4.25479 2.14472 0.613101 -0.00276514 0.47 
507 12.6566 5.07504 0.677764 -0.0164845 0.47 
234 2.49422 13.1585 0.543797 0.0258827 0.47 
2339 4.252 9.20111 0.669309 -0.00243059 0.47 
1905 11.9503 12.3906 0.60212 0.0155588 0.47 
1725 8.9363 9.26176 0.668529 -0.00600091 0.47 
1716 3.05707 5.60202 0.657163 -0.024635 0.47 
1097 6.51358 10.7331 0.637326 -0.00765743 0.47 
2113 2.1555 5.68848 0.663 -0.0297184 0.47 
2244 8.52695 10.6547 0.655626 0.0138674 0.47 
2165 4.50283 2.53974 0.615521 -0.0018911 0.47 
1628 4.58117 4.49688 0.656307 -0.000950108 0.47 
1929 6.76402 0.223653 0.298465 -0.00206401 0.47 
1958 9.49884 8.07275 0.678798 -0.00474073 0.47 
837 10.7497 9.04256 0.673069 -0.00259604 0.47 
956 8.46396 8.51626 0.67273 -0.00344044 0.47 
1939 5.7482 14.7613 0.293 -0.00704236 0.47 
2444 5.49869 3.28102 0.625121 0.00823346 0.47 
152 13.0193 8.62354 0.677337 0.00978087 0.47 
1947 10.5278 14.4134 0.308519 -0.0123664 0.47 
1055 7.94484 13.1292 0.493767 -0.0134927 0.47 
1950 10.2282 14.7844 0.266345 -0.00318296 0.47 
1169 3.87681 14.8007 0.26373 0.00323438 0.47 
2359 9.49406 1.83906 0.55199 -0.0202112 0.47 
2100 5.10605 2.17256 0.609858 0.00642227 0.47 
1755 9.87343 11.2214 0.655734 -0.00136613 0.47 
1111 6.45202 9.82946 0.671617 -0.0173601 0.47 
1745 2.8302 7.83161 0.682467 -0.023787 0.47 
1034 8.71438 1.39361 0.494306 -0.0208681 0.47 
1054 13.261 6.90521 0.685223 -0.00969698 0.47 
777 8.44043 12.6994 0.595106 -0.0324902 0.47 
320 8.08067 5.62584 0.674464 0.00211567 0.47 
595 12.276 8.90547 0.665335 -0.003349 0.47 
1907 4.10303 3.71428 0.639692 -0.00058712 0.47 
1977 13.2596 2.61958 0.617497 -0.0375041 0.47 
1978 12.9841 0.998466 0.492285 -0.0332885 0.47 
2269 4.33712 10.9661 0.623694 -0.00405229 0.47 
591 7.7976 8.92443 0.667348 -0.00626988 0.47 
1911 5.07645 9.21902 0.6676 -0.0117255 0.47 
1982 13.4574 10.9222 0.642683 -0.0303539 0.47 
1802 4.01018 12.888 0.574145 0.00100908 0.47 
747 12.2497 4.39833 0.668985 -0.0154982 0.47 
1986 8.86625 13.6724 0.479251 -0.0224239 0.47 
782 4.63081 5.85608 0.659579 -0.0185322 0.47 
2177 13.5529 9.21849 0.67375 -0.00618074 0.47 
61 7.51606 13.1449 0.520047 0.0025116 0.47 
1250 10.6024 7.76588 0.683703 -0.012802 0.47 
2464 8.16492 7.38617 0.673566 -0.00115385 0.47 
1044 2.47478 4.95941 0.657962 -0.0323489 0.47 
261 4.46747 12.0966 0.608459 -0.00399063 0.47 
2343 5.08004 3.32448 0.625095 0.00852731 0.47 
2006 10.0065 0.207485 0.289038 0.00182956 0.47 
2184 4.52176 3.72788 0.637314 0.0043103 0.47 
2013 8.42873 0.235647 0.274057 -0.00973511 0.47 
2015 11.1456 14.7832 0.254971 0.012592 0.47 
1387 4.30029 8.23366 0.678263 -0.0214928 0.47 
2022 10.425 13.2129 0.503798 0.0110855 0.47 
185 10.9998 10.8723 0.655844 0.00446324 0.47 
1864 9.25187 2.5961 0.584124 -0.00944474 0.47 
2229 5.6075 4.0463 0.666159 -0.00665491 0.47 
1707 4.3307 7.80306 0.680797 -0.0242277 0.47 
2028 13.9543 13.9626 0.462121 -0.0256064 0.47 
1644 7.17949 2.60313 0.59463 0.0252162 0.47 
338 3.77004 9.1876 0.678897 -0.0107193 0.47 
284 5.39316 1.0149 0.446226 -0.0267887 0.47 
2405 5.02642 6.92684 0.67269 -0.0189542 0.47 
883 6.77343 9.4885 0.666124 -0.00859756 0.47 
301 3.94479 2.9112 0.604753 -0.0101065 0.47 
347 7.03162 3.39854 0.650257 0.0265133 0.47 
200 10.0533 6.24111 0.680823 0.00427013 0.47 
1525 11.2855 9.71111 0.657161 0.00272971 0.47 
2059 12.3862 12.3505 0.597822 0.00124353 0.47 
2061 8.51671 14.0028 0.45095 -0.0253649 0.47 
2063 13.7782 11.7129 0.620937 -0.0286018 0.47 
2021 7.95664 2.95488 0.608848 0.00457207 0.47 
1971 3.67855 3.67995 0.643067 -0.00161305 0.47 
16 4.70487 6.62488 0.67283 -0.0247988 0.47 
1881 6.46929 12.8314 0.578775 0.000440933 0.47 
807 5.00799 0.554368 0.357633 -0.0485969 0.47 
1150 11.8234 8.79579 0.67674 -0.0140952 0.47 
2092 11.8425 14.3971 0.342836 0.0175067 0.47 
2093 12.0668 14.7758 0.274402 -0.00135023 0.47 
1828 12.6525 4.62747 0.671384 -0.0220718 0.47 
2517 10.9613 14.4194 0.313528 0.00377171 0.47 
2087 7.72398 11.6102 0.617517 0.00582035 0.47 
1729 2.64281 3.23171 0.639226 -0.0426156 0.47 
2032 9.05672 11.4867 0.642607 -0.0190932 0.47 
1465 10.5805 10.8744 0.655467 0.00982869 0.47 
264 5.93638 5.86302 0.678712 -0.00859419 0.47 
2123 7.19442 0.221953 0.299973 0.00745014 0.47 
1833 7.66548 4.96345 0.674168 0.00581222 0.47 
464 4.39516 9.64039 0.666278 -0.00834266 0.47 
2131 2.4654 8.52495 0.688312 -0.0222855 0.47 
1894 5.13953 6.54362 0.67091 -0.0182835 0.47 
791 10.3707 9.79194 0.66627 -0.00377847 0.47 
2137 5.32515 14.7683 0.301032 0.000985028 0.47 
2139 12.6921 14.3932 0.384165 0.0186468 0.47 
563 3.95924 7.97901 0.681677 -0.0188586 0.47 
378 7.2147 7.23868 0.676133 0.000691506 0.47 
1227 6.6083 3.41903 0.640691 0.0296389 0.47 
181 4.60929 8.91859 0.661073 -0.00493278 0.47 
2151 9.13134 1.45093 0.513544 -0.0265625 0.47 
327 10.7764 3.22437 0.600207 -0.00994042 0.47 
1912 7.97395 4.7096 0.672245 0.00217979 0.47 
17 2.1093 8.72704 0.688513 -0.0298087 0.47 
1615 7.67051 13.9386 0.420759 0.0175129 0.47 
2163 12.1059 3.5329 0.624766 -0.0151827 0.47 
1376 9.24869 5.79731 0.67834 -5.10604e-05 0.47 
1622 3.11075 12.8995 0.583595 -0.0159627 0.47 
479 6.98481 8.75062 0.665879 -0.00584317 0.47 
199 10.834 2.52788 0.601541 -0.00295916 0.47 
2318 4.94793 10.4994 0.637758 -0.00404993 0.47 
334 7.55082 1.00225 0.454961 0.0178262 0.47 
2231 11.959 9.1915 0.656408 -0.00561345 0.47 
237 6.88931 11.7952 0.625529 -0.0165167 0.47 
1067 7.15779 12.8552 0.575454 -0.000682824 0.47 
1098 10.7091 11.2558 0.658788 0.0105493 0.47 
389 2.99401 2.18064 0.594339 -0.0597213 0.47 
564 9.30079 6.63141 0.672833 -0.00101642 0.47 
2352 9.0846 8.1033 0.677592 -0.00460821 0.47 
1461 5.74188 1.41965 0.492741 -0.00420385 0.47 
1992 3.04048 3.29439 0.642228 -0.0463163 0.47 
2197 12.5424 13.1687 0.499676 -0.00285242 0.47 
2198 11.2807 13.2548 0.51048 0.00901931 0.47 
2200 11.3054 0.209018 0.269155 0.0166958 0.47 
1358 5.50845 6.40557 0.675891 -0.00861676 0.47 
2160 8.21881 8.14818 0.676441 -0.00210483 0.47 
2372 5.27469 1.81578 0.565401 -0.0141875 0.47 
1925 4.78876 14.3982 0.368636 -0.00890164 0.47 
1064 11.4478 10.8762 0.648506 0.00511728 0.47 
2211 13.813 4.15478 0.661274 -0.0365215 0.47 
2217 12.8413 3.21585 0.627144 -0.0153596 0.47 
852 5.50949 9.26755 0.665657 -0.0115718 0.47 
2221 10.8517 13.217 0.515076 -0.00117836 0.47 
2223 12.3768 1.72552 0.564086 -0.0134288 0.47 
1488 5.91789 6.29643 0.675346 -0.0087752 0.47 
598 2.18522 4.61 0.651822 -0.0350436 0.47 
611 9.22295 3.75596 0.674234 -0.00208512 0.47 
1809 4.24964 11.7496 0.613718 -0.00489466 0.47 
2232 13.4627 13.581 0.47825 -0.00497414 0.47 
2237 12.0008 11.9739 0.625447 0.014072 0.47 
1650 10.3922 7.39537 0.67907 -0.00898059 0.47 
2241 13.3674 6.0371 0.683906 -0.0196508 0.47 
1105 5.80421 6.68917 0.676807 -0.00914605 0.47 
1572 12.4879 10.275 0.649995 -0.0158574 0.47 
355 6.69703 4.20734 0.674105 0.010217 0.47 
463 8.84658 11.8646 0.622431 -0.0253183 0.47 
1137 2.86672 10.0098 0.663185 -0.0166098 0.47 
1779 3.24095 11.5366 0.638336 -0.00519454 0.47 
2441 11.6916 10.4267 0.652846 -0.00272039 0.47 
1884 13.3322 6.46981 0.677147 -0.0150646 0.47 
761 12.6113 4.1859 0.660526 -0.026611 0.47 
124 2.72475 7.11258 0.681843 -0.0255039 0.47 
720 10.4281 11.6819 0.644214 0.00533826 0.47 
108 8.89755 10.849 0.666018 -0.0117871 0.47 
2253 2.83265 1.7749 0.52918 -0.0501898 0.47 
1153 3.49974 13.6259 0.530934 0.00930122 0.47 
2271 11.9686 1.71467 0.565478 -0.01739 0.47 
2273 7.93949 14.7705 0.276254 -0.0125494 0.47 
2276 7.17391 0.619758 0.395374 0.0140062 0.47 
1458 12.2567 5.68864 0.680344 -0.0155586 0.47 
2278 13.3507 11.7056 0.629639 -0.0293137 0.47 
2280 11.2641 2.62598 0.603558 -0.00299213 0.47 
765 8.7642 11.2172 0.648334 -0.0253959 0.47 
592 2.93051 6.71712 0.676548 -0.0223287 0.47 
661 4.67139 9.31495 0.672837 -0.00467369 0.47 
914 5.35861 7.71563 0.669876 -0.0167287 0.47 
1973 5.32438 11.996 0.615241 -0.0195077 0.47 
2306 4.82328 6.22828 0.67154 -0.0254473 0.47 
78 2.05727 6.78998 0.675427 -0.0241418 0.47 
1639 8.64282 8.12428 0.676151 -0.00415892 0.47 
1649 5.64003 9.66946 0.664236 -0.00992279 0.47 
1697 6.54309 7.50335 0.672074 -0.0085758 0.47 
1100 3.456 11.0846 0.626282 -0.012121 0.47 
2409 3.74768 5.95234 0.661613 -0.0225757 0.47 
1964 13.2116 8.15856 0.68392 0.00264075 0.47 
1665 6.58465 6.37411 0.673438 -0.0106554 0.47 
2316 11.826 13.5672 0.471485 0.0195807 0.47 
273 8.35628 2.95003 0.606965 0.00177741 0.47 
1813 2.96545 0.596776 0.384643 -0.0359645 0.47 
2058 10.531 3.54539 0.60826 -0.00897463 0.47 
2414 4.56149 10.0622 0.658825 -0.00341427 0.47 
1459 4.76634 8.43974 0.672815 -0.0125712 0.47 
1049 3.21375 2.55384 0.610348 -0.0501222 0.47 
2327 7.67419 14.3609 0.353948 0.00808462 0.47 
2329 9.70471 13.6033 0.493473 -0.00882699 0.47 
1372 12.6419 5.52559 0.683805 -0.0136394 0.47 
411 3.88736 8.42125 0.680783 -0.0147913 0.47 
474 9.50924 5.16571 0.679932 0.00654479 0.47 
165 3.4928 9.5417 0.670877 -0.0115433 0.47 
1681 4.53811 10.5422 0.640074 0.000559709 0.47 
2340 12.1196 11.5588 0.630101 0.00502488 0.47 
1539 8.09377 2.15443 0.56887 0.00412779 0.47 
39 13.0008 5.77465 0.693403 -0.0168688 0.47 
2149 9.37878 9.20686 0.6695 -0.00570313 0.47 
1512 5.61802 2.86516 0.612688 0.0139318 0.47 
1346 3.05903 13.631 0.522542 0.00263749 0.47 
2360 13.7505 13.1514 0.500249 -0.0148684 0.47 
851 3.45564 4.0728 0.641314 -0.0200719 0.47 
2332 4.08 2.52683 0.615688 -0.00564702 0.47 
1938 8.74079 3.08292 0.609716 0.0154631 0.47 
1370 5.90256 3.17897 0.627206 0.00699777 0.47 
1630 9.90595 11.6439 0.650997 -0.00342237 0.47 
156 2.49554 6.74586 0.675521 -0.0242519 0.47 
2380 12.2346 13.5708 0.47209 0.01584 0.47 
2173 4.73356 0.199249 0.25772 -0.0111927 0.47 
2384 13.6572 0.598666 0.397699 0.0027601 0.47 
1608 6.9206 1.80658 0.544744 0.0270955 0.47 
333 8.80898 2.64238 0.583491 0.0134716 0.47 
369 3.7566 0.601289 0.409778 -0.000495407 0.47 
1302 2.8173 3.63604 0.6471 -0.0400561 0.47 
392 3.42931 3.26802 0.646259 -0.0137193 0.47 
1636 6.30116 4.32374 0.669449 -0.00372027 0.47 
1330 7.91381 4.26147 0.673165 0.00555838 0.47 
1505 7.32652 5.1976 0.673555 0.00704991 0.47 
691 8.52329 9.23508 0.668171 -0.0013804 0.47 
2400 3.38763 14.799 0.289294 -0.0104362 0.47 
588 3.22616 5.20686 0.653727 -0.024098 0.47 
1909 9.39836 4.7344 0.681013 0.00764757 0.47 
394 3.56926 12.2055 0.612282 -0.00684138 0.47 
1408 10.1846 12.4418 0.613756 0.00571906 0.47 
1829 13.3088 7.32356 0.679924 -0.00419167 0.47 
1927 6.34985 11.1815 0.60595 -0.0201061 0.47 
2243 10.6587 5.77757 0.681234 0.00394688 0.47 
2214 9.70871 7.68961 0.679264 -0.0045229 0.47 
1141 12.7619 9.49371 0.670594 -0.0204524 0.47 
2438 12.4566 2.50647 0.598176 -0.00797722 0.47 
2439 12.8864 3.63315 0.64182 -0.0184607 0.47 
373 7.01018 1.40951 0.497392 0.0195042 0.47 
2445 9.78583 13.9989 0.464547 0.000368086 0.47 
921 12.0392 7.66027 0.691975 -0.0107239 0.47 
265 10.1791 2.09598 0.594373 0.0025731 0.47 
1412 7.76483 1.76849 0.54069 0.0270096 0.47 
67 5.37747 11.2386 0.623257 -0.0083263 0.47 
2465 8.28484 9.94951 0.664903 -0.00131703 0.47 
1298 6.56916 4.67757 0.667987 0.00178203 0.47 
2466 11.6967 12.7599 0.592917 0.0197082 0.47 
1976 5.12292 11.6363 0.620931 -0.0109103 0.47 
1219 9.91508 8.06767 0.6806 -0.0054532 0.47 
1207 11.8473 5.799 0.682279 -0.00902293 0.47 
570 2.83016 10.8643 0.633355 -0.00629531 0.47 
2473 13.5935 9.66049 0.665719 -0.00677738 0.47 
2115 12.5395 6.43334 0.685777 -0.0225721 0.47 
2476 13.5437 0.21256 0.277587 0.00759768 0.47 
2478 5.27423 0.210197 0.275744 -0.0122358 0.47 
1690 10.0585 3.83473 0.672152 0.00198516 0.47 
2003 6.51315 11.9242 0.620784 -0.027161 0.47 
1493 4.00125 1.35271 0.482907 0.0144491 0.47 
2485 11.6053 14.7777 0.269462 0.0105989 0.47 
2487 12.8168 12.3806 0.606 -0.0262375 0.47 
2493 13.9762 14.7645 0.272954 -0.00282388 0.47 
2496 12.0123 3.076 0.607259 -0.0167407 0.47 
1926 7.80125 10.5142 0.658 -0.0029269 0.47 
847 2.28313 12.7972 0.585238 0.00433939 0.47 
1777 2.06323 13.1756 0.549162 0.00245227 0.47 
2375 15.942 1.40943 0.513323 0.0115034 0.47 
65 17.1525 5.38935 0.672913 0.0243009 0.47 
1124 15.2195 13.9702 0.428567 -0.0259079 0.47 
879 14.3626 9.40395 0.668484 -0.0066669 0.47 
873 15.2911 8.15804 0.683997 -0.00211699 0.47 
1634 18.4487 11.9379 0.631644 -0.00353201 0.47 
967 15.8167 12.3968 0.584424 -0.030794 0.47 
1845 15.7109 4.86603 0.664409 0.0143346 0.47 
1381 16.3726 7.01576 0.684115 0.0139233 0.47 
1351 24.7954 11.5712 0.661686 0.0333467 0.47 
1687 16.6596 13.1901 0.516121 -0.0290408 0.47 
1160 23.2118 12.5065 0.612864 0.025967 0.47 
554 18.0636 1.42063 0.445909 0.00140784 0.47 
1931 21.8792 6.01292 0.688039 -0.00621226 0.47 
186 14.4863 9.01158 0.694945 0.000351714 0.47 
1213 23.0436 9.51698 0.671937 0.00928949 0.47 
581 14.4824 2.86017 0.63896 -0.00643529 0.47 
1924 18.8091 8.87356 0.693136 0.0111324 0.47 
138 20.221 8.02503 0.690988 0.00475931 0.47 
924 18.4084 7.80237 0.685935 0.0190449 0.47 
1267 16.5569 6.20981 0.683174 0.0149657 0.47 
434 22.5442 3.72618 0.639664 0.000681689 0.47 
1670 23.1567 10.9621 0.692908 0.022292 0.47 
776 17.0143 11.145 0.666924 0.000636258 0.47 
530 19.9214 9.22309 0.694474 0.0136362 0.47 
68 24.8326 13.5928 0.499826 0.0173139 0.47 
107 15.3665 4.60442 0.66231 0.0132793 0.47 
694 22.2666 9.26878 0.6802 0.0122507 0.47 
1766 18.3115 14.7936 0.25624 -0.000919625 0.47 
1040 16.235 11.2226 0.661034 -0.00646531 0.47 
1722 15.9617 3.5367 0.643245 0.0207791 0.47 
1918 20.8151 11.2916 0.688037 0.0127586 0.47 
80 24.1607 1.76609 0.530786 -0.0251217 0.47 
220 14.4544 10.2504 0.664395 -0.0165066 0.47 
82 25.1268 1.01201 0.383475 -0.033087 0.47 
83 23.4574 14.7816 0.265131 0.0213834 0.47 
91 25.06 12.8165 0.636931 0.0345879 0.47 
2335 14.8018 13.9842 0.433301 -0.00322233 0.47 
1796 25.5905 8.20653 0.678304 -0.00910919 0.47 
339 19.3102 2.12003 0.5359 0.0266037 0.47 
2385 21.9759 12.4143 0.621399 -0.00159926 0.47 
2147 21.147 7.29419 0.691786 0.0070889 0.47 
1268 15.6126 5.30449 0.670189 0.0115408 0.47 
1162 19.2418 12.5591 0.561333 0.00555064 0.47 
2511 23.6428 4.03327 0.657432 -0.00271035 0.47 
2166 17.0379 12.8315 0.544779 -0.0284609 0.47 
1836 16.6342 10.5635 0.668423 0.00960858 0.47 
128 21.9167 14.4228 0.322922 -0.00986174 0.47 
2411 17.1907 8.20347 0.696574 0.0266371 0.47 
1391 18.9301 1.39596 0.413136 0.0169567 0.47 
1831 19.9 7.72887 0.689755 0.00758287 0.47 
136 24.02 1.3587 0.447305 -0.013913 0.47 
1637 18.6204 10.6314 0.682239 0.00388074 0.47 
1945 19.8442 9.6134 0.694167 0.0158793 0.47 
111 23.8671 2.93516 0.608983 -0.00765021 0.47 
2274 14.2412 11.0601 0.645027 -0.0305466 0.47 
1233 16.3253 1.02297 0.409471 0.0149364 0.47 
1070 16.3518 3.47284 0.642539 0.0204314 0.47 
969 15.0241 12.2446 0.58745 -0.00328402 0.47 
362 22.587 8.03355 0.683262 7.63862e-05 0.47 
1187 24.1412 7.96825 0.682648 0.00269004 0.47 
1786 17.4306 5.69205 0.676538 0.0220321 0.47 
203 15.0469 12.6714 0.565687 -0.000651824 0.47 
2203 20.7475 12.8017 0.573527 0.00363505 0.47 
232 16.1139 4.74044 0.666428 0.0161024 0.47 
619 21.4005 9.52298 0.690489 0.0187915 0.47 
2364 18.6899 8.11369 0.692663 0.0116129 0.47 
508 20.1788 11.0058 0.666267 0.0180928 0.47 
2179 23.9744 2.54865 0.581905 -0.0157812 0.47 
838 19.5984 7.39334 0.684598 0.00871352 0.47 
1454 23.3592 4.86137 0.683499 0.000177888 0.47 
57 21.0007 13.9397 0.407744 -0.00663677 0.47 
735 23.5063 11.6946 0.689735 0.0256272 0.47 
1678 15.7308 8.84514 0.691595 -0.00799315 0.47 
391 19.317 0.221924 0.307477 0.00158153 0.47 
1769 22.0741 2.28909 0.549913 -0.0376751 0.47 
1200 25.1927 8.17414 0.675956 0.00760533 0.47 
1269 16.7119 8.85381 0.692987 0.0128915 0.47 
60 21.6655 5.69731 0.684365 -0.00545051 0.47 
2426 14.4265 9.81862 0.670671 -0.0145252 0.47 
731 25.8263 9.30175 0.687264 -0.00422447 0.47 
1900 24.2129 12.7777 0.625827 0.0492376 0.47 
668 19.1371 6.63068 0.688822 0.00981092 0.47 
2050 18.4946 7.30895 0.68944 0.0130554 0.47 
674 20.7214 13.5668 0.509425 0.0111528 0.47 
2480 24.7448 8.97349 0.685025 -0.0020479 0.47 
222 22.7853 1.37678 0.416252 -0.0168884 0.47 
1051 16.9992 4.22453 0.661309 0.0277526 0.47 
253 16.4346 6.59678 0.683489 0.0137201 0.47 
1316 17.0105 14.788 0.274799 0.00235938 0.47 
2455 21.9918 11.2798 0.676582 0.0237031 0.47 
245 24.9869 1.81569 0.522878 -0.0297138 0.47 
239 19.7456 12.5142 0.57988 0.00301757 0.47 
1559 19.9871 6.19956 0.689343 0.00241288 0.47 
2056 25.3408 5.83747 0.68316 0.00443747 0.47 
1994 21.9965 10.0888 0.69057 0.0256644 0.47 
2051 21.4195 8.00668 0.684153 0.00764599 0.47 
854 16.964 11.5762 0.653472 -0.00657132 0.47 
891 23.3694 7.60335 0.683898 -0.00367576 0.47 
552 18.9242 7.27414 0.690691 0.0100359 0.47 
1606 18.5284 6.10106 0.681515 0.0163077 0.47 
1550 19.9837 6.58758 0.689003 0.000685607 0.47 
2245 22.3805 13.7093 0.468396 0.00460028 0.47 
2310 17.762 10.4533 0.676437 -0.00849691 0.47 
881 20.8708 6.63413 0.693421 0.00404272 0.47 
1555 22.6992 7.16985 0.681656 -0.00276073 0.47 
580 15.0004 0.200051 0.237667 -0.0122302 0.47 
319 17.191 12.0454 0.624835 -0.0155704 0.47 
1632 22.9433 10.6003 0.688476 0.0237557 0.47 
742 15.9922 9.28465 0.689532 0.0052543 0.47 
275 25.3965 12.4222 0.63718 0.0266308 0.47 
1549 18.9749 3.89699 0.645962 0.0388839 0.47 
1975 18.2964 6.45697 0.684895 0.0186575 0.47 
811 15.5333 7.27256 0.685789 0.0130324 0.47 
383 20.1348 5.05031 0.694304 0.0117014 0.47 
1923 20.1795 1.2759 0.374431 0.0176512 0.47 
2175 14.6919 5.52397 0.67671 0.0240702 0.47 
975 17.5021 8.59278 0.697103 0.0204896 0.47 
292 23.3237 0.59416 0.296978 0.0159084 0.47 
1114 21.3297 4.91436 0.697017 -0.0115704 0.47 
2026 17.1609 0.651544 0.30467 0.014556 0.47 
918 23.0232 7.4025 0.681866 -0.00254998 0.47 
2071 16.7683 1.41951 0.493995 0.0123735 0.47 
1323 17.6626 1.82642 0.549762 -0.000504663 0.47 
498 15.3858 13.1759 0.515456 -0.0309726 0.47 
2319 19.6855 8.57994 0.693365 0.00844316 0.47 
307 25.7981 1.83952 0.511481 -0.0419853 0.47 
1626 24.9128 12.0328 0.674365 0.0249103 0.47 
685 23.8565 3.69213 0.651636 -0.00507428 0.47 
1885 22.9928 5.99779 0.690215 -0.0011479 0.47 
318 25.1994 13.99 0.45127 0.00709183 0.47 
1930 18.7204 14.4136 0.327982 -0.0135763 0.47 
322 21.2648 14.772 0.267255 -0.00569612 0.47 
2379 16.4205 8.1531 0.698413 0.0100802 0.47 
1448 17.3613 4.55173 0.673317 0.0252917 0.47 
2397 16.8548 1.82196 0.573444 0.0105606 0.47 
1455 24.3009 2.99902 0.611383 -0.0183978 0.47 
805 24.1478 10.1849 0.677446 0.00541689 0.47 
1840 14.8695 0.932321 0.44737 0.00274987 0.47 
1139 25.9014 10.7893 0.650659 0.000390355 0.47 
310 17.697 4.86649 0.675286 0.019614 0.47 
205 17.8748 14.7848 0.26893 0.00217485 0.47 
1792 16.236 7.44105 0.69124 0.0149579 0.47 
1955 24.899 6.70872 0.679617 -0.00201905 0.47 
218 22.4663 3.31189 0.626212 -0.000672389 0.47 
2483 19.1005 12.1968 0.598717 -0.00454114 0.47 
932 20.896 3.78375 0.649951 -0.0165937 0.47 
311 19.1497 9.10807 0.69621 0.00955885 0.47 
2296 16.0239 5.17264 0.669734 0.0143703 0.47 
1489 18.4706 2.69885 0.601093 0.037136 0.47 
418 20.7426 5.49822 0.695374 0.00145732 0.47 
1954 18.7912 13.2951 0.520719 -0.0228507 0.47 
1638 18.9017 5.02407 0.681043 0.025983 0.47 
2514 17.6839 13.5935 0.470271 -0.00662791 0.47 
1933 24.5151 4.80025 0.672469 -0.00284318 0.47 
191 16.1166 6.31192 0.680705 0.0138626 0.47 
368 21.4738 0.226845 0.243282 0.00553437 0.47 
831 18.5536 14.0404 0.398284 -0.0311669 0.47 
255 17.3622 10.3998 0.67478 -0.00145943 0.47 
2242 17.7294 13.9863 0.393704 0.00481909 0.47 
178 22.4138 12.9563 0.589119 0.0178304 0.47 
2501 24.522 12.377 0.628906 0.038152 0.47 
2130 16.3848 9.5605 0.675002 0.00815033 0.47 
1682 17.9812 0.635838 0.309905 0.00639712 0.47 
414 16.405 8.57047 0.694217 0.00917762 0.47 
1675 18.2305 10.8867 0.673585 -0.0124449 0.47 
875 25.4553 3.73743 0.647993 -0.011856 0.47 
1724 25.8666 3.55573 0.621754 0.00610061 0.47 
1742 14.0186 7.9233 0.68545 0.000428614 0.47 
1192 17.0919 13.2288 0.516665 -0.0274073 0.47 
901 18.4908 0.23689 0.313181 0.00372911 0.47 
106 17.8782 5.62199 0.679365 0.0159459 0.47 
393 23.2914 14.4192 0.313998 0.0115578 0.47 
970 17.9238 9.23463 0.68881 0.0223242 0.47 
308 22.8148 13.6937 0.469681 0.0115696 0.47 
2499 15.9409 7.14169 0.686797 0.0158924 0.47 
1635 21.5345 13.6068 0.499458 0.00916392 0.47 
2430 22.6022 2.50516 0.607554 -0.0121095 0.47 
405 22.9824 0.994406 0.365192 -0.000598356 0.47 
406 25.209 1.41748 0.466283 -0.035601 0.47 
1194 14.3438 8.23961 0.687387 0.00116774 0.47 
349 15.4221 12.3149 0.584019 -0.0150086 0.47 
1157 16.8058 13.5911 0.476926 -0.0305067 0.47 
223 15.842 11.1078 0.659913 -0.00102112 0.47 
2052 21.463 13.2062 0.521403 0.00295071 0.47 
2378 19.6358 0.59106 0.327302 0.0077643 0.47 
2135 23.2685 3.28059 0.617256 0.00966964 0.47 
396 23.3591 8.03428 0.682656 -0.000602677 0.47 
2106 16.8566 7.97429 0.701069 0.0149333 0.47 
848 14.4443 10.6925 0.661843 -0.0216962 0.47 
871 14.2885 0.936945 0.471363 -0.00518255 0.47 
1695 20.6706 9.37607 0.69302 0.015059 0.47 
2005 18.9335 3.00521 0.619036 0.0353442 0.47 
1117 21.5176 9.11211 0.688228 0.013891 0.47 
448 19.2008 14.7884 0.220573 0.00626073 0.47 
5 24.1208 5.84582 0.680307 -0.00368643 0.47 
593 14.5405 0.223678 0.265963 -0.00870741 0.47 
451 24.815 1.40328 0.465063 -0.0286116 0.47 
2161 15.9244 5.59949 0.669789 0.0151972 0.47 
770 25.2629 7.745 0.690072 0.00935397 0.47 
889 24.2001 11.2273 0.68562 0.0169875 0.47 
1403 21.9274 1.38065 0.405225 0.0311079 0.47 
2448 24.0814 8.76721 0.675669 0.00769001 0.47 
573 17.2424 13.6071 0.47729 -0.0210054 0.47 
126 16.6617 5.82529 0.673496 0.0143531 0.47 
949 23.3316 12.1012 0.677753 0.0301216 0.47 
471 24.9285 2.22684 0.56608 -0.0210862 0.47 
1296 22.188 8.17024 0.683061 0.00513887 0.47 
1247 23.7885 9.07646 0.672574 0.00317074 0.47 
768 21.7426 8.28279 0.684611 0.00784892 0.47 
2204 21.096 5.282 0.692958 -0.0102524 0.47 
2451 15.1637 9.33019 0.691364 -0.00170269 0.47 
775 17.0037 2.62243 0.616158 0.0334194 0.47 
2150 18.609 4.31652 0.686208 0.0317741 0.47 
1057 16.1119 8.83166 0.691939 0.00761507 0.47 
1814 16.6648 7.31151 0.689193 0.00912108 0.47 
180 18.9056 0.231586 0.317949 0.00350195 0.47 
501 21.3331 0.625547 0.293444 0.01295 0.47 
515 15.1565 9.75583 0.66814 -0.00242864 0.47 
14 14.8391 14.3837 0.373883 -0.0044282 0.47 
89 14.157 13.1484 0.504018 -0.030752 0.47 
512 19.7387 0.213092 0.285182 -0.00339874 0.47 
293 24.5459 10.4249 0.679234 -0.00221839 0.47 
549 15.098 8.57383 0.690137 -0.00596553 0.47 
246 21.989 11.679 0.659237 0.0218803 0.47 
1309 23.5552 10.901 0.687877 0.0189578 0.47 
2225 15.5487 13.5734 0.472774 -0.0232576 0.47 
1853 16.2353 13.1168 0.513051 -0.0254826 0.47 
1159 15.7105 14.7726 0.312621 -0.00380993 0.47 
726 20.1154 10.3102 0.68176 0.0173904 0.47 
2248 20.407 6.23125 0.685498 0.0162151 0.47 
2146 21.0395 10.8698 0.682632 0.0177807 0.47 
2289 19.2658 8.70812 0.693936 0.0102947 0.47 
520 20.4897 2.71456 0.586828 -0.00624628 0.47 
1411 25.393 9.32182 0.687936 -0.00132877 0.47 
2118 14.9259 6.23718 0.68023 0.0118896 0.47 
2020 17.8159 11.2659 0.667025 -0.0144228 0.47 
622 23.1264 10.1817 0.686169 0.0167316 0.47 
1561 15.1571 10.2209 0.669691 -0.00676387 0.47 
1442 21.1789 10.3973 0.687784 0.0201741 0.47 
115 15.8444 1.00718 0.407472 0.00906263 0.47 
771 20.624 3.09303 0.640623 -0.018313 0.47 
2201 19.2656 4.78674 0.684741 0.0265989 0.47 
2267 17.8195 10.8605 0.673773 -0.0124239 0.47 
1914 17.093 9.03623 0.689983 0.0228467 0.47 
48 17.3092 13.9995 0.406609 -0.00929115 0.47 
175 17.259 2.32438 0.604225 0.0245193 0.47 
1177 18.0658 0.230105 0.307988 0.00454672 0.47 
202 23.4138 3.66721 0.649218 0.00272138 0.47 
2431 23.3493 9.78962 0.679116 0.00797609 0.47 
211 17.2322 9.85764 0.669011 0.022109 0.47 
2406 21.3133 2.52514 0.579712 0.0059341 0.47 
2349 22.2064 2.66639 0.620786 -0.0461527 0.47 
657 20.9073 11.9762 0.626621 0.0200695 0.47 
514 16.605 2.63571 0.614906 0.0226904 0.47 
2180 20.3401 12.8483 0.568804 0.00763201 0.47 
1661 24.5908 3.44749 0.624327 -0.00984886 0.47 
1353 19.7963 14.0081 0.429591 0.00700446 0.47 
1023 15.7988 13.1937 0.512895 -0.0252073 0.47 
599 25.9821 1.01908 0.390015 -0.00174822 0.47 
1396 19.2155 5.88133 0.686357 0.00949058 0.47 
2350 20.3498 9.09619 0.693368 0.0121043 0.47 
1776 20.4397 4.73315 0.68674 3.54277e-05 0.47 
943 23.7457 8.21498 0.680673 -0.000659195 0.47 
2186 17.3374 2.86578 0.618937 0.0353182 0.47 
2419 23.3164 1.76092 0.544454 -0.0184306 0.47 
2239 19.1857 14.4035 0.328037 -0.00116025 0.47 
2107 24.4637 7.35155 0.691699 0.0002849 0.47 
618 23.8431 0.966151 0.383429 0.00511297 0.47 
102 15.8048 6.01869 0.674881 0.0130315 0.47 
708 21.3644 6.05064 0.6863 -0.00348724 0.47 
2326 17.4679 3.71292 0.649416 0.026868 0.47 
357 15.1185 11.8508 0.604755 -0.00149751 0.47 
243 19.6893 13.2411 0.527861 0.00331013 0.47 
819 25.6863 11.1859 0.658902 0.00273836 0.47 
656 22.5209 10.6891 0.688043 0.0349703 0.47 
1889 16.0266 1.82501 0.590015 0.0121983 0.47 
1270 14.8673 6.66212 0.679366 0.00699209 0.47 
2369 14.5653 5.9321 0.681035 0.0152273 0.47 
1848 22.714 13.3118 0.507484 0.00575591 0.47 
1390 19.7627 2.07112 0.517417 0.0244245 0.47 
459 24.895 7.52162 0.692543 0.0034584 0.47 
1981 18.7941 7.66971 0.683822 0.00929213 0.47 
2251 23.8802 9.89451 0.680392 0.00135538 0.47 
105 25.0385 3.79382 0.653493 -0.00835704 0.47 
1332 21.4134 2.915 0.635303 -0.0125601 0.47 
2189 22.7943 4.07896 0.648985 0.000984828 0.47 
34 19.7016 4.9243 0.690397 0.0176099 0.47 
2346 14.8107 14.7837 0.294138 -0.0118153 0.47 
1272 18.3913 0.646363 0.323251 0.00532807 0.47 
1473 18.4585 2.27219 0.571747 0.0380151 0.47 
978 25.6201 4.72957 0.663766 0.00796519 0.47 
84 22.2575 10.3871 0.688852 0.0314567 0.47 
957 14.5404 3.66089 0.655093 -0.00741207 0.47 
537 22.051 6.62331 0.687116 -0.00675552 0.47 
699 25.9212 14.7785 0.258196 -0.00127867 0.47 
536 16.2337 5.90564 0.67549 0.015532 0.47 
2344 15.2014 3.31032 0.650898 -0.0031074 0.47 
387 15.4379 7.72397 0.6846 0.00581544 0.47 
1380 15.0271 7.82454 0.681346 0.00131721 0.47 
62 20.8003 0.977802 0.356672 0.0204274 0.47 
315 23.0306 9.11555 0.682264 0.00427364 0.47 
1352 15.5041 5.72906 0.667704 0.0113104 0.47 
2410 22.95 6.40942 0.687294 0.00155838 0.47 
1184 25.0116 10.9829 0.66367 0.000819721 0.47 
22 18.7571 14.7968 0.230782 0.00433436 0.47 
722 22.3759 14.4404 0.313444 -0.0142056 0.47 
1212 21.4386 10.7104 0.685965 0.021573 0.47 
733 22.1004 14.7893 0.277304 -0.000659844 0.47 
1521 17.0171 10.6936 0.671332 0.00619943 0.47 
743 20.8671 14.758 0.251244 -0.00810675 0.47 
744 24.5791 1.81913 0.530762 -0.0303256 0.47 
162 18.1313 7.53304 0.691721 0.011562 0.47 
313 22.9435 8.26572 0.681471 0.0023741 0.47 
835 14.3229 7.65911 0.678936 -0.00603213 0.47 
752 25.3623 0.643707 0.326419 -0.0245618 0.47 
754 24.5135 13.1694 0.559998 0.032002 0.47 
757 22.554 0.986344 0.349263 -0.015386 0.47 
131 20.7768 8.96249 0.691264 0.0125068 0.47 
1849 18.9708 6.21067 0.685451 0.0112321 0.47 
1445 23.7523 6.05018 0.680895 -0.00290448 0.47 
1756 15.9804 13.5462 0.471477 -0.00929353 0.47 
664 18.9384 1.79239 0.511695 0.0218943 0.47 
729 24.5319 11.9618 0.672973 0.0357701 0.47 
839 24.5497 8.2156 0.68097 0.00225929 0.47 
2073 18.6893 9.31683 0.69885 0.00468727 0.47 
2293 18.7754 5.78824 0.683757 0.0179891 0.47 
723 18.8748 10.2225 0.687 0.00675884 0.47 
688 22.6528 9.05661 0.680864 0.0254034 0.47 
660 22.3858 2.07894 0.593415 0.00827593 0.47 
792 22.2122 14.0788 0.348543 -0.023971 0.47 
1439 19.761 6.99745 0.681872 0.00728131 0.47 
1443 16.3503 1.42843 0.509189 0.0222751 0.47 
746 20.5966 13.9659 0.421065 0.00384292 0.47 
1174 18.223 11.286 0.665367 -0.01477 0.47 
799 23.7072 0.573183 0.28881 0.0260971 0.47 
365 16.4429 1.83652 0.585538 0.0198474 0.47 
64 23.3902 4.44742 0.678141 -0.000839107 0.47 
351 23.4104 9.28679 0.674109 0.00868386 0.47 
2354 15.8654 10.6635 0.663261 0.00368408 0.47 
209 18.7989 0.633347 0.326501 0.00881125 0.47 
1787 25.6837 5.52285 0.672922 0.00448333 0.47 
1440 18.3883 6.88944 0.685442 0.0164869 0.47 
2120 14.3991 14.3751 0.368577 0.00176778 0.47 
342 24.1756 10.5913 0.687079 0.00957813 0.47 
2452 14.314 5.37786 0.689843 -0.0216738 0.47 
386 21.1266 13.5267 0.513806 0.00592398 0.47 
305 17.4937 9.08608 0.692152 0.0163626 0.47 
52 14.6112 1.22467 0.466937 0.0139593 0.47 
228 23.7152 11.2887 0.683611 0.0202907 0.47 
477 23.3576 10.5381 0.688173 0.0146579 0.47 
557 21.3961 13.9964 0.378738 -0.011123 0.47 
844 20.6048 0.200495 0.244907 -0.0102158 0.47 
2282 16.9285 6.37567 0.683626 0.0175026 0.47 
398 16.583 4.25186 0.661418 0.0207987 0.47 
137 14.7281 7.51194 0.680747 -0.00104704 0.47 
1257 17.5816 5.28514 0.675072 0.0213478 0.47 
1374 19.4674 11.4237 0.672872 0.01144 0.47 
1518 24.55 9.4014 0.683211 0.00138446 0.47 
1402 22.083 10.8243 0.692199 0.0356362 0.47 
54 23.6961 3.30273 0.617708 -0.00049793 0.47 
114 17.4117 14.3846 0.342241 0.00883651 0.47 
856 23.0825 2.52637 0.593051 -0.0014461 0.47 
2025 14.9267 2.82084 0.635071 -0.011325 0.47 
902 25.2217 6.35134 0.684772 -0.00676163 0.47 
2472 17.0307 7.11804 0.6936 0.0128788 0.47 
2168 17.2116 0.236211 0.278217 0.00841736 0.47 
2494 14.8928 11.5364 0.625202 -0.0167867 0.47 
2079 23.6776 6.90628 0.691028 0.0014332 0.47 
482 14.7723 9.49889 0.67663 -0.0192771 0.47 
1654 14.5441 13.2522 0.512603 -0.0367543 0.47 
1129 21.6502 4.51228 0.664823 -0.00458291 0.47 
1031 16.3309 0.217164 0.2622 0.00303688 0.47 
1397 19.3506 1.34971 0.393555 0.0202036 0.47 
235 16.1093 7.89453 0.694138 0.0111836 0.47 
558 23.7424 7.79081 0.684017 -0.00156199 0.47 
1424 15.8312 7.5832 0.689016 0.0126176 0.47 
958 17.3538 11.6592 0.650797 -0.00718522 0.47 
910 23.652 13.6307 0.471918 0.0377673 0.47 
50 16.4367 5.0772 0.670547 0.0164329 0.47 
922 19.4152 6.28176 0.68557 0.00570419 0.47 
2342 24.085 7.54626 0.689261 0.0010754 0.47 
1805 21.1485 12.6811 0.591555 0.0159727 0.47 
1791 23.7663 4.79102 0.681431 -0.0077243 0.47 
2362 17.2733 4.9677 0.673624 0.0245569 0.47 
325 21.6909 6.35828 0.68689 -0.00514316 0.47 
929 24.4247 1.40689 0.462153 -0.0288014 0.47 
662 18.3824 9.01161 0.688945 0.0126261 0.47 
1077 15.5206 10.021 0.672021 -0.004216 0.47 
206 20.7026 1.76094 0.465229 0.0211383 0.47 
631 20.5837 14.3672 0.3408 0.00805953 0.47 
2164 23.4051 5.79883 0.67942 0.000883361 0.47 
951 24.3565 13.982 0.426653 0.0197306 0.47 
565 19.7289 11.796 0.637555 0.00579736 0.47 
1367 21.9767 4.2406 0.649754 -0.00128665 0.47 
1983 18.5703 8.53126 0.696482 0.0117284 0.47 
1082 25.0269 3.39024 0.614078 -0.00926096 0.47 
961 25.7577 0.629991 0.339225 -0.00407747 0.47 
75 23.9437 11.6228 0.684677 0.0269032 0.47 
2497 18.2682 14.4017 0.339774 -0.0173719 0.47 
1467 14.5481 0.624289 0.417606 -0.00438626 0.47 
974 20.9259 0.601663 0.2965 0.00168358 0.47 
979 25.2276 0.23334 0.258528 -0.00912651 0.47 
1469 20.0903 2.3813 0.540038 0.0156617 0.47 
1080 21.6239 6.75711 0.68826 -0.00174414 0.47 
716 17.0589 5.88665 0.673516 0.0199993 0.47 
1304 16.4683 13.9669 0.424707 -0.0308743 0.47 
24 24.2676 3.76056 0.656614 -0.0244161 0.47 
751 17.9187 9.6964 0.689678 0.00192269 0.47 
982 23.5606 10.1461 0.685937 0.00876616 0.47 
491 19.1626 4.2626 0.67409 0.0277043 0.47 
2309 17.7247 7.49874 0.689132 0.022885 0.47 
1633 24.7252 3.04158 0.607216 -0.0112693 0.47 
904 15.7948 3.95445 0.654393 0.0185642 0.47 
230 14.0968 6.55532 0.676338 -0.00912137 0.47 
1005 25.6064 1.45197 0.463717 -0.0388965 0.47 
42 20.3464 4.3175 0.667032 0.00105163 0.47 
1041 24.1437 8.37155 0.678795 0.00467171 0.47 
1674 18.852 2.59817 0.587392 0.0369946 0.47 
2193 21.0449 13.1129 0.539261 0.00560663 0.47 
798 18.498 1.44007 0.434575 0.0199631 0.47 
2023 23.3249 12.8877 0.598224 0.0299647 0.47 
1015 24.2775 0.994753 0.397153 -0.021132 0.47 
2315 19.2383 13.2589 0.527727 -0.00115147 0.47 
1957 16.6425 3.84213 0.65107 0.0228033 0.47 
36 20.0273 5.7732 0.694994 0.00558593 0.47 
1026 25.4717 14.3745 0.324639 -0.00304645 0.47 
2333 23.7467 5.60003 0.677396 -0.00242871 0.47 
1356 17.1087 8.63283 0.695981 0.0241873 0.47 
1029 25.3907 1.81644 0.514135 -0.0307044 0.47 
1617 21.8366 7.87713 0.685339 0.00583125 0.47 
1225 25.6893 10.4447 0.656878 -0.0075542 0.47 
740 18.5288 4.73002 0.67578 0.0240117 0.47 
1329 23.4226 2.90308 0.610327 0.0045752 0.47 
2398 19.2493 2.51261 0.569834 0.0326251 0.47 
529 22.8521 9.87523 0.683357 0.0195895 0.47 
1565 20.2395 12.4695 0.595277 0.00212904 0.47 
1338 15.6413 13.9656 0.424624 -0.00946869 0.47 
925 24.8779 10.6161 0.678009 -0.00484424 0.47 
1861 22.3925 11.5011 0.665443 0.0471152 0.47 
1164 17.6676 6.01289 0.686236 0.0157292 0.47 
1284 24.9759 10.1571 0.680536 -0.00973877 0.47 
649 19.7621 11.0496 0.660285 0.0151809 0.47 
1999 16.5329 7.72618 0.696582 0.0128143 0.47 
1444 22.3431 1.32542 0.394319 0.0102259 0.47 
490 22.1467 3.87978 0.629992 -0.0147967 0.47 
294 14.9997 4.3753 0.663469 0.00470004 0.47 
2268 18.6978 6.5192 0.6865 0.0118671 0.47 
1083 24.5331 0.584398 0.283498 -0.00540686 0.47 
1253 14.5337 2.45796 0.617903 -0.0138343 0.47 
299 22.5267 4.9763 0.689893 -0.0169722 0.47 
1246 22.7645 11.0261 0.695351 0.0291554 0.47 
1095 21.7423 0.610361 0.288524 0.0246814 0.47 
1195 21.2176 6.88166 0.691459 0.00390816 0.47 
646 24.1395 11.9884 0.67713 0.0430744 0.47 
1378 16.1924 2.66189 0.611747 0.021534 0.47 
2331 17.834 8.8383 0.700363 0.0216033 0.47 
724 17.5829 8.14289 0.694485 0.0141404 0.47 
2224 19.2199 7.54089 0.686836 0.0142883 0.47 
1260 16.9783 14.3883 0.355097 -0.00918271 0.47 
1897 19.3002 10.2634 0.688251 0.0124742 0.47 
1109 24.0527 13.5671 0.479782 0.0426987 0.47 
1110 25.6366 13.5644 0.530726 0.0111385 0.47 
258 20.3627 11.3613 0.680358 0.00991599 0.47 
1580 18.1893 4.3235 0.678276 0.0111611 0.47 
939 22.165 12.0285 0.670863 0.013534 0.47 
2 25.1563 11.685 0.669116 0.0120933 0.47 
519 23.2181 4.06003 0.655691 0.00225258 0.47 
2277 23.6684 2.14106 0.57001 -0.0102612 0.47 
2356 17.6606 2.64597 0.600742 0.00606778 0.47 
1560 16.9989 7.58663 0.687063 0.0105695 0.47 
1427 20.9035 2.5681 0.56865 -0.0243352 0.47 
1901 14.1175 11.9414 0.614619 -0.0320254 0.47 
281 16.8533 5.02751 0.67226 0.0214741 0.47 
1149 22.8609 3.30081 0.620087 0.00934101 0.47 
2162 24.3949 2.61153 0.582053 -0.0223147 0.47 
493 22.3721 11.1002 0.694226 0.043544 0.47 
1144 23.8822 14.7632 0.283568 0.0141481 0.47 
2196 16.9479 3.03531 0.624937 0.0330853 0.47 
2482 21.0928 7.73586 0.68631 0.00327706 0.47 
1592 24.6422 3.89218 0.654786 -0.00123558 0.47 
2388 23.2819 11.3438 0.675619 0.0294394 0.47 
1727 18.815 6.90685 0.687234 0.0105132 0.47 
1516 15.6101 6.84179 0.684535 0.0156123 0.47 
1161 24.2874 14.7677 0.282288 0.00475377 0.47 
597 16.235 12.6742 0.556931 -0.0292593 0.47 
1168 24.5083 2.2219 0.566521 -0.0238831 0.47 
1990 24.06 7.1296 0.693733 -0.000132807 0.47 
1191 17.9182 6.31891 0.683819 0.0183677 0.47 
1171 23.6155 1.3555 0.43452 -0.00410714 0.47 
1172 25.8117 12.3897 0.642654 -0.00821805 0.47 
606 17.4136 4.13531 0.65962 0.0274254 0.47 
509 15.2063 6.96302 0.683162 0.0110585 0.47 
895 25.2547 4.9507 0.668049 -0.0019501 0.47 
66 23.3207 8.44893 0.677643 0.00206482 0.47 
769 23.7972 4.39646 0.676942 -0.0103027 0.47 
2082 25.4172 10.0949 0.684644 -0.0104786 0.47 
730 21.9629 5.41602 0.692862 0.00167761 0.47 
1596 24.0932 2.16254 0.566763 -0.0205552 0.47 
861 19.3733 5.18179 0.691369 0.0195758 0.47 
1761 24.4812 6.5203 0.680557 -0.00478525 0.47 
1603 25.6262 9.69127 0.690951 -0.000841749 0.47 
817 24.0787 12.3964 0.621331 0.0487136 0.47 
833 20.885 8.55385 0.688937 0.00928076 0.47 
1422 15.2163 2.10829 0.607965 -0.0198531 0.47 
169 24.5618 10.0391 0.676983 -0.00404033 0.47 
1693 22.5662 2.91531 0.619751 -0.00777021 0.47 
1221 24.6839 14.7798 0.275929 -0.000863798 0.47 
1883 19.5321 12.177 0.590202 0.00155022 0.47 
1566 16.2503 10.8167 0.666596 -0.00164214 0.47 
2508 17.4255 12.4413 0.580797 -0.0293664 0.47 
45 21.0917 9.24161 0.69072 0.016373 0.47 
1407 20.5566 8.28515 0.689975 0.00635295 0.47 
984 16.1198 3.08942 0.630038 0.0229097 0.47 
2291 14.1415 5.01946 0.658981 -0.0101625 0.47 
1979 17.5316 13.2275 0.515225 -0.0241785 0.47 
2117 22.2885 13.3298 0.492565 -0.00435323 0.47 
1062 24.8031 7.10091 0.695941 0.00433939 0.47 
1252 20.4609 14.7644 0.232758 -0.00706513 0.47 
127 15.5198 11.8927 0.603616 -0.0112047 0.47 
8 21.9399 8.9878 0.687667 0.00923553 0.47 
1495 15.7182 8.05585 0.688772 0.00287211 0.47 
1418 17.3567 7.33777 0.69029 0.0211106 0.47 
1273 24.7755 13.9954 0.440423 0.0141584 0.47 
814 20.3677 0.939797 0.356923 0.0107755 0.47 
1500 23.6435 12.4583 0.613552 0.0341651 0.47 
2001 18.9188 4.58019 0.681762 0.0344124 0.47 
947 15.131 13.5585 0.471179 -0.0364971 0.47 
1659 22.6862 10.2775 0.686308 0.0270038 0.47 
878 20.2007 6.93151 0.67492 0.00413765 0.47 
1601 23.2367 2.15282 0.581638 -0.0110353 0.47 
586 20.9247 5.86503 0.693117 0.00330172 0.47 
774 16.6068 12.3538 0.577897 -0.0261085 0.47 
120 16.275 9.96217 0.666648 0.00316222 0.47 
1007 20.9053 4.92614 0.69546 -0.0115906 0.47 
1021 25.1701 2.99898 0.601617 -0.0155771 0.47 
1818 25.2056 9.7346 0.686748 -0.00842684 0.47 
1220 14.6096 7.9328 0.679317 -0.00506338 0.47 
1961 15.3501 6.11414 0.681894 0.0179637 0.47 
2507 18.8749 2.18951 0.553798 0.030539 0.47 
1433 15.4725 0.617962 0.365894 -0.0259984 0.47 
2156 21.359 3.32304 0.641901 -0.0162501 0.47 
2506 14.5859 11.2699 0.637496 -0.0264266 0.47 
1612 20.7338 12.3979 0.601945 0.00570174 0.47 
1152 14.3866 13.9715 0.434889 -0.00473204 0.47 
1343 25.6282 2.98742 0.59632 -0.0210741 0.47 
1928 18.0626 2.62802 0.603267 0.013635 0.47 
741 18.3281 5.58731 0.677807 0.0189447 0.47 
121 15.135 7.39675 0.682999 0.00638971 0.47 
1140 15.3418 2.54847 0.608712 -0.0173236 0.47 
46 22.1345 4.62061 0.679015 -0.00730021 0.47 
2220 18.5044 1.85362 0.528812 0.0298232 0.47 
1322 19.3631 11.024 0.657398 0.0146012 0.47 
1360 25.9964 1.43505 0.467264 -0.000433031 0.47 
1053 17.384 7.78159 0.683775 0.0203843 0.47 
1365 25.358 2.21325 0.565153 -0.0243065 0.47 
1970 14.3908 3.27324 0.644792 -0.00571863 0.47 
801 21.8985 7.45834 0.687586 0.00156747 0.47 
244 19.8114 3.24693 0.646562 0.0195748 0.47 
1542 22.8024 2.16528 0.599103 -0.0124217 0.47 
718 21.1573 1.74275 0.469091 0.0153621 0.47 
1557 14.388 2.0787 0.579772 -0.00404573 0.47 
317 19.461 12.8885 0.5677 -3.34606e-05 0.47 
109 15.0989 1.29316 0.485895 -0.0132157 0.47 
1711 20.7709 7.47546 0.685393 0.000818187 0.47 
1142 17.6459 2.2351 0.592022 0.00306416 0.47 
1042 24.079 9.39232 0.679311 -0.00346042 0.47 
2337 15.8968 0.609104 0.352551 0.00524785 0.47 
1667 24.5069 5.23571 0.67479 7.00394e-05 0.47 
1892 20.1091 9.91771 0.693671 0.0160688 0.47 
2447 25.4671 3.34398 0.611599 -0.0149024 0.47 
1721 24.4795 10.8614 0.689718 0.0111767 0.47 
682 24.1309 5.00588 0.679391 -0.00777792 0.47 
354 16.7941 9.75789 0.67217 0.0136571 0.47 
271 22.39 6.89435 0.682891 -0.00209546 0.47 
628 16.6285 12.7782 0.548783 -0.0260931 0.47 
85 25.5489 11.5979 0.66193 0.0052594 0.47 
1019 15.4782 10.951 0.65641 0.00564724 0.47 
92 14.1656 3.79787 0.652445 -0.00895576 0.47 
90 17.5959 7.00073 0.681864 0.0163919 0.47 
1242 23.7064 6.4743 0.689276 0.00162618 0.47 
965 14.6542 12.0382 0.602872 -0.0248999 0.47 
2016 15.6085 2.24057 0.61559 -0.0153007 0.47 
1130 15.3035 5.02366 0.662052 0.0130755 0.47 
753 20.9748 9.66008 0.692542 0.0193273 0.47 
1648 20.6629 7.88218 0.68913 0.00386803 0.47 
174 15.0267 0.585437 0.390416 -0.015623 0.47 
818 23.285 7.09396 0.690505 0.00362912 0.47 
372 18.4732 10.2026 0.688664 0.00537918 0.47 
1004 14.7897 3.20332 0.648688 -0.00286127 0.47 
1669 17.3122 6.23059 0.684191 0.0128052 0.47 
1830 23.7698 12.8388 0.607999 0.0350913 0.47 
56 17.9974 13.2268 0.502618 -0.0122023 0.47 
1568 20.0219 4.65335 0.68536 0.0130786 0.47 
257 21.5626 12.4128 0.616215 0.0110501 0.47 
1651 23.3524 6.22904 0.687293 0.00475767 0.47 
2265 23.7406 12.0475 0.679273 0.0353907 0.47 
140 19.5594 9.88362 0.687653 0.00958066 0.47 
940 23.5395 2.52358 0.584394 -0.00376802 0.47 
781 20.7809 7.02102 0.694319 0.00692297 0.47 
1655 14.9334 3.60255 0.656429 0.00131573 0.47 
1850 24.8292 6.29905 0.684135 -0.00165074 0.47 
1281 19.304 7.04629 0.686811 0.00777711 0.47 
1478 23.0748 14.0604 0.373057 0.00430702 0.47 
441 15.3746 3.76869 0.657677 0.00852489 0.47 
2004 14.0557 10.171 0.66363 -0.013461 0.47 
2037 21.2743 2.12697 0.542692 0.0042283 0.47 
1866 18.9973 3.42329 0.645714 0.0350001 0.47 
1671 18.97 13.654 0.492619 -0.00760475 0.47 
1485 24.1167 0.592397 0.281951 0.00598683 0.47 
1486 25.5633 1.0432 0.387228 -0.0331316 0.47 
1199 16.8206 2.22666 0.619337 0.0214486 0.47 
2376 19.73 3.66429 0.649324 0.0168414 0.47 
2422 15.7579 11.5189 0.628215 -0.00977249 0.47 
1438 22.2281 5.78589 0.692657 -0.00263492 0.47 
2045 18.0832 1.82274 0.538655 0.00349194 0.47 
158 19.8456 5.34811 0.695814 0.0150613 0.47 
2266 23.6789 7.33365 0.691774 0.00101688 0.47 
938 24.1314 5.42604 0.67523 -0.00517073 0.47 
2488 14.547 4.97148 0.66399 -0.00794985 0.47 
796 19.4116 13.6226 0.507754 0.00589684 0.47 
2290 19.7986 8.15487 0.692595 0.0089692 0.47 
637 21.2249 4.525 0.672908 -0.0114018 0.47 
25 17.1512 9.45093 0.681585 0.0207946 0.47 
2252 16.4022 2.24826 0.621587 0.0239743 0.47 
1903 15.2589 14.7784 0.308952 -0.010363 0.47 
1102 20.0506 3.93757 0.655393 0.00862206 0.47 
1513 25.482 12.8068 0.640621 0.0216715 0.47 
1052 25.2618 10.4909 0.670262 -0.010192 0.47 
663 22.9818 3.68933 0.647797 0.00509322 0.47 
2363 16.3192 0.620422 0.33389 0.0109879 0.47 
1523 25.2357 2.60338 0.579724 -0.0206568 0.47 
1104 25.5855 6.21267 0.689813 0.00176344 0.47 
758 16.3877 9.12759 0.689997 0.00745023 0.47 
1165 19.4881 10.6347 0.683529 0.0177148 0.47 
94 16.1433 11.6135 0.633235 -0.0170257 0.47 
1872 20.0181 8.8275 0.693396 0.0108734 0.47 
870 22.7865 12.5497 0.61373 0.024394 0.47 
1534 19.6277 14.7831 0.222575 -0.00332566 0.47 
1079 24.0663 6.70125 0.691602 0.00148357 0.47 
1536 25.0883 14.7877 0.266364 -0.000498968 0.47 
476 21.6281 1.90096 0.510875 -0.032561 0.47 
1363 14.2254 4.20993 0.6609 -0.00627293 0.47 
655 21.9715 7.03561 0.686623 -0.00287587 0.47 
1546 22.9428 0.592174 0.294099 -0.00673979 0.47 
466 22.8381 11.416 0.66865 0.0356388 0.47 
1581 19.3232 3.70991 0.647472 0.031428 0.47 
1684 14.8893 9.00873 0.695483 -0.00485212 0.47 
1554 22.0922 0.974819 0.340779 0.0202927 0.47 
1556 22.3499 0.210051 0.217492 -0.00456742 0.47 
1 14.9427 4.77549 0.664973 0.00629301 0.47 
1540 14.8042 7.08827 0.680216 0.00269631 0.47 
1014 21.0394 1.36374 0.388072 0.0337845 0.47 
823 20.5543 9.79883 0.693072 0.0162907 0.47 
1574 23.2398 13.665 0.469687 0.0250143 0.47 
623 15.4394 12.7572 0.566491 -0.0234054 0.47 
1577 22.547 14.7947 0.270367 -0.00131799 0.47 
2413 23.7248 5.19654 0.683716 -0.00518062 0.47 
1710 14.0141 3.38905 0.641271 -0.0114766 0.47 
1532 14.1855 1.31932 0.501339 0.0149724 0.47 
1528 20.1818 11.7565 0.647116 0.0128705 0.47 
1197 14.4819 11.6897 0.617034 -0.0320527 0.47 
1723 21.8842 13.2359 0.509225 -0.00915616 0.47 
1017 22.4549 1.70266 0.524684 -0.0123034 0.47 
363 19.4998 7.84879 0.69147 0.0105034 0.47 
1600 16.1565 14.7694 0.304377 -0.00395974 0.47 
1275 20.2417 2.01456 0.505198 0.00857534 0.47 
2227 22.6154 11.8218 0.685941 0.0340163 0.47 
538 14.9365 2.4157 0.612259 -0.0183578 0.47 
1806 25.2549 11.2837 0.658178 0.00708536 0.47 
745 24.3762 11.584 0.670986 0.0288082 0.47 
1297 22.9813 2.90425 0.617342 0.00719617 0.47 
1619 20.2831 5.45342 0.702777 0.0077868 0.47 
1163 18.1553 11.6717 0.650953 -0.0211839 0.47 
783 17.5586 9.5207 0.678722 0.0197281 0.47 
784 17.6369 0.2261 0.293956 0.00443567 0.47 
963 21.7458 3.22706 0.641377 -0.0293617 0.47 
2207 23.3655 8.8656 0.678825 0.00238142 0.47 
153 16.5451 14.3735 0.367467 -0.019201 0.47 
2475 25.7406 4.33861 0.657112 0.0096444 0.47 
1569 24.8806 5.07336 0.671125 -0.00212392 0.47 
1656 22.3893 5.38107 0.694004 -0.00754067 0.47 
130 20.4747 5.83879 0.696118 0.0131745 0.47 
2195 22.9065 6.82978 0.687946 0.00216207 0.47 
2446 25.8009 8.56733 0.682494 -0.0103513 0.47 
1642 23.788 0.198451 0.207597 0.00502403 0.47 
1935 22.5444 8.47255 0.680602 0.000373521 0.47 
826 19.7239 10.2501 0.684002 0.012695 0.47 
1498 24.4904 6.06932 0.681968 -0.000690714 0.47 
1753 25.2702 4.51942 0.669901 -0.00722155 0.47 
1653 25.6238 13.9737 0.460934 0.0098435 0.47 
2128 14.4612 6.79861 0.676947 -0.000154072 0.47 
1893 24.9106 8.50869 0.679345 0.00638226 0.47 
1662 21.0421 0.215375 0.242161 -0.0070759 0.47 
566 17.4082 10.833 0.673351 -0.00217476 0.47 
647 20.5587 5.13501 0.698497 -0.00283978 0.47 
1179 21.2897 9.9393 0.692209 0.0225867 0.47 
1672 23.2037 1.36729 0.422817 -0.00423597 0.47 
184 24.8999 5.49797 0.673728 -0.00175296 0.47 
853 25.3678 4.12679 0.664621 -0.0101545 0.47 
693 17.9248 7.90614 0.693781 0.0158933 0.47 
1987 18.5976 11.0776 0.663768 0.00338083 0.47 
1784 22.1461 9.67094 0.687041 0.0192082 0.47 
1685 22.1513 0.579615 0.276595 0.00397149 0.47 
2144 17.5994 12.0612 0.630767 -0.016881 0.47 
1967 22.3002 7.31942 0.684581 0.000107059 0.47 
278 21.5104 1.46607 0.41021 0.00736448 0.47 
1420 19.9047 10.6637 0.680866 0.0172553 0.47 
1819 20.4526 8.6899 0.692014 0.00957379 0.47 
93 20.9616 3.38443 0.644814 -0.0247957 0.47 
1061 24.9392 4.21295 0.667788 -0.00550654 0.47 
500 14.5935 4.51451 0.665349 -0.00284867 0.47 
187 15.5171 10.4633 0.665806 -0.000398166 0.47 
809 21.5607 7.1714 0.689419 0.00284397 0.47 
1294 20.4587 3.90006 0.653047 -0.00868357 0.47 
1705 22.5522 0.589886 0.279765 -0.0183689 0.47 
1366 14.7319 13.5871 0.46378 0.000212209 0.47 
2338 18.0082 12.0652 0.632679 -0.0234446 0.47 
1166 17.8348 14.3849 0.345974 -0.00368268 0.47 
454 15.4541 0.216723 0.240272 -0.0166521 0.47 
1314 17.7052 1.02972 0.419797 -0.00503815 0.47 
486 21.7822 2.74044 0.62906 -0.0281969 0.47 
1494 15.5574 8.47903 0.68792 -0.00526733 0.47 
110 17.4087 11.2517 0.667373 -0.00395172 0.47 
1230 24.5194 4.31636 0.669662 -0.0033976 0.47 
1256 16.3842 13.5517 0.475258 -0.0389983 0.47 
1910 22.9866 7.83905 0.683947 -0.000254558 0.47 
845 14.8056 9.97828 0.667799 -0.0113061 0.47 
1748 21.6848 11.0255 0.678808 0.0259249 0.47 
141 22.9762 4.45965 0.678022 -0.010406 0.47 
976 17.215 6.73382 0.683563 0.0117376 0.47 
1335 20.0745 2.77225 0.595946 0.0159782 0.47 
4 16.7548 9.31976 0.683397 0.0155847 0.47 
240 17.0115 10.2159 0.663554 0.0176076 0.47 
2341 15.0888 11.1507 0.646373 -0.00869926 0.47 
1205 15.6121 1.82475 0.588512 -0.0216774 0.47 
1966 19.2133 0.612971 0.328875 0.0082908 0.47 
139 18.1057 4.75843 0.676133 0.0142618 0.47 
1857 25.517 7.41612 0.688326 0.00620632 0.47 
1758 20.1686 0.205448 0.261994 -0.00684622 0.47 
272 16.6359 10.9994 0.665386 0.008575 0.47 
966 21.1825 12.2684 0.6141 0.0236565 0.47 
609 19.0487 10.6167 0.685391 0.0061708 0.47 
12 18.2894 12.7721 0.539953 -0.00114441 0.47 
1078 21.5449 5.28857 0.695 -0.00960086 0.47 
2396 16.5876 11.4479 0.649134 0.00785287 0.47 
2442 24.4342 6.92222 0.696971 -0.000576546 0.47 
1181 17.2489 1.06584 0.427572 0.00778638 0.47 
2024 22.1124 3.054 0.64337 -0.0305044 0.47 
1867 15.2708 14.3752 0.375488 -0.0146319 0.47 
2256 20.0724 0.580967 0.319072 0.00592622 0.47 
738 17.8953 8.38607 0.690519 0.018136 0.47 
1780 25.9043 12.782 0.636207 -0.00195439 0.47 
2228 18.2191 3.4458 0.643369 0.0157664 0.47 
1245 22.5477 6.52774 0.686948 0.00015658 0.47 
2132 19.0929 5.47372 0.682743 0.0127212 0.47 
1795 25.5042 14.779 0.261928 8.28461e-05 0.47 
1552 15.9516 9.71599 0.666045 0.00357334 0.47 
2503 16.118 14.3612 0.374855 -0.0129929 0.47 
20 18.52 13.6346 0.475668 -0.0433666 0.47 
2322 18.192 3.02963 0.624293 0.0183986 0.47 
2104 14.6514 12.8701 0.550185 -0.0275453 0.47 
1071 19.3033 2.90916 0.611968 0.03015 0.47 
1793 16.7813 8.39173 0.697658 0.0156089 0.47 
1003 18.5944 11.5087 0.658181 -0.0030743 0.47 
559 20.8022 4.54767 0.679114 -0.0103879 0.47 
1835 17.2555 1.90321 0.568186 0.0220446 0.47 
1088 16.773 0.222167 0.267202 0.000150583 0.47 
1873 18.195 8.66414 0.696369 0.0100141 0.47 
1821 25.8899 13.1815 0.559365 0.00361218 0.47 
1822 23.9385 13.9804 0.406334 0.0363235 0.47 
756 16.0017 8.38399 0.693361 0.0047504 0.47 
1825 21.8024 14.034 0.359874 -0.0200025 0.47 
1520 21.745 4.91342 0.698689 -0.00986407 0.47 
421 20.6144 10.9508 0.67524 0.0180607 0.47 
945 21.5705 10.2315 0.693662 0.0246454 0.47 
626 15.5609 9.6186 0.666659 -0.00609971 0.47 
634 18.1577 1.03139 0.404571 -0.00647528 0.47 
1251 14.2207 8.64492 0.689406 -7.63481e-05 0.47 
698 16.3391 5.49276 0.66985 0.0154476 0.47 
1904 17.8362 3.53849 0.643846 0.0136016 0.47 
1991 24.502 7.7619 0.684381 0.00102489 0.47 
510 15.0216 3.98495 0.659442 0.00333164 0.47 
1851 21.9029 0.215885 0.23069 0.00612641 0.47 
843 15.5858 3.44313 0.647989 0.00411768 0.47 
1875 20.142 3.54277 0.651068 0.00524849 0.47 
1859 24.1797 14.372 0.318159 0.00196028 0.47 
288 16.888 13.9918 0.417801 -0.022192 0.47 
863 22.8724 12.9297 0.591751 0.0267747 0.47 
1868 25.667 0.224027 0.265576 0.00103297 0.47 
70 25.151 8.9281 0.687146 0.00110942 0.47 
2263 16.6237 10.1444 0.665051 0.00853003 0.47 
337 21.2623 5.64348 0.687063 -0.00769276 0.47 
497 16.1682 4.311 0.661713 0.0185223 0.47 
467 22.3534 12.5778 0.605046 0.014417 0.47 
1371 19.6879 2.85983 0.606571 0.0330615 0.47 
1341 19.4655 9.436 0.696948 0.00858299 0.47 
1880 24.0578 13.1677 0.560345 0.0398774 0.47 
190 21.6345 8.69804 0.685597 0.010608 0.47 
1587 21.8316 9.39733 0.686913 0.0147602 0.47 
1065 19.9935 12.1406 0.596859 0.00802738 0.47 
2010 15.7261 3.0683 0.633404 0.000222589 0.47 
286 15.7748 2.657 0.608236 -0.00527793 0.47 
1641 24.1426 3.35952 0.617929 -0.0180336 0.47 
2469 19.5652 6.64821 0.690368 0.00325788 0.47 
401 19.0496 9.49628 0.69796 0.0104711 0.47 
1898 24.2729 0.213289 0.233488 -1.97028e-05 0.47 
1899 22.8343 14.4361 0.312806 -0.00538533 0.47 
436 18.1842 10.4992 0.679861 -0.00812476 0.47 
1425 18.7168 12.6491 0.540166 0.0173634 0.47 
679 18.3332 9.81196 0.688329 0.0102179 0.47 
1908 23.5048 14.0331 0.383655 0.0199028 0.47 
764 19.9049 0.935863 0.357679 0.0158999 0.47 
2176 18.9749 11.0161 0.658569 0.00163464 0.47 
931 21.5994 4.07982 0.651203 -0.0113092 0.47 
2126 18.1918 3.87652 0.647297 0.0100366 0.47 
1243 18.12 13.5952 0.457958 0.000751053 0.47 
1132 15.5349 1.39614 0.503971 -0.0239205 0.47 
1919 25.433 13.1968 0.556636 0.0171928 0.47 
1920 25.0433 14.3867 0.319019 -0.00483317 0.47 
977 18.8714 11.8306 0.629172 0.00105155 0.47 
53 20.6163 1.34927 0.390577 0.0193541 0.47 
1426 21.7394 3.68042 0.633646 -0.0210231 0.47 
352 20.8968 10.0858 0.687992 0.020189 0.47 
1932 22.6428 14.0775 0.362876 -0.0129645 0.47 
972 17.966 6.74474 0.683571 0.0170376 0.47 
1259 18.3963 5.11394 0.676876 0.0217265 0.47 
1952 22.508 12.2143 0.657651 0.0294652 0.47 
636 14.4003 7.22797 0.678498 -0.00342604 0.47 
1155 22.3378 8.83253 0.69191 0.00697889 0.47 
521 14.2698 13.5881 0.492532 -0.0348922 0.47 
574 16.5254 3.0441 0.628449 0.0247457 0.47 
1948 23.2795 0.202283 0.204512 0.0122431 0.47 
76 15.9163 11.975 0.603607 -0.0325836 0.47 
941 19.4659 0.965569 0.366893 0.0116535 0.47 
1025 22.8311 5.26946 0.688389 -0.0115507 0.47 
435 20.992 8.14679 0.687425 0.00641913 0.47 
49 15.1569 10.6884 0.663389 -0.00601144 0.47 
610 14.1162 2.54808 0.627813 -0.00877234 0.47 
717 19.8955 4.28491 0.67077 0.0164435 0.47 
1033 15.8896 0.208289 0.254136 0.00271023 0.47 
154 20.022 7.32616 0.68476 0.00771049 0.47 
2047 19.6624 2.45696 0.555911 0.0346957 0.47 
2304 19.5475 4.50335 0.67794 0.0223489 0.47 
1278 25.3529 8.56952 0.684363 -0.000653265 0.47 
2083 14.8107 10.4514 0.665873 -0.0143494 0.47 
1091 17.134 3.41813 0.644258 0.0278403 0.47 
77 24.1172 6.28301 0.67986 -0.00346457 0.47 
652 14.1536 6.1437 0.676257 -0.0118345 0.47 
453 17.579 6.55255 0.683107 0.015563 0.47 
1799 22.8883 1.77901 0.546642 -0.0277418 0.47 
687 20.5521 3.49868 0.650031 -0.0125195 0.47 
229 16.2241 3.8996 0.652536 0.0191967 0.47 
1620 14.5197 6.37048 0.674867 0.0047789 0.47 
95 18.9724 14.0496 0.39633 -0.00383978 0.47 
1586 25.2831 5.38983 0.672462 0.00141707 0.47 
1087 14.7772 10.901 0.657104 -0.0167242 0.47 
2275 16.5249 4.6626 0.668855 0.0187834 0.47 
290 19.032 1.00217 0.378514 0.00636408 0.47 
397 14.0909 0.578201 0.409545 0.000955975 0.47 
702 19.5398 4.06241 0.667172 0.0209636 0.47 
1531 24.328 9.06452 0.685704 0.00043912 0.47 
1000 15.6955 14.3677 0.37593 -0.00521849 0.47 
1462 14.9046 5.18437 0.654524 0.00843438 0.47 
1576 21.033 14.3546 0.348471 0.00232898 0.47 
1345 19.5243 5.58178 0.689239 0.0109407 0.47 
262 22.6113 9.50768 0.67453 0.0240917 0.47 
168 21.3667 11.875 0.647538 0.0432591 0.47 
2043 20.0449 14.778 0.224719 -0.00784758 0.47 
2254 17.0053 12.4268 0.575416 -0.0286209 0.47 
1714 18.0039 5.21303 0.675921 0.0154164 0.47 
1949 24.5206 5.66106 0.675889 -0.000687957 0.47 
658 15.6878 6.42151 0.683078 0.0161847 0.47 
2323 18.6941 5.3811 0.677796 0.0224038 0.47 
2471 25.4452 10.8529 0.656572 0.000789001 0.47 
2185 25.6974 7.81819 0.694979 -0.00549113 0.47 
780 25.1952 7.1881 0.69431 -0.000254986 0.47 
1782 25.6931 6.59687 0.686239 0.00240708 0.47 
865 22.6608 5.69005 0.68846 -0.00279051 0.47 
1337 15.3375 2.94239 0.636382 -0.0107446 0.47 
1588 15.1961 5.46448 0.667955 0.00262997 0.47 
499 20.4444 7.23712 0.684788 -0.00408685 0.47 
1731 20.3628 10.6281 0.679757 0.0192547 0.47 
1643 16.0544 13.9518 0.426816 -0.013989 0.47 
427 19.6554 5.96462 0.68989 0.00779927 0.47 
1715 22.1238 5.03235 0.69404 -0.000647449 0.47 
1234 24.8008 9.72668 0.68543 -0.00150777 0.47 
1811 24.5017 8.63725 0.676288 0.00195845 0.47 
1085 20.6257 11.6828 0.657065 0.00906021 0.47 
2314 16.781 6.79683 0.683372 0.0179077 0.47 
2492 15.2019 1.70353 0.573348 -0.0186892 0.47 
528 17.8558 12.462 0.584655 -0.0294617 0.47 
1307 21.1905 4.12781 0.648601 -0.0120049 0.47 
2301 17.4403 14.784 0.268239 0.0111144 0.47 
2089 21.4745 14.3939 0.333668 2.34124e-05 0.47 
1496 19.6499 14.3935 0.329478 -0.00830862 0.47 
1224 17.6292 1.42371 0.459384 0.00113132 0.47 
1348 22.5767 4.58106 0.676753 -0.0234203 0.47 
1237 20.3291 7.63018 0.690069 0.00142739 0.47 
2102 24.6123 14.3826 0.314184 -0.00346293 0.47 
1815 20.5246 2.31433 0.534425 -0.0140816 0.47 
1066 21.7313 12.0268 0.658934 0.0164793 0.47 
1209 25.7979 5.89428 0.68968 -6.2114e-05 0.47 
2027 18.0262 10.1092 0.681763 -0.00171912 0.47 
2417 14.9858 13.1245 0.512719 -0.00753561 0.47 
324 15.848 12.8031 0.559655 -0.0245884 0.47 
518 16.2192 12.2524 0.583339 -0.0272517 0.47 
2101 22.6354 7.60085 0.68374 -0.000360316 0.47 
760 20.7828 10.533 0.682769 0.0177834 0.47 
504 22.4326 9.94805 0.68389 0.0274117 0.47 
2470 20.1954 13.9933 0.432588 0.000542183 0.47 
302 18.5739 3.13276 0.623923 0.0393236 0.47 
2133 25.6534 2.59094 0.581394 -0.0237719 0.47 
2136 23.742 1.74866 0.537938 -0.0158589 0.47 
2125 21.0979 11.5777 0.66715 0.0314102 0.47 
648 20.1197 14.3875 0.330979 -0.00202532 0.47 
2062 15.421 4.18568 0.658311 0.0123451 0.47 
1315 21.4904 7.58599 0.689827 0.00711255 0.47 
400 22.2402 7.74719 0.684315 0.00268785 0.47 
2281 21.683 2.32389 0.553957 -0.0246576 0.47 
146 19.0903 7.97687 0.689704 0.00860309 0.47 
484 20.8474 6.24127 0.684579 0.00346118 0.47 
2449 16.9424 4.62615 0.671204 0.0249937 0.47 
123 14.2655 12.3143 0.597677 -0.0292876 0.47 
899 16.743 3.429 0.642789 0.0269723 0.47 
676 16.7416 0.622632 0.314584 0.00521194 0.47 
26 19.8551 13.6085 0.51568 0.00605704 0.47 
195 18.7025 12.2502 0.604389 0.0127008 0.47 
2167 23.0041 14.7924 0.263262 0.00672813 0.47 
673 21.0096 2.96575 0.632021 -0.0328355 0.47 
2188 15.2739 6.53377 0.682167 0.0151772 0.47 
1125 18.2642 8.20024 0.691448 0.018023 0.47 
164 18.4303 13.1442 0.502808 0.00958405 0.47 
503 18.5848 3.93504 0.642116 0.034713 0.47 
567 17.4512 12.8378 0.542108 -0.0292649 0.47 
2226 15.0043 5.82885 0.685835 0.0137024 0.47 
934 23.3106 6.66288 0.688793 0.00375336 0.47 
2103 14.6502 8.60659 0.69021 0.00129988 0.47 
1759 16.8039 11.9705 0.625102 -0.015525 0.47 
1208 16.7544 5.43375 0.670759 0.0168659 0.47 
2420 25.9484 11.5397 0.660829 -0.00647388 0.47 
1241 18.0224 7.14726 0.681907 0.0158934 0.47 
2210 24.7593 0.21955 0.24701 -0.00215751 0.47 
736 20.5912 13.1973 0.535019 0.00498079 0.47 
340 14.1388 11.4672 0.622735 -0.0353141 0.47 
1860 21.9672 12.8356 0.599168 0.00112523 0.47 
133 20.12 8.42763 0.692656 0.00842412 0.47 
1432 25.8531 10.0583 0.693871 -0.00217703 0.47 
2219 21.6723 14.7829 0.278325 -0.00298598 0.47 
2222 25.7973 2.22412 0.55748 -0.0376881 0.47 
884 19.2944 11.8071 0.631079 -0.00175758 0.47 
2233 25.2309 13.581 0.517916 0.00992429 0.47 
1106 14.1989 4.62029 0.662937 -0.00788879 0.47 
1435 14.0764 10.5628 0.658624 -0.0136791 0.47 
1190 16.4251 11.8799 0.621844 -0.00582458 0.47 
2238 22.801 0.206933 0.214438 0.00277251 0.47 
1274 24.8672 7.95645 0.682098 0.00112452 0.47 
1507 22.9558 4.87908 0.683682 -0.0145075 0.47 
2246 24.6973 0.990733 0.388778 -0.0249497 0.47 
1182 20.1393 13.2286 0.529491 0.00401728 0.47 
1280 21.2508 1.03282 0.345046 0.0109274 0.47 
1300 17.7546 11.6696 0.650047 -0.0158463 0.47 
87 22.0117 1.7931 0.542479 0.026233 0.47 
280 20.4575 12.0884 0.611615 0.00618361 0.47 
2141 15.579 9.22829 0.695861 -0.00724905 0.47 
1384 19.9177 11.4202 0.676895 0.0111115 0.47 
86 20.2199 3.14371 0.643071 0.000492782 0.47 
1096 19.1542 9.87709 0.686907 0.0131372 0.47 
2007 18.0494 2.22276 0.583222 0.00861231 0.47 
473 15.8893 10.1833 0.667528 0.00484081 0.47 
1313 17.0573 3.82257 0.651187 0.0287697 0.47 
2284 23.4138 0.984462 0.376716 0.0093795 0.47 
985 21.2892 11.196 0.67826 0.0256323 0.47 
546 19.3903 14.0237 0.409952 0.0115896 0.47 
2427 19.914 12.8691 0.569848 0.00403471 0.47 
613 25.9222 7.45804 0.691226 -0.00982225 0.47 
1074 17.811 3.06442 0.625089 0.00240032 0.47 
1072 21.2604 6.44946 0.688757 -0.00106107 0.47 
525 14.7973 2.00937 0.590732 -0.0118029 0.47 
2403 21.831 10.5269 0.691685 0.0312961 0.47 
1719 21.9486 13.6475 0.488234 -0.00018461 0.47 
1922 15.3638 0.988774 0.448048 -0.0119837 0.47 
874 24.2863 9.74348 0.677479 -0.00185047 0.47 
946 18.2946 12.3672 0.597122 -0.0016644 0.47 
2307 24.9527 0.608563 0.306739 -0.0234579 0.47 
1453 25.3442 12.0374 0.663464 0.0222377 0.47 
259 20.2571 9.50736 0.693485 0.0141155 0.47 
1754 19.0267 11.4254 0.665965 0.00385332 0.47 
10 23.701 9.54713 0.679431 0.0021923 0.47 
2110 14.8587 8.2426 0.680492 -0.00298771 0.47 
802 14.2598 12.7348 0.561251 -0.0284512 0.47 
2415 17.8135 4.00346 0.654641 0.0195656 0.47 
1896 18.732 9.79014 0.688616 0.00250502 0.47 
2393 21.2062 8.82866 0.687637 0.0130989 0.47 
433 25.3109 6.78153 0.680126 -0.00673231 0.47 
999 17.1999 1.47787 0.484189 0.0171611 0.47 
513 19.3849 8.27964 0.69221 0.0088536 0.47 
1382 19.7644 1.3107 0.380172 0.0251444 0.47 
2078 19.8431 1.69421 0.482011 0.0157654 0.47 
1702 18.1382 14.0078 0.40089 -0.0203337 0.47 
1734 22.9259 8.69531 0.672656 0.00718756 0.47 
2317 23.3161 5.27787 0.68548 -0.00166813 0.47 
1183 22.4094 4.21212 0.64193 -0.0158383 0.47 
2357 24.9707 13.2035 0.554078 0.0253895 0.47 
2099 20.5041 0.575072 0.308625 0.000905399 0.47 
442 18.139 5.96493 0.681141 0.0179013 0.47 
860 21.319 3.72574 0.643519 -0.013888 0.47 
2068 20.2948 13.5955 0.516876 0.00430143 0.47 
734 15.3661 11.4432 0.627036 0.00121603 0.47 
2371 23.7459 14.3789 0.317116 0.0188363 0.47 
2404 19.3911 1.73832 0.495836 0.0177304 0.47 
2308 20.5042 10.2069 0.683682 0.0172588 0.47 
1956 17.5715 0.632695 0.300113 0.00890603 0.47 
2377 24.4445 13.5747 0.487924 0.0264532 0.47 
1823 21.5429 12.8179 0.595726 0.0107936 0.47 
604 23.069 11.7512 0.688257 0.0279081 0.47 
279 17.4801 3.26003 0.643257 0.0272587 0.47 
2321 25.6711 7.02317 0.680278 0.000416439 0.47 
359 22.9191 12.1476 0.668916 0.0281065 0.47 
1264 24.936 5.91 0.680765 -0.00362377 0.47 
800 24.1167 4.12743 0.669844 -0.0176893 0.47 
2119 19.4023 3.30237 0.644289 0.0267122 0.47 
935 18.599 1.03853 0.390901 0.00375741 0.47 
842 24.8774 4.63259 0.671327 -0.00360887 0.47 
2181 22.1059 3.48158 0.626763 -0.0187204 0.47 
955 24.1736 4.57109 0.675128 -0.0120536 0.47 
1283 18.9756 8.42551 0.694847 0.00998216 0.47 
815 16.241 10.3983 0.667417 0.0028013 0.47 
1303 22.2049 6.25271 0.690911 -0.00682596 0.47 
1541 17.7758 4.43474 0.675388 0.0179887 0.47 
2516 18.2841 9.41972 0.700055 0.0103004 0.47 
2283 17.8681 12.8606 0.537915 -0.0256746 0.47 
380 21.6591 1.02336 0.348203 0.0382492 0.47 
1839 14.8016 1.59475 0.563476 -0.0117042 0.47 
1980 21.7076 9.8059 0.691773 0.020203 0.47 
11 20.7719 4.16917 0.65138 -0.0108624 0.47 
913 25.5873 8.93949 0.687061 -0.00386255 0.47 
1913 15.7744 4.42356 0.660847 0.0157981 0.47 
23 23.956 10.9201 0.687537 0.0129388 0.47 
2370 23.7073 8.62772 0.678501 -0.000659899 0.47 
445 24.9699 12.4245 0.631164 0.0334575 0.47 
1558 14.4175 1.6694 0.56702 -0.00375972 0.47 
1016 23.1517 13.276 0.526059 0.0173728 0.47 
1429 23.0693 5.59295 0.682355 -0.00604952 0.47 
541 18.9823 12.9275 0.557889 -0.00622342 0.47 
1375 25.6453 5.12989 0.669273 0.00534389 0.47 
886 24.9797 9.33631 0.684398 -0.00299979 0.47 
2121 16.0235 6.72719 0.684047 0.0149684 0.47 
1602 14.0558 6.97282 0.677487 -0.00758415 0.47 
2457 25.7492 11.961 0.657524 -0.00118305 0.47 
1279 14.6519 12.4636 0.582511 -0.0225793 0.47 
1582 24.6611 11.2064 0.679748 0.0239058 0.47 
766 16.7941 1.02313 0.41682 0.00343875 0.47 
217 19.5741 9.00667 0.696212 0.00851836 0.47 
2031 20.2812 1.64556 0.460654 0.00312377 0.47 
374 20.8708 2.1313 0.543465 -0.00328208 0.47 
2035 17.6042 10.0235 0.680537 -0.00260771 0.47 
543 23.7849 10.4865 0.684659 0.0134251 0.47 
1277 20.46 6.6299 0.694152 0.0188107 0.47 
2477 25.8988 14.3748 0.328195 -0.00477215 0.47 
2460 16.5851 14.7783 0.290125 -0.00500308 0.47 
1340 21.3167 8.41848 0.685869 0.0102111 0.47 
868 16.0023 2.24831 0.620739 0.01289 0.47 
968 14.3886 14.7823 0.27657 0.00314898 0.47 
2489 24.8156 2.63463 0.581615 -0.0156389 0.47 
32 22.5832 6.09799 0.693403 0.000488349 0.47 
601 24.6394 12.7755 0.632973 0.0410975 0.47 
1193 23.5993 13.233 0.544197 0.0274431 0.47 
144 25.8352 3.95922 0.652074 0.00787935 0.47 
2509 21.5914 11.5022 0.663314 0.0354616 0.47 
857 22.0548 8.5554 0.685273 0.00930032 0.47 
923 18.615 3.54327 0.644515 0.037367 0.47 
149 15.3123 8.90534 0.691453 -0.00348019 0.47 
2036 14.6174 4.07755 0.660786 -0.00486721 0.47 
221 14.1669 5.74025 0.692289 -0.0178789 0.47 
2394 14.0631 9.02955 0.693691 -0.00162251 0.47 
502 14.0554 2.95817 0.634204 -0.0063763 0.47 
1364 14.0219 1.74182 0.557653 -0.000823599 0.47 
1673 14.0149 9.77754 0.667594 -0.0107379 0.47 
462 14.0035 7.409 0.678872 -0.00631313 0.47 
1738 14.0015 0.200069 0.282804 0.00396944 0.47