779 -117.49 
3 -95.26 
846 53.28 
1138 -70.07 
1740 7.56 
1389 94.10 
1871 -87.70 
1605 -0.61 
117 -37.62 
213 42.64 
828 84.50 
2336 44.91 
2272 -3.99 
1785 -37.19 
28 55.40 
671 11.00 
793 205.08 
1804 -83.09 
40 -173.90 
104 -164.37 
44 -3.63 
2294 128.72 
2490 -136.83 
996 -136.83 
1099 -80.48 
808 49.57 
1319 -28.90 
55 2.38 
2095 66.17 
1610 9.12 
1503 3.76 
859 -129.27 
1027 15.31 
1508 103.40 
216 2.66 
1404 -23.60 
1046 102.48 
2302 102.48 
449 73.42 
2060 11.41 
312 20.38 
2287 -2.67 
1591 70.60 
88 -206.23 
330 -206.14 
1623 -114.85 
2407 -114.85 
1985 79.56 
96 -334.99 
98 -25.35 
101 34.46 
1282 5.69 
1226 94.46 
834 -7.73 
1295 -146.04 
2479 -124.42 
63 -87.82 
116 -184.82 
118 -101.30 
639 -60.09 
125 -217.08 
182 -12.01 
2374 8.08 
1339 130.23 
1969 9.03 
135 -108.55 
1771 120.52 
1838 12.31 
2361 -79.78 
2030 15.15 
1115 65.25 
2279 51.80 
1916 -127.15 
1317 -90.24 
361 0.91 
2215 0.20 
1400 2.64 
402 -204.69 
161 -115.43 
277 25.74 
438 10.17 
1629 81.85 
2418 1.63 
2390 33.59 
170 -6.26 
171 107.23 
1686 -10.00 
176 -152.37 
1276 61.03 
2109 -40.00 
183 120.46 
457 -97.17 
2436 -23.38 
208 -0.97 
142 213.10 
194 -105.54 
2182 -48.03 
2468 -117.57 
585 108.96 
298 49.85 
207 -99.00 
1877 -27.27 
2033 -27.27 
134 53.68 
1583 3.30 
224 -31.25 
225 89.59 
227 239.62 
993 29.88 
841 -42.59 
1876 -42.59 
494 -42.59 
2519 -1.15 
1487 -3.00 
241 87.94 
242 -156.67 
2481 106.28 
2067 -111.57 
1463 112.54 
251 -1.65 
1170 10.02 
254 -197.88 
1398 29.52 
917 -200.88 
1216 48.22 
1222 -38.12 
1733 -2.81 
1763 244.20 
6 -6.78 
2074 31.24 
612 8.07 
2423 18.48 
577 -9.59 
959 -6.19 
289 -30.92 
2505 -13.51 
291 93.89 
707 -47.39 
295 7.65 
2347 41.49 
1774 59.71 
659 -132.08 
997 38.48 
1790 5.53 
1288 -9.52 
583 80.75 
1006 -62.29 
1664 63.84 
321 65.29 
703 65.29 
1134 -76.81 
328 -168.44 
329 -143.57 
332 -50.04 
375 -7.97 
551 124.39 
1437 -28.72 
855 46.53 
905 7.90 
1886 -171.62 
617 -107.25 
2286 -40.48 
1906 -52.75 
542 71.26 
215 -42.77 
2127 -35.88 
2080 180.16 
381 91.58 
47 -4.40 
1660 -114.02 
2038 3.22 
59 -1.52 
1519 114.37 
172 125.86 
1571 1.00 
408 -80.17 
2311 74.71 
323 74.71 
415 180.16 
762 11.43 
1974 -30.38 
422 -273.85 
426 -294.86 
189 8.20 
428 -46.79 
429 -26.27 
431 10.81 
962 -79.05 
2381 -197.64 
2076 -5.66 
2084 26.88 
439 -360.85 
1131 29.72 
443 17.45 
444 79.82 
1388 -153.57 
447 -88.57 
452 -50.55 
625 -0.08 
7 -26.97 
1218 37.80 
460 -89.84 
465 2.37 
2320 -622.86 
1189 -11.90 
385 -2.15 
1009 -44.58 
995 19.48 
480 129.16 
1386 -6.78 
1482 -24.23 
487 49.00 
488 51.18 
489 84.62 
2040 17.37 
683 -82.51 
689 -12.67 
535 -12.67 
1308 -355.67 
787 -191.93 
715 15.88 
1844 -102.04 
1359 5.85 
739 19.56 
2077 -11.21 
2434 -28.45 
1827 -110.93 
522 35.92 
523 -295.70 
526 -35.92 
527 -255.39 
1937 4.35 
1741 130.84 
1058 -13.01 
632 -48.98 
1832 -83.05 
1529 -83.05 
2011 -275.16 
540 194.95 
2392 38.08 
390 -12.90 
544 -36.93 
2098 53.18 
763 -151.52 
553 160.03 
304 112.27 
341 -16.74 
820 62.87 
2143 56.92 
562 -22.47 
1858 64.59 
2044 59.35 
1812 -63.06 
572 89.24 
1450 -37.54 
1413 21.95 
578 117.00 
1943 -42.47 
30 -33.45 
2122 -116.50 
1870 30.04 
786 -55.15 
602 -53.64 
1773 -19.05 
2205 138.67 
1996 -0.21 
214 -67.45 
1185 -366.24 
446 -6.12 
621 53.12 
345 6.55 
2183 -250.31 
1362 -20.43 
2520 5.26 
608 -217.47 
1703 0.90 
638 72.39 
642 -75.06 
1640 5.20 
727 176.24 
1416 5.36 
607 -109.64 
651 43.81 
894 32.33 
2355 3.46 
1202 -19.45 
1399 -174.91 
51 91.52 
2129 -20.34 
1037 -24.50 
1921 -15.25 
2495 -58.59 
1123 56.40 
675 -44.18 
1103 223.63 
1915 -40.30 
681 -249.05 
533 -27.99 
684 -50.63 
2255 -42.58 
686 53.56 
2424 -4.12 
633 -3.77 
1934 -97.51 
159 -0.51 
695 -1.87 
1060 -14.70 
700 -3.85 
701 31.81 
1504 64.25 
594 27.50 
712 152.53 
714 110.02 
576 69.66 
283 115.83 
672 44.32 
1768 65.06 
122 -174.56 
1616 164.26 
670 105.51 
384 -118.48 
2046 -4.86 
2504 -1.94 
219 -172.24 
72 -195.85 
994 35.17 
2500 54.49 
824 -43.48 
903 -43.48 
1890 -14.29 
73 -39.14 
1902 75.69 
79 46.07 
379 46.07 
759 37.68 
1436 -70.01 
1547 21.56 
898 -136.18 
2075 -19.10 
1373 -87.96 
983 27.59 
803 -8.88 
1101 -8.35 
1456 31.89 
778 5.31 
516 2.23 
437 -40.61 
2467 13.97 
1882 40.21 
788 -73.54 
2249 167.37 
2312 0.40 
1533 -44.43 
2365 2.43 
804 42.73 
197 45.28 
1261 114.89 
810 -220.67 
812 217.64 
616 -4.35 
74 -4.35 
816 14.68 
1778 -66.90 
596 -310.82 
1127 119.11 
1018 -278.69 
952 2.94 
827 3.82 
1712 23.26 
1744 -16.01 
1718 110.97 
1614 -19.19 
403 -12.05 
850 -31.61 
822 274.95 
989 274.95 
2399 -47.59 
2105 28.40 
1631 -419.67 
2039 82.02 
2299 56.26 
864 27.61 
2116 0.27 
912 0.27 
2429 -79.48 
872 -68.51 
314 137.17 
1178 120.78 
876 -237.05 
1012 -2.84 
1666 -6.62 
2070 23.23 
1036 -78.92 
887 53.05 
795 22.71 
38 21.71 
1515 -247.25 
1747 -3.26 
1846 134.86 
201 2.34 
906 39.26 
1013 22.82 
2108 7.51 
1301 105.43 
1879 0.06 
353 84.95 
1783 -35.60 
103 -97.72 
1491 14.78 
697 21.13 
1011 18.61 
571 2.59 
2383 71.85 
590 17.83 
653 -20.42 
1499 -52.56 
587 -69.76 
944 31.76 
2170 -7.86 
1108 19.98 
948 27.15 
1730 63.80 
950 -125.14 
953 212.50 
1151 -6.75 
589 -4.00 
238 -387.12 
1820 1.07 
1522 -6.37 
973 -32.49 
1680 9.58 
29 -232.18 
2264 256.65 
1497 37.61 
1765 -33.94 
920 -65.98 
2502 -65.98 
556 67.08 
986 13.00 
988 -74.40 
2096 -142.68 
2461 -17.71 
2069 -21.01 
1076 147.12 
1484 -65.32 
2389 -199.19 
1118 -7.48 
869 -44.58 
897 20.69 
1022 -263.55 
1449 11.86 
43 7.50 
1798 42.29 
2236 12.50 
119 39.91 
1211 11.54 
1045 -60.58 
1047 42.84 
129 31.25 
1468 76.09 
270 44.83 
2288 43.98 
417 -46.55 
1063 -238.18 
624 -195.27 
2443 21.87 
1069 -25.71 
767 -25.71 
360 -189.65 
569 32.18 
748 88.15 
179 -369.54 
840 -15.45 
654 14.97 
1081 31.04 
908 -147.39 
1084 -50.36 
296 3.48 
346 31.13 
1089 -10.65 
1090 7.62 
1271 118.90 
276 67.35 
1030 -6.83 
1699 -17.98 
981 -3.05 
1116 -33.63 
1369 5.82 
1203 4.57 
1121 58.97 
173 58.97 
2159 -40.70 
1126 200.10 
1128 -76.53 
371 -137.50 
1136 -231.14 
1817 81.70 
1621 -20.97 
1677 -124.24 
163 -223.07 
1357 -76.97 
1156 120.69 
382 -32.25 
2412 -32.25 
2459 293.78 
1292 200.23 
2178 -178.00 
155 -18.01 
1010 -51.91 
630 59.73 
1240 -233.93 
785 -19.99 
424 -11.56 
2257 -0.26 
1327 -39.65 
2072 -6.43 
1143 5.15 
2425 14.20 
2303 -20.29 
204 -20.29 
2328 -116.67 
266 -124.24 
1874 5.48 
1039 -35.83 
1198 48.76 
1732 67.57 
1599 85.62 
644 -52.05 
960 -26.18 
2158 92.82 
212 -320.97 
1210 64.97 
2085 102.84 
888 2.28 
1286 -13.64 
331 -59.45 
1228 -152.99 
1869 -20.17 
1232 -78.38 
300 178.09 
366 -41.75 
1235 -16.65 
1696 -131.84 
1239 -396.90 
2292 -3.16 
1093 2.53 
297 -33.58 
1244 -189.95 
1683 6.34 
1535 13.39 
915 -25.26 
937 -8.27 
1255 201.53 
794 201.53 
2386 -11.08 
263 -14.45 
1229 -99.55 
1895 -113.87 
416 -618.80 
1215 -58.28 
2114 -66.99 
1807 -54.03 
1607 141.30 
2518 -75.11 
1414 40.14 
1470 -194.79 
773 -377.18 
2000 -24.53 
1204 11.97 
2152 -139.63 
1249 -39.85 
1285 -228.69 
1289 -271.81 
1290 -392.34 
1291 15.95 
112 -23.96 
192 10.28 
2391 -26.09 
1299 -2.76 
2111 117.79 
2298 -26.67 
1112 -13.13 
1306 50.98 
2408 -80.29 
1567 -28.50 
1310 159.23 
1311 -34.97 
1743 -82.95 
677 -361.90 
2348 25.65 
2138 -136.34 
1318 -20.02 
1321 98.08 
1548 -257.22 
485 -35.79 
1676 12.59 
1331 -20.13 
790 -18.72 
376 -115.41 
1148 -2.57 
1509 -32.68 
1770 102.04 
1483 12.19 
145 -115.72 
1347 170.05 
749 -74.67 
2240 9.93 
1038 135.20 
1355 100.75 
1415 -111.56 
1293 -17.21 
268 -16.07 
2262 184.18 
2462 11.48 
667 10.76 
287 5.21 
1842 5.21 
316 -39.49 
2474 -311.64 
478 60.38 
1963 -201.30 
1393 80.36 
1394 -151.97 
1395 142.46 
555 46.87 
1941 -19.33 
1092 -46.74 
1214 10.01 
395 90.79 
1406 -70.13 
1810 -4.19 
1409 42.52 
1410 75.49 
1611 44.89 
326 19.07 
248 -64.34 
1692 -1.74 
524 -3.15 
250 -298.03 
2192 10.42 
1476 -12.05 
1020 -332.16 
964 1.24 
547 4.87 
1035 -20.75 
1441 -70.22 
2285 -261.33 
483 5.38 
721 -25.53 
1517 4.01 
1447 157.00 
1176 -228.14 
1452 -63.82 
1564 -81.46 
1625 152.92 
1746 160.85 
1457 -170.74 
2148 -4.85 
928 -1.20 
19 -8.75 
600 -358.41 
1479 -167.14 
2373 -127.33 
1196 22.35 
1751 88.69 
2145 407.30 
1506 -0.86 
2353 -19.10 
1511 -111.48 
458 -67.34 
680 -5.87 
1510 28.16 
196 -60.19 
267 -153.83 
2401 50.26 
640 47.35 
582 -52.11 
31 -21.45 
1544 137.65 
1527 25.71 
1460 9.90 
1553 -196.24 
2212 16.76 
1024 -0.96 
882 21.36 
15 -64.43 
2334 -18.29 
1305 -18.29 
772 -181.45 
880 227.38 
1570 98.94 
1573 -61.65 
936 -27.62 
1578 52.69 
1579 -260.88 
143 -89.79 
1604 -5.08 
560 36.94 
27 -8.95 
1688 -52.53 
150 0.04 
1593 14.93 
1595 -12.02 
2358 20.63 
998 -22.35 
461 113.08 
1477 57.09 
2250 -40.91 
496 20.03 
1344 -24.36 
1545 -76.01 
1613 -168.49 
35 84.70 
1618 41.68 
2066 46.10 
614 -118.90 
1336 13.71 
1188 -77.39 
1173 -35.74 
896 -70.51 
249 -58.83 
1767 174.84 
1492 -18.72 
2055 17.38 
1645 -251.33 
1646 -38.45 
247 38.82 
260 -94.78 
1775 -53.09 
711 3.60 
1514 -36.00 
404 -56.85 
927 59.75 
2057 -41.31 
1704 -129.24 
1466 -103.39 
797 -5.19 
2395 -100.49 
1145 -38.87 
413 38.96 
2154 54.31 
1698 -76.17 
1379 -0.17 
1708 -59.15 
1709 -143.99 
252 -150.65 
1713 -188.67 
2208 411.68 
858 -0.69 
666 -39.63 
2453 -56.01 
1526 -56.01 
1475 -0.15 
2088 -5.55 
789 -16.31 
1728 -140.11 
1589 -167.26 
1048 -19.41 
1735 -39.52 
1736 68.49 
1737 -72.27 
2041 -73.27 
2054 204.27 
579 -5.29 
425 130.60 
256 31.27 
1530 -178.06 
832 -6.11 
1764 -119.43 
1652 -60.54 
1501 -42.66 
1772 -55.05 
1878 186.43 
2512 47.34 
1624 77.01 
909 353.43 
2140 -42.45 
1788 122.72 
1789 -114.54 
669 -15.10 
2387 -42.16 
2450 49.70 
2366 -21.05 
890 -182.19 
1808 118.87 
2048 4.28 
1167 -28.36 
472 -120.32 
1401 71.57 
2014 -17.04 
2351 -73.68 
1423 -357.25 
1826 -177.67 
336 24.49 
2259 -120.30 
1752 -8.91 
2155 -242.52 
1837 12.31 
2216 87.99 
348 21.17 
344 4.36 
1852 -175.32 
1133 204.98 
1854 -137.39 
1856 1.95 
2091 22.17 
1993 -47.31 
942 11.39 
1863 -87.97 
33 44.40 
495 -95.89 
548 -117.03 
364 -151.52 
132 93.44 
867 103.12 
1960 2.32 
2019 -17.63 
1891 -52.85 
1800 8.07 
470 88.65 
2053 2.44 
575 -160.33 
507 -11.06 
234 149.34 
2339 49.84 
1905 56.45 
1725 -6.55 
1716 -1.60 
1097 37.59 
2113 37.59 
2244 46.75 
2165 -41.37 
1628 -7.02 
1929 89.45 
1958 -13.56 
837 3.79 
956 4.64 
1939 68.87 
2444 -11.06 
152 100.27 
1947 130.15 
1055 356.15 
1950 -84.91 
1169 23.71 
2359 53.97 
2100 -242.48 
1755 -17.76 
1111 -58.07 
1745 66.14 
1034 36.70 
1054 -48.53 
777 -351.60 
320 5.59 
595 31.47 
1907 0.18 
1977 -100.91 
1978 -222.11 
2269 31.95 
591 15.54 
1911 -28.81 
1982 -89.46 
1802 -9.32 
747 -36.99 
1986 -63.96 
782 78.40 
2177 43.41 
61 136.26 
1250 -10.58 
2464 -0.92 
1044 -53.62 
261 -31.76 
2343 -13.18 
2006 -110.84 
2184 14.07 
2013 213.86 
2015 9.60 
1387 -6.75 
2022 215.48 
185 -47.53 
1864 29.72 
2229 -121.09 
1707 -111.70 
2028 -320.57 
1644 29.43 
338 -74.92 
284 -2.12 
2405 -10.91 
883 16.81 
301 167.80 
347 -21.04 
200 -6.95 
1525 51.86 
2059 110.29 
2061 -199.86 
2063 16.82 
2021 243.85 
1971 -45.44 
16 -10.08 
1881 -156.43 
807 0.61 
1150 -80.93 
2092 40.19 
2093 40.73 
1828 -7.76 
2517 115.08 
2087 -17.33 
1729 -69.51 
2032 -30.03 
1465 24.63 
264 -135.36 
2123 46.36 
1833 -20.91 
464 17.24 
2131 12.87 
1894 47.37 
791 -10.39 
2137 66.02 
2139 -138.45 
563 -20.95 
378 -50.15 
1227 47.20 
181 159.62 
2151 -4.40 
327 111.07 
1912 33.69 
17 33.69 
1615 75.25 
2163 63.57 
1376 -3.49 
1622 -205.88 
479 9.59 
199 -21.30 
2318 54.63 
334 -44.10 
2231 77.54 
237 -225.22 
1067 -220.82 
1098 -88.64 
389 -66.53 
564 46.00 
2352 -20.59 
1461 75.90 
1992 -94.70 
2197 203.02 
2198 109.11 
2200 -39.25 
1358 -9.25 
2160 -24.66 
2372 -89.10 
1925 -60.61 
1064 34.48 
2211 -67.22 
2217 -25.69 
852 -11.89 
2221 61.48 
2223 -176.37 
1488 12.11 
598 12.11 
611 -131.80 
1809 30.86 
2232 -8.70 
2237 -73.98 
1650 74.25 
2241 17.80 
1105 -36.72 
1572 23.22 
355 20.48 
463 45.33 
1137 -121.02 
1779 -212.10 
2441 -4.07 
1884 40.55 
761 5.74 
124 -22.07 
720 -69.16 
108 -182.35 
2253 119.43 
1153 -270.14 
2271 -71.01 
2273 62.15 
2276 -86.04 
1458 56.39 
2278 -97.86 
2280 -51.64 
765 -94.88 
592 -37.12 
661 -132.39 
914 0.41 
1973 -73.44 
2306 -16.23 
78 -16.23 
1639 -8.32 
1649 9.49 
1697 5.74 
1100 45.18 
2409 7.19 
1964 29.05 
1665 25.19 
2316 -11.95 
273 102.73 
1813 0.21 
2058 309.39 
2414 23.50 
1459 -19.31 
1049 -35.36 
2327 -7.32 
2329 -95.17 
1372 -12.72 
411 -3.59 
474 -3.17 
165 -18.51 
1681 -10.92 
2340 64.56 
1539 -32.09 
39 -127.98 
2149 13.92 
1512 65.79 
1346 -171.26 
2360 137.74 
851 44.17 
2332 -65.19 
1938 177.00 
1370 -8.21 
1630 -112.18 
156 -4.82 
2380 -5.86 
2173 -45.56 
2384 11.41 
1608 -108.82 
333 32.05 
369 -392.34 
1302 -33.41 
392 -352.86 
1636 7.66 
1330 33.07 
1505 -12.41 
691 -20.43 
2400 -40.52 
588 -7.26 
1909 -1.95 
394 -169.85 
1408 -177.26 
1829 45.49 
1927 154.87 
2243 65.74 
2214 3.85 
1141 -103.19 
2438 23.78 
2439 -20.58 
373 71.29 
2445 -296.24 
921 -28.16 
265 -172.73 
1412 -121.00 
67 -12.98 
2465 -52.54 
1298 -17.87 
2466 -239.13 
1976 -14.32 
1219 -39.42 
1207 8.48 
570 58.10 
2473 3.18 
2115 -16.13 
2476 14.22 
2478 10.14 
1690 -377.54 
2003 -131.65 
1493 211.15 
2485 10.36 
2487 -71.81 
2493 190.86 
2496 39.24 
1926 -60.91 
847 -60.91 
1777 -60.91 
2375 -179.71 
65 9.14 
1124 -51.88 
879 152.29 
873 14.12 
1634 -27.28 
967 -87.62 
1845 8.65 
1381 29.85 
1351 178.24 
1687 -33.49 
1160 202.66 
554 162.93 
1931 0.59 
186 -145.56 
1213 145.11 
581 -87.78 
1924 24.61 
138 -2.57 
924 75.43 
1267 -71.08 
434 -49.98 
1670 -110.48 
776 -38.39 
530 1.46 
68 -4.23 
107 -1.80 
694 58.83 
1766 -58.84 
1040 -160.51 
1722 41.84 
1918 -301.51 
80 -140.39 
220 11.07 
82 42.55 
83 -23.78 
91 -422.24 
2335 -93.42 
1796 117.38 
339 -30.52 
2385 28.53 
2147 -44.24 
1268 -49.92 
1162 217.65 
2511 62.66 
2166 3.33 
1836 -11.12 
128 -41.73 
2411 5.15 
1391 202.90 
1831 -8.91 
136 1.93 
1637 -27.95 
1945 -27.96 
111 -82.84 
2274 -62.62 
1233 70.43 
1070 -0.17 
969 36.29 
362 -6.41 
1187 11.72 
1786 25.20 
203 32.87 
2203 -52.02 
232 -6.40 
619 0.45 
2364 -26.55 
508 162.89 
2179 58.07 
838 14.53 
1454 -27.96 
57 63.76 
735 -141.03 
1678 5.72 
391 -115.42 
1769 542.31 
1200 113.84 
1269 -12.41 
60 107.37 
2426 -42.90 
731 10.21 
1900 -287.85 
668 -16.01 
2050 -13.05 
674 -206.65 
2480 -33.49 
222 227.01 
1051 -6.77 
253 -7.94 
1316 -27.77 
2455 -48.38 
245 0.78 
239 15.34 
1559 5.84 
2056 -14.10 
1994 -19.36 
2051 44.16 
854 -93.81 
891 19.17 
552 -81.44 
1606 30.87 
1550 -62.74 
2245 -366.34 
2310 3.77 
881 -60.04 
1555 52.11 
580 115.99 
319 -86.58 
1632 2.40 
742 -62.79 
275 149.10 
1549 92.27 
1975 -10.03 
811 -4.20 
383 -14.41 
1923 242.37 
2175 -22.39 
975 -5.84 
292 -70.83 
1114 -151.16 
2026 148.34 
918 60.64 
2071 -17.66 
1323 -175.16 
498 -12.17 
2319 1.27 
307 71.08 
1626 -289.30 
685 -152.13 
1885 -72.58 
318 -115.97 
1930 -51.84 
322 8.04 
2379 -38.70 
1448 -54.57 
2397 -126.26 
1455 -115.77 
805 59.40 
1840 -133.71 
1139 71.36 
310 -3.16 
205 -36.34 
1792 -14.27 
1955 119.34 
218 20.56 
2483 -29.97 
932 -32.65 
311 -9.32 
2296 -17.07 
1489 -43.52 
418 7.20 
1954 -127.72 
1638 -9.95 
2514 -126.50 
1933 32.16 
191 -5.33 
368 6.34 
831 -18.52 
255 -49.52 
2242 169.71 
178 -446.69 
2501 175.24 
2130 16.93 
1682 140.61 
414 10.54 
1675 -45.58 
875 -148.06 
1724 91.77 
1742 -34.41 
1192 -60.58 
901 5.77 
106 -6.52 
393 46.85 
970 97.55 
308 -233.57 
2499 -4.53 
1635 -290.51 
2430 36.34 
405 -26.40 
406 -136.68 
1194 -42.03 
349 25.73 
1157 -82.67 
223 -120.76 
2052 220.88 
2378 -4.95 
2135 111.38 
396 -18.79 
2106 -117.93 
848 -91.09 
871 -185.63 
1695 -10.61 
2005 -41.58 
1117 -2.40 
448 78.44 
5 -31.58 
593 177.38 
451 -83.65 
2161 21.12 
770 -43.52 
889 -83.59 
1403 131.41 
2448 82.29 
573 -143.02 
126 37.02 
949 -241.71 
471 -97.86 
1296 12.41 
1247 51.12 
768 7.35 
2204 7.43 
2451 -118.08 
775 -29.78 
2150 -373.56 
1057 -2.69 
1814 11.12 
180 -53.69 
501 12.91 
515 73.47 
14 -58.45 
89 153.70 
512 -109.38 
293 37.70 
549 -52.34 
246 162.37 
1309 8.95 
2225 -51.04 
1853 61.54 
1159 31.59 
726 71.31 
2248 112.22 
2146 -27.20 
2289 13.19 
520 3.54 
1411 -6.68 
2118 16.81 
2020 -55.95 
622 -14.38 
1561 -20.17 
1442 -7.94 
115 158.68 
771 -223.31 
2201 -20.80 
2267 -28.21 
1914 3.81 
48 6.85 
175 -87.83 
1177 -52.93 
202 -118.21 
2431 7.02 
211 86.95 
2406 -32.98 
2349 -279.67 
657 130.27 
514 62.52 
2180 -60.63 
1661 27.33 
1353 -91.28 
1023 -11.19 
599 89.21 
1396 -5.07 
2350 -7.92 
1776 -39.67 
943 -3.25 
2186 -13.07 
2419 -298.70 
2239 -55.99 
2107 -2.33 
618 -115.59 
102 20.21 
708 27.47 
2326 -0.90 
357 34.38 
243 154.04 
819 9.51 
656 51.76 
1889 -153.22 
1270 4.58 
2369 6.20 
1848 190.53 
1390 23.13 
459 -31.56 
1981 78.72 
2251 -5.34 
105 -154.15 
1332 -238.57 
2189 61.01 
34 -24.77 
2346 -53.35 
1272 105.72 
1473 -50.89 
978 39.82 
84 6.59 
957 -20.33 
537 12.51 
699 22.47 
536 -5.91 
2344 -72.39 
387 13.29 
1380 15.32 
62 -93.97 
315 -132.72 
1352 111.19 
2410 15.98 
1184 106.22 
22 1.37 
722 -20.81 
1212 -23.93 
733 -117.54 
1521 -4.00 
743 111.41 
744 -47.45 
162 -93.90 
313 -22.50 
835 36.83 
752 3.80 
754 -4.71 
757 -13.98 
131 -4.66 
1849 7.50 
1445 29.99 
1756 45.39 
664 -214.66 
729 -144.71 
839 -12.49 
2073 -34.80 
2293 -37.36 
723 5.49 
688 56.28 
660 -649.78 
792 206.95 
1439 58.34 
1443 -125.92 
746 -27.51 
1174 -60.68 
799 -50.13 
365 -149.99 
64 -59.37 
351 63.24 
2354 16.60 
209 90.07 
1787 96.85 
1440 7.05 
2120 -51.38 
342 -78.11 
2452 -252.11 
386 -190.95 
305 -19.98 
52 279.92 
228 16.06 
477 -24.71 
557 172.81 
844 -98.45 
2282 -5.79 
398 -10.80 
137 -6.59 
1257 3.80 
1374 -287.33 
1518 4.64 
1402 -26.28 
54 102.87 
114 16.61 
856 86.26 
2025 -50.11 
902 6.97 
2472 -113.75 
2168 39.10 
2494 -24.81 
2079 -1.32 
482 10.29 
1654 -177.68 
1129 109.97 
1031 -8.59 
1397 239.70 
235 -16.08 
558 5.06 
1424 -2.63 
958 -29.97 
910 -5.10 
50 -8.08 
922 56.51 
2342 -16.07 
1805 -26.12 
1791 -19.11 
2362 -1.42 
325 19.63 
929 26.02 
662 115.54 
1077 -79.15 
206 61.03 
631 -38.05 
2164 55.34 
951 -84.09 
565 -58.38 
1367 56.91 
1983 -35.22 
1082 145.05 
961 -92.48 
75 -66.52 
2497 -73.43 
1467 -269.24 
974 31.52 
979 71.93 
1469 106.89 
1080 -0.52 
716 42.29 
1304 -55.01 
24 -180.55 
751 -82.51 
982 -57.53 
491 -89.11 
2309 1.73 
1633 -37.57 
904 -13.27 
230 -2.32 
1005 -7.96 
42 15.48 
1041 11.37 
1674 -20.34 
2193 45.81 
798 121.29 
2023 -244.74 
1015 -97.03 
2315 100.46 
1957 18.21 
36 8.41 
1026 69.64 
2333 46.69 
1356 -14.53 
1029 7.29 
1617 1.79 
1225 142.96 
740 66.08 
1329 -86.12 
2398 47.33 
529 -51.25 
1565 -117.76 
1338 23.40 
925 -110.51 
1861 254.15 
1164 -90.51 
1284 -21.83 
649 194.15 
1999 -32.33 
1444 219.85 
490 146.48 
294 -33.66 
2268 -15.85 
1083 77.54 
1253 -66.18 
299 -62.86 
1246 -195.90 
1095 -7.07 
1195 -8.03 
646 -214.02 
1378 53.10 
2331 -131.59 
724 -51.86 
2224 25.51 
1260 -60.29 
1897 -45.58 
1109 119.65 
1110 -168.76 
258 -264.77 
1580 -50.07 
939 -302.60 
2 -133.05 
519 48.14 
2277 -70.22 
2356 107.36 
1560 69.66 
1427 189.42 
1901 -65.08 
281 -11.28 
1149 114.73 
2162 65.07 
493 -237.78 
1144 49.47 
2196 44.45 
2482 18.89 
1592 23.05 
2388 161.39 
1727 14.80 
1516 -7.72 
1161 40.36 
597 12.80 
1168 -72.73 
1990 -27.11 
1191 3.51 
1171 96.97 
1172 -9.60 
606 4.82 
509 -6.22 
895 19.17 
66 32.46 
769 -102.44 
2082 -75.96 
730 -29.99 
1596 -79.68 
861 -84.41 
1761 112.28 
1603 -25.23 
817 256.20 
833 1.36 
1422 -162.98 
169 67.21 
1693 20.22 
1221 -59.51 
1883 195.48 
1566 -46.65 
2508 22.99 
45 -2.76 
1407 2.13 
984 -26.40 
2291 215.43 
1979 -106.75 
2117 343.19 
1062 -106.90 
1252 165.69 
127 5.15 
8 -20.59 
1495 -0.71 
1418 -40.99 
1273 -146.34 
814 -95.54 
1500 234.94 
2001 -36.60 
947 -82.73 
1659 1.02 
878 257.47 
1601 -104.80 
586 -69.46 
774 45.90 
120 20.95 
1007 -99.95 
1021 -44.41 
1818 -3.89 
1220 51.72 
1961 -63.78 
2507 -33.68 
1433 -57.05 
2156 -26.43 
2506 -6.82 
1612 -65.51 
1152 36.36 
1343 -17.15 
1928 -40.64 
741 14.87 
121 0.52 
1140 187.56 
46 -66.35 
2220 -168.57 
1322 205.77 
1360 -144.29 
1053 86.38 
1365 -189.62 
1970 16.19 
801 -15.05 
244 -184.16 
1542 -244.67 
718 -73.14 
1557 113.30 
317 -244.42 
109 198.55 
1711 54.72 
1142 -107.91 
1042 4.67 
2337 -127.17 
1667 -11.76 
1892 -79.25 
2447 111.25 
1721 -116.45 
682 -40.46 
354 0.01 
271 43.41 
628 -10.94 
85 -15.29 
1019 28.49 
92 23.55 
90 42.47 
1242 -38.92 
965 -36.18 
2016 -143.98 
1130 27.39 
753 -17.29 
1648 -17.13 
174 -321.09 
818 -50.82 
372 -62.17 
1004 -52.59 
1669 -30.87 
1830 -234.85 
56 -43.01 
1568 -38.76 
257 40.99 
1651 -17.34 
2265 -234.39 
140 27.08 
940 60.58 
781 -72.73 
1655 -40.17 
1850 -53.08 
1281 4.96 
1478 78.46 
441 -61.06 
2004 -16.40 
2037 -195.13 
1866 -97.85 
1671 -267.84 
1485 92.89 
1486 94.95 
1199 -244.17 
2376 43.70 
2422 72.47 
1438 -22.42 
2045 -168.43 
158 -41.68 
2266 -38.04 
938 54.66 
2488 -25.04 
796 -297.30 
2290 -11.93 
637 -14.67 
25 -15.16 
2252 -167.82 
1903 -28.88 
1102 45.58 
1513 -444.34 
1052 -3.27 
663 -127.68 
2363 9.83 
1523 42.73 
1104 -57.34 
758 -49.43 
1165 -110.05 
94 -35.10 
1872 4.40 
870 141.13 
1534 93.67 
1079 -49.83 
1536 -86.29 
476 148.74 
1363 -9.86 
655 2.77 
1546 -50.77 
466 257.05 
1581 54.95 
1684 -15.10 
1554 0.42 
1556 -10.14 
1 -60.68 
1540 3.33 
1014 86.22 
823 -45.76 
1574 -101.31 
623 -148.91 
1577 -142.52 
2413 -50.26 
1710 25.89 
1532 77.08 
1528 -72.79 
1197 7.60 
1723 218.91 
1017 -268.34 
363 -24.28 
1600 73.93 
1275 -14.29 
2227 -295.88 
538 34.63 
1806 77.45 
745 77.18 
1297 -119.58 
1619 -120.17 
1163 -85.31 
783 86.22 
784 -70.59 
963 -26.98 
2207 -23.28 
153 -74.77 
2475 26.25 
1569 12.52 
1656 -50.95 
130 -51.85 
2195 -42.95 
2446 6.57 
1642 -26.11 
1935 43.31 
826 16.58 
1498 -29.18 
1753 -72.77 
1653 -92.48 
2128 12.07 
1893 -5.22 
1662 -33.86 
566 -28.65 
647 -69.75 
1179 -11.98 
1672 171.26 
184 29.33 
853 -103.13 
693 -25.44 
1987 27.03 
1784 -44.00 
1685 20.63 
2144 -130.08 
1967 -0.90 
278 95.79 
1420 -108.78 
1819 -7.83 
93 -17.27 
1061 -60.65 
500 -27.87 
187 -0.66 
809 -3.41 
1294 27.99 
1705 40.56 
1366 162.92 
2338 -208.69 
1166 -88.24 
454 116.44 
1314 -189.44 
486 -219.46 
1494 9.10 
110 -58.19 
1230 -20.00 
1256 -86.06 
1910 -16.78 
845 13.47 
1748 47.98 
141 -105.85 
976 33.98 
1335 -38.35 
4 -10.27 
240 83.85 
2341 -67.30 
1205 -132.21 
1966 61.72 
139 8.91 
1857 32.19 
1758 -101.31 
272 4.64 
966 45.58 
609 -129.09 
12 61.13 
1078 -40.67 
2396 68.70 
2442 -140.97 
1181 -134.90 
2024 -267.63 
1867 -45.24 
2256 -45.05 
738 68.68 
1780 -294.46 
2228 -80.97 
1245 12.83 
2132 51.88 
1795 5.22 
1552 86.74 
2503 -54.50 
20 -220.86 
2322 -60.81 
2104 -105.19 
1071 -48.28 
1793 -15.01 
1003 -67.88 
559 -85.93 
1835 -121.91 
1088 -6.53 
1873 -44.78 
1821 232.23 
1822 6.75 
756 -12.99 
1825 190.20 
1520 -204.91 
421 103.93 
945 -46.52 
626 211.24 
634 -115.53 
1251 13.38 
698 23.60 
1904 29.22 
1991 28.72 
510 -0.36 
1851 -21.97 
843 -34.71 
1875 -41.52 
1859 117.24 
288 -27.17 
863 -306.19 
1868 16.55 
70 -23.27 
2263 43.90 
337 58.22 
497 -25.45 
467 229.70 
1371 -77.90 
1341 -22.09 
1880 -61.28 
190 16.06 
1587 14.90 
1065 224.18 
2010 -21.32 
286 122.54 
1641 179.61 
2469 -82.31 
401 -93.11 
1898 -52.58 
1899 12.50 
436 2.89 
1425 364.62 
679 51.71 
1908 34.67 
764 -55.78 
2176 185.18 
931 -52.77 
2126 17.55 
1243 91.85 
1132 115.59 
1919 219.27 
1920 90.75 
977 68.10 
53 121.01 
1426 69.27 
352 15.79 
1932 133.13 
972 -3.88 
1259 -12.42 
1952 -149.27 
636 4.77 
1155 -184.84 
521 -265.78 
574 -24.31 
1948 3.98 
76 -30.87 
941 -55.45 
1025 -42.31 
435 -1.25 
49 -25.11 
610 -213.80 
717 -3.75 
1033 -24.90 
154 -1.45 
2047 36.10 
2304 2.31 
1278 -36.84 
2083 -20.38 
1091 -37.81 
77 71.01 
652 71.92 
453 7.05 
1799 -231.29 
687 -31.27 
229 9.17 
1620 53.11 
95 72.82 
1586 2.04 
1087 -77.30 
2275 -22.48 
290 -55.99 
397 -193.46 
702 -66.32 
1531 -113.95 
1000 -36.22 
1462 266.04 
1576 -30.21 
1345 21.57 
262 56.65 
168 73.25 
2043 119.84 
2254 41.21 
1714 20.59 
1949 25.90 
658 -33.01 
2323 50.29 
2471 74.36 
2185 -137.39 
780 -95.77 
1782 -11.00 
865 40.48 
1337 -100.52 
1588 7.61 
499 21.43 
1731 -35.73 
1643 -17.08 
427 -16.93 
1715 -61.52 
1234 -67.73 
1811 67.39 
1085 -81.58 
2314 51.55 
2492 -207.30 
528 -58.08 
1307 126.86 
2301 -7.66 
2089 -38.35 
1496 -10.21 
1224 164.18 
1348 -85.71 
1237 -44.85 
2102 141.18 
1815 182.38 
1066 -228.05 
1209 -111.66 
2027 35.06 
2417 107.02 
324 -117.49 
518 72.95 
2101 -5.89 
760 0.98 
504 33.13 
2470 -114.20 
302 45.15 
2133 -57.12 
2136 -241.52 
2125 -52.59 
648 -14.78 
2062 18.38 
1315 -46.66 
400 0.77 
2281 125.59 
146 2.49 
484 107.10 
2449 -47.01 
123 -72.59 
899 -31.88 
676 123.13 
26 -310.91 
195 -170.99 
2167 -111.93 
673 -173.00 
2188 -5.29 
1125 -10.13 
164 205.68 
503 310.46 
567 42.13 
2226 -150.62 
934 2.94 
2103 -31.77 
1759 -61.97 
1208 24.87 
2420 14.20 
1241 70.37 
2210 -17.57 
736 50.35 
340 63.30 
1860 -294.22 
133 -8.84 
1432 -196.39 
2219 -88.93 
2222 -169.75 
884 20.44 
2233 -116.23 
1106 -5.86 
1435 -19.39 
1190 -41.44 
2238 -6.16 
1274 9.03 
1507 2.86 
2246 -44.32 
1182 146.18 
1280 31.39 
1300 3.30 
87 -514.29 
280 120.77 
2141 -243.24 
1384 -333.41 
86 -198.37 
1096 77.37 
2007 -109.34 
473 21.58 
1313 10.14 
2284 -65.24 
985 -38.59 
546 47.41 
2427 -176.31 
613 -8.45 
1074 49.30 
1072 0.25 
525 -36.16 
2403 -4.02 
1719 -322.71 
1922 -186.08 
874 32.77 
946 -105.98 
2307 27.76 
1453 -109.44 
259 2.18 
1754 -172.82 
10 -29.58 
2110 89.75 
802 -69.60 
2415 34.37 
1896 16.26 
2393 14.26 
433 74.51 
999 24.32 
513 5.91 
1382 245.99 
2078 -275.37 
1702 -46.11 
1734 88.54 
2317 -35.33 
1183 167.18 
2357 127.69 
2099 -42.50 
442 3.99 
860 -1.01 
2068 -291.22 
734 80.19 
2371 102.91 
2404 -242.82 
2308 46.93 
1956 200.84 
2377 66.20 
1823 -273.21 
604 -192.31 
279 -182.93 
2321 70.77 
359 -153.69 
1264 -7.89 
800 -42.80 
2119 -132.19 
935 -32.29 
842 -12.22 
2181 132.19 
955 -19.04 
1283 -13.03 
815 -15.55 
1303 -30.12 
1541 -58.03 
2516 -170.32 
2283 25.11 
380 -52.80 
1839 -381.12 
1980 -32.45 
11 191.52 
913 -21.94 
1913 9.77 
23 -17.08 
2370 -15.45 
445 242.83 
1558 -248.15 
1016 62.71 
1429 79.77 
541 -290.63 
1375 -3.14 
886 17.70 
2121 -3.10 
1602 1.66 
2457 8.63 
1279 -48.48 
1582 -113.56 
766 -66.03 
217 -22.46 
2031 -213.22 
374 -312.88 
2035 -54.34 
543 26.58 
1277 -168.13 
2477 -34.06 
2460 15.72 
1340 9.65 
868 -127.27 
968 31.40 
2489 36.42 
32 -70.10 
601 -305.19 
1193 -43.77 
144 -98.47 
2509 8.86 
857 22.59 
923 -83.77 
149 27.65 
2036 -5.43 
221 -149.92 
2394 -215.56 
502 -6.81 
1364 -104.59 
1673 -29.36 
462 14.97 
1738 -57.15 