1022 324.42 
1598 174.26 
1023 -1.04 
909 -383.69 
1039 -406.62 
3234 -30.38 
1706 -222.70 
1970 -120.61 
1095 9.19 
3456 4.76 
39 -128.12 
3019 56.16 
1456 -99.05 
2872 -99.05 
360 0.14 
3083 62.91 
123 -33.55 
3653 -42.14 
3283 358.30 
2989 -177.64 
2034 11.43 
3257 -208.91 
764 -7.21 
1986 -46.13 
91 137.52 
820 26.78 
3383 4.70 
3187 -216.25 
1916 13.02 
1796 -98.99 
2595 13.77 
397 -19.51 
2302 35.67 
419 -263.35 
2608 176.84 
3487 11.78 
190 107.06 
337 -181.49 
2494 90.10 
116 -84.13 
1176 56.67 
120 -23.52 
3366 -226.28 
2709 -9.05 
863 -0.17 
1227 -43.01 
136 -5.46 
2005 -169.34 
1202 94.70 
1267 7.96 
2931 65.40 
3393 218.35 
955 -17.85 
3649 0.95 
1989 25.86 
1497 25.86 
3052 -89.87 
160 -232.03 
3462 -49.19 
1292 48.03 
168 -115.53 
204 -25.89 
773 48.50 
1285 63.51 
308 21.48 
498 -5.73 
1281 -119.22 
2618 221.90 
2844 -13.06 
2475 166.24 
3573 -50.89 
1302 -50.89 
861 63.62 
3593 -267.46 
623 -23.02 
3579 -76.82 
208 -191.23 
2538 -70.40 
2508 12.19 
2365 70.69 
2600 -131.00 
224 42.14 
800 32.26 
2430 401.65 
1151 226.42 
233 -126.28 
1087 -202.38 
622 -39.43 
1623 -156.95 
256 -37.42 
54 91.16 
2357 55.68 
3398 38.63 
354 -134.72 
1738 45.01 
727 -98.39 
721 248.90 
2434 14.43 
2907 2.97 
3250 83.19 
147 -16.94 
260 -127.82 
3617 70.02 
3373 -11.90 
2444 -44.49 
2215 75.41 
553 89.89 
3662 21.28 
1617 6.86 
278 26.71 
2859 -82.60 
281 -58.00 
1818 27.93 
289 82.86 
2271 -405.36 
2294 -41.25 
2660 -3.82 
2697 12.54 
2532 79.04 
2431 -2.06 
3464 -7.16 
1099 -123.85 
1774 309.17 
312 -159.20 
1388 51.69 
315 -93.29 
316 -72.56 
3231 317.97 
1974 -461.61 
2522 -26.23 
1707 -101.29 
1404 -38.69 
3094 -96.27 
2065 57.12 
25 -21.15 
2091 -62.76 
1318 -133.43 
68 -10.72 
185 72.90 
2741 -29.60 
3131 -16.04 
1111 8.18 
343 -45.89 
1881 -111.17 
3417 -3.68 
1816 63.69 
348 -28.51 
2344 -107.79 
350 212.70 
353 -20.39 
355 -49.32 
3104 -28.20 
2583 -20.03 
1859 -65.52 
3489 54.41 
486 -201.11 
1060 261.22 
3421 -112.71 
3648 -253.10 
282 -123.81 
1118 285.04 
660 45.47 
393 -151.06 
874 -144.02 
3361 15.33 
2997 -225.29 
3368 -39.57 
3244 -53.43 
3537 -53.43 
3602 13.11 
2241 -282.26 
1164 41.87 
413 -34.87 
2469 72.28 
2014 -333.89 
760 52.21 
2763 199.86 
2163 -95.48 
2706 77.87 
2100 3.14 
3637 174.91 
431 -13.52 
18 -11.32 
2526 16.84 
2033 -47.32 
2503 22.27 
294 -1.13 
1416 -23.16 
11 22.92 
1573 22.92 
447 -54.85 
2244 12.29 
2809 52.84 
2458 47.04 
457 26.07 
2417 -91.04 
663 -6.03 
1097 -14.77 
142 67.34 
782 232.06 
2481 -47.96 
2777 8.83 
244 -88.46 
1810 50.40 
3646 -114.70 
865 -23.36 
914 11.94 
2035 -90.26 
2306 -631.47 
1780 51.23 
3586 -22.24 
1395 52.43 
3329 -45.41 
2786 -277.27 
2131 27.06 
3086 -218.58 
81 -241.69 
2926 46.86 
1887 -7.90 
2529 -18.47 
3696 8.92 
2975 54.82 
3225 232.60 
728 -73.12 
531 -103.62 
2687 -167.05 
2493 -96.96 
2103 5.79 
655 68.62 
2193 -181.86 
1542 0.41 
1372 -3.58 
1199 -140.47 
2611 -268.31 
564 112.08 
1512 -68.89 
459 -179.13 
27 44.90 
3272 97.81 
3089 81.06 
3145 -32.61 
2021 -19.98 
3372 216.58 
576 -107.49 
22 -3.33 
3350 361.95 
1261 -56.06 
182 -163.16 
201 -108.12 
986 5.35 
35 -23.82 
2379 4.16 
2442 -48.50 
2396 -407.70 
607 -16.51 
2750 -17.17 
612 -2.15 
860 -132.86 
1981 -14.50 
624 185.70 
487 -153.49 
3277 26.02 
3601 -34.40 
1908 10.42 
970 19.44 
645 -490.26 
999 -51.07 
1703 -382.86 
1144 16.15 
3554 -15.31 
2817 -124.91 
1343 27.97 
277 -17.19 
3087 -61.52 
3376 125.20 
2920 78.52 
1308 -6.76 
1179 -11.75 
1247 43.83 
2371 8.11 
104 -181.84 
519 -195.42 
3311 -195.42 
1973 -15.00 
681 33.95 
3240 1.49 
754 -91.08 
1072 -87.69 
1767 110.30 
2793 122.56 
3194 34.32 
1948 2.10 
3112 -261.78 
571 29.76 
1994 28.81 
511 11.25 
300 14.80 
1326 -235.88 
1273 2.47 
629 11.02 
713 29.54 
715 -18.24 
1880 15.73 
2052 -369.19 
1536 -211.60 
2694 -50.91 
2630 21.83 
238 334.64 
732 -70.90 
620 209.58 
118 36.78 
738 137.83 
741 87.90 
1820 1.58 
2877 -42.85 
1220 -87.12 
818 -87.12 
3211 -1.80 
2395 114.84 
1595 -105.39 
762 -135.82 
415 -61.17 
1463 -173.57 
3443 -8.23 
2890 -76.52 
2702 -56.85 
125 472.86 
3167 50.12 
1196 -128.22 
790 -134.19 
3033 -320.33 
1716 -34.99 
2044 -174.83 
797 -82.78 
1333 -7.15 
1272 -81.71 
821 -13.34 
803 -18.24 
2085 -11.10 
2649 -74.91 
1084 -106.56 
811 32.99 
2700 14.55 
59 -120.96 
2570 -241.40 
2157 80.85 
3266 -7.52 
2366 2.28 
3025 6.01 
1558 -509.36 
835 -188.35 
535 -88.46 
3488 -31.34 
849 -266.41 
771 21.23 
366 -15.78 
3507 82.88 
2113 8.11 
351 -150.01 
3208 -186.07 
3190 125.94 
1514 -1.19 
996 -25.01 
2380 -48.61 
1891 22.42 
1955 48.10 
665 0.96 
191 125.84 
2640 -270.99 
558 -29.26 
2287 -29.26 
1884 -312.14 
3556 0.75 
19 0.75 
2072 106.53 
2106 4.85 
850 -220.41 
3198 -6.72 
1631 9.75 
3342 48.77 
1643 -52.20 
730 -5.53 
1030 -16.67 
3356 -147.40 
3075 -35.45 
915 -147.89 
2390 1.62 
921 -641.70 
1589 128.78 
1362 65.17 
2230 -264.16 
925 -76.57 
927 -123.80 
3371 36.71 
3638 -136.31 
446 51.33 
1689 -253.93 
1331 15.76 
974 223.69 
621 32.40 
3550 9.05 
2161 26.06 
1813 -15.61 
314 -8.52 
2300 -80.67 
1137 -36.96 
1291 257.27 
83 -25.23 
581 -54.31 
1972 10.73 
146 -63.69 
2984 -47.85 
1645 -14.43 
3256 34.23 
1408 51.17 
3048 -143.34 
3499 -113.25 
2915 -8.02 
749 -4.65 
1004 -57.82 
3050 -57.82 
3310 25.42 
2634 9.18 
332 -61.12 
3219 18.38 
3512 29.46 
1253 20.72 
809 -228.02 
2674 18.10 
3339 -88.54 
853 -253.92 
2226 195.66 
534 -52.06 
1213 4.40 
3333 -256.02 
3315 8.27 
792 19.10 
1581 -20.12 
1734 212.21 
3290 6.63 
1633 66.42 
1051 3.67 
598 4.55 
1902 -36.64 
880 25.36 
582 -219.80 
1648 -4.95 
2295 33.61 
1792 -1.55 
1063 -97.40 
2959 -165.44 
3447 -94.80 
2136 -124.18 
226 179.00 
1071 -4.46 
1073 44.14 
422 6.47 
1540 6.47 
382 18.74 
3252 -70.40 
1549 8.51 
1335 89.75 
656 -22.35 
919 44.97 
752 34.04 
1100 2.79 
26 -2.90 
3536 -33.92 
3037 15.03 
1952 30.70 
3243 222.30 
2749 -271.26 
338 118.19 
1670 -0.81 
2422 -10.15 
1117 31.09 
2563 138.81 
1 -272.42 
211 154.17 
450 306.40 
57 51.54 
1913 -188.77 
2725 -397.90 
1098 -42.85 
492 -4.36 
2806 -57.34 
959 -11.76 
2189 5.03 
3678 381.85 
461 19.45 
1991 17.12 
1597 -30.66 
866 53.25 
1264 -50.19 
1642 -35.39 
2206 8.78 
1157 -198.19 
170 -4.27 
1498 112.24 
1524 6.91 
1464 40.79 
2068 16.68 
1172 106.84 
3552 19.56 
1768 95.50 
174 -65.45 
1653 80.06 
1309 -125.08 
2816 -3.75 
1187 -1.35 
1990 -44.90 
1917 60.05 
2626 -60.39 
163 30.64 
2607 2.10 
3500 -172.86 
468 208.60 
1201 -3.49 
1451 35.37 
939 103.61 
381 8.66 
3459 52.05 
1493 -16.06 
2992 87.17 
3294 1.02 
3549 34.97 
502 0.74 
755 -14.49 
1766 -14.49 
1628 -22.36 
14 127.54 
1419 127.54 
1425 185.06 
3343 16.12 
2236 111.40 
3594 -125.32 
1499 -4.33 
1114 62.96 
2443 8.96 
1248 -9.55 
218 -86.32 
2696 65.25 
2581 93.87 
2496 125.74 
601 15.54 
1306 -14.95 
2397 -24.76 
1262 -97.40 
3176 107.32 
541 62.39 
275 38.22 
1268 7.93 
2811 44.87 
358 -342.41 
2746 -51.71 
267 55.40 
1620 337.10 
2421 -18.03 
2737 -14.38 
652 244.69 
2303 91.72 
2934 57.75 
1301 -164.51 
1107 45.36 
639 24.22 
2796 -409.99 
1686 24.35 
2969 65.66 
1911 116.01 
2063 38.84 
365 -18.67 
352 -63.27 
1665 170.04 
1171 -32.43 
739 -32.37 
1747 146.52 
2160 18.36 
3062 47.99 
1340 130.31 
2739 172.78 
1910 -109.43 
2415 2.58 
1288 -6.16 
2912 -7.06 
1246 58.27 
1714 5.17 
3078 29.64 
1232 17.84 
262 -23.99 
1192 102.75 
220 -17.40 
2540 510.36 
2140 -40.03 
543 20.72 
3670 -107.60 
912 -90.30 
3156 -117.28 
205 -42.12 
692 -46.40 
3682 3.96 
1386 -188.79 
309 -108.53 
857 40.74 
1431 -106.67 
3452 1.91 
1827 -6.83 
2143 -14.06 
1200 16.23 
3130 -116.11 
3360 -209.19 
1298 -209.19 
3297 38.18 
2740 -114.46 
1987 -139.08 
1711 -171.52 
94 -18.89 
1845 2.56 
1546 81.90 
1750 -266.46 
610 -266.46 
1679 -202.71 
34 -12.91 
1455 4.16 
3095 149.41 
1135 -41.00 
740 8.22 
544 7.05 
1444 45.32 
768 38.51 
1731 329.86 
3463 -9.39 
1457 195.15 
3291 -281.03 
885 -281.03 
3362 -2.51 
2173 -3.42 
1934 -52.82 
141 189.13 
1517 189.13 
1978 -19.35 
1162 -43.96 
2245 -10.05 
1132 -169.46 
213 91.13 
3469 -9.85 
1650 -0.82 
2960 18.46 
1488 80.90 
1980 -0.58 
2954 -116.27 
1271 -61.28 
2495 150.30 
363 -188.93 
3080 -27.19 
406 -18.53 
711 -89.54 
3660 102.63 
753 -18.61 
3067 -29.81 
2775 -84.69 
2787 -17.64 
3515 -32.46 
2433 51.73 
1210 -217.23 
1824 136.02 
1532 44.13 
3321 297.18 
523 -1.98 
694 -87.60 
3193 -28.18 
1668 -87.34 
3483 -17.30 
2769 6.31 
2788 -44.87 
1946 167.57 
2463 86.74 
3115 25.08 
2383 -7.10 
1566 -50.00 
1567 -59.12 
957 88.05 
1569 -405.54 
2558 23.34 
288 108.08 
2712 -6.51 
364 -11.55 
428 -77.24 
1313 -144.89 
1590 59.24 
1381 157.92 
566 -18.77 
1722 4.76 
2332 -255.76 
1605 -62.97 
2134 9.00 
2497 113.01 
847 3.59 
3681 -32.06 
408 -61.28 
1700 -63.67 
3618 247.19 
2930 112.23 
1821 122.88 
3457 246.48 
714 82.23 
3358 -2.82 
1397 -135.93 
2799 28.97 
2566 6.98 
1933 -208.74 
1547 -36.46 
2991 42.64 
1969 -123.96 
2461 -112.18 
2208 -112.18 
1657 75.99 
3274 -54.84 
1807 8.15 
3032 -438.70 
1280 -438.70 
3639 -5.60 
485 14.70 
2446 112.04 
3367 -98.89 
3641 -133.88 
3195 5.04 
2967 27.21 
165 17.53 
3610 -198.45 
2768 29.68 
3562 -31.83 
2165 2.47 
2962 -25.01 
1843 188.21 
1698 -164.67 
1907 -50.74 
1876 80.07 
1245 40.77 
1150 -10.99 
810 -10.99 
3494 -274.62 
1228 0.49 
2070 -2.38 
1068 58.37 
585 113.18 
743 -224.72 
2623 -224.72 
436 -66.90 
3590 -30.87 
3440 -309.67 
3183 67.96 
896 21.16 
529 412.40 
1037 7.39 
2464 152.28 
1672 152.28 
2179 -84.76 
1761 50.70 
2102 -20.88 
1765 -108.20 
1052 9.86 
3633 13.47 
1982 13.47 
1578 4.12 
195 -38.88 
2437 -63.91 
1219 -14.67 
3265 31.82 
1528 36.26 
3264 36.26 
2059 -19.82 
3182 -43.83 
1102 -75.93 
3308 -82.68 
3345 -12.05 
1773 31.64 
2772 -13.71 
1017 7.06 
2986 6.00 
3036 -219.06 
1160 44.74 
268 19.98 
1805 -212.98 
2655 4.66 
2255 0.66 
1812 -235.81 
2403 23.72 
157 102.70 
1109 -46.32 
61 42.55 
186 -14.92 
3091 8.41 
3675 35.01 
1838 -126.74 
2187 -84.11 
386 0.30 
1346 -100.44 
1850 -83.36 
3271 -38.00 
1928 -38.00 
2683 9.49 
1092 -28.63 
1857 -131.43 
3485 -225.63 
1682 44.18 
1327 -7.15 
217 -286.94 
1582 -6.10 
1276 -129.87 
1764 -130.70 
1871 20.29 
784 161.38 
362 -191.63 
742 33.10 
1879 -191.80 
221 -9.34 
1896 198.28 
618 90.72 
3204 -174.51 
993 -158.12 
1530 20.36 
1352 10.79 
2119 263.85 
113 189.09 
420 0.48 
1914 135.98 
878 113.61 
28 -9.86 
2556 34.61 
1436 293.00 
2212 -376.75 
561 -129.69 
669 6.17 
151 -274.25 
3318 -24.11 
3313 -209.39 
2870 -109.35 
1939 -37.11 
2957 60.54 
846 78.28 
1943 45.25 
2933 -76.56 
3474 81.48 
1858 5.04 
3526 6.32 
3149 -269.34 
3482 2.76 
77 54.74 
1963 -154.52 
451 -154.52 
2908 -68.69 
2917 51.59 
1717 -47.01 
1075 87.61 
2898 -108.74 
3191 4.12 
690 301.26 
901 217.30 
3680 -22.34 
2097 -48.87 
2004 88.21 
1710 -14.61 
2260 -274.50 
3689 -28.95 
2256 -21.38 
522 11.23 
2019 -80.70 
3583 -28.92 
1460 -9.27 
2026 15.88 
2414 4.10 
1508 41.30 
2050 103.06 
1033 -203.73 
2744 -12.62 
712 -362.08 
501 -131.07 
2216 -0.94 
2651 38.49 
1586 -13.36 
2262 -165.98 
725 -10.22 
2576 -20.70 
1159 1.56 
2220 -99.25 
3347 -72.56 
304 95.00 
121 -36.56 
135 -128.58 
2077 -250.58 
2199 129.55 
3523 -115.99 
900 -147.06 
2282 -223.24 
3468 -15.40 
1977 62.98 
3631 98.29 
1561 283.84 
1449 -29.36 
3404 -5.71 
2604 43.57 
748 41.40 
2045 -22.51 
2478 -23.34 
1439 157.96 
2110 235.97 
525 8.38 
1297 -16.00 
951 81.38 
3331 10.56 
62 -64.96 
458 -106.88 
2128 -30.77 
3021 -125.70 
2884 80.50 
695 -2.26 
2343 -7.44 
2517 -153.47 
2137 -63.75 
2284 2.28 
361 -2.73 
378 20.10 
3518 16.98 
15 74.43 
3249 3.51 
3235 202.87 
2559 51.12 
1413 58.23 
3047 -42.36 
594 -19.26 
2953 -13.08 
1638 -13.08 
3354 42.35 
3061 489.64 
3407 -254.98 
3140 -58.60 
1610 34.85 
2093 -5.77 
613 49.17 
1737 23.01 
456 -49.71 
2864 92.47 
2251 -87.88 
2027 -73.14 
3596 -53.49 
2197 -178.46 
930 67.90 
975 -68.91 
3276 3.75 
2452 -5.39 
830 402.21 
333 -109.64 
2214 -68.47 
452 -72.38 
2601 -141.27 
1853 -2.07 
3346 3.10 
2225 -65.36 
1163 -94.87 
273 -0.03 
1560 281.42 
2713 -310.35 
3430 55.22 
2940 129.47 
3303 -40.93 
3608 -105.33 
2248 -320.45 
2705 -360.63 
2259 222.46 
2239 0.59 
1378 47.89 
2264 267.07 
1405 37.58 
686 164.27 
2592 214.22 
2902 -47.66 
2273 54.40 
3379 7.82 
2041 -3.33 
1016 -246.41 
868 100.75 
604 100.75 
2289 106.33 
512 88.90 
2144 -0.54 
3484 -85.99 
50 -197.72 
1937 5.29 
2798 -24.39 
946 0.27 
2765 -10.17 
833 -84.70 
856 -8.32 
676 61.03 
905 52.36 
3323 34.65 
45 24.96 
670 -125.29 
2280 86.36 
2578 -129.31 
2330 -88.32 
3534 10.77 
994 -31.47 
1892 0.29 
977 58.78 
2680 131.24 
2590 5.90 
893 93.38 
1295 -69.44 
804 -84.85 
1243 253.26 
1026 -2.25 
1661 5.60 
2751 5.60 
2677 -34.15 
1861 80.37 
257 32.02 
2505 163.13 
1300 24.37 
1161 -17.85 
1304 -40.62 
3146 32.95 
1322 -172.84 
3238 6.56 
634 -237.61 
2585 227.58 
1158 63.19 
2384 86.65 
2386 -102.37 
2012 1.84 
2111 74.75 
368 79.39 
371 -132.07 
2752 233.92 
98 -109.11 
1979 -89.12 
1506 18.69 
587 -4.43 
2252 37.32 
2213 -9.04 
2569 77.89 
1636 37.32 
2407 -151.48 
972 265.38 
1873 204.90 
1626 -7.08 
1375 438.29 
2419 -147.10 
1803 59.66 
3169 -46.15 
2657 -4.40 
965 -180.76 
2447 -256.54 
1577 60.63 
1739 79.44 
2360 88.50 
2275 1.15 
537 -30.26 
3230 -124.18 
2735 219.86 
2658 -34.22 
1387 -22.64 
2891 160.19 
1184 -3.63 
1971 94.61 
359 65.08 
2483 24.35 
2848 -304.05 
2733 -59.99 
1938 -104.91 
667 -93.44 
1947 10.11 
1604 -284.23 
3055 287.32 
1032 -6.03 
2523 239.15 
2487 -131.82 
1757 0.99 
2510 -62.82 
344 6.19 
2071 37.75 
2514 -57.45 
3255 -24.65 
1036 -23.72 
387 -228.68 
2454 -45.02 
1120 -2.90 
1924 3.06 
2272 -271.56 
2305 -32.39 
2535 134.88 
448 15.27 
1523 -197.55 
1149 22.43 
3517 11.65 
1478 -37.15 
1259 -37.15 
2099 -161.25 
684 49.71 
1671 1.52 
2057 -35.72 
3524 -115.36 
3663 -32.49 
270 21.50 
2572 -105.00 
3153 -105.00 
1234 2.20 
2587 -116.92 
2001 -39.17 
2617 125.49 
1392 13.36 
1214 88.54 
2182 210.21 
2838 87.20 
166 -229.04 
2605 285.41 
2196 -70.52 
453 -95.43 
3416 -44.85 
1486 10.34 
1749 0.13 
801 -20.32 
2504 16.93 
2139 -203.85 
3438 31.80 
1027 31.80 
1809 170.36 
1384 38.49 
126 158.40 
2664 -17.10 
1877 -16.23 
464 -78.55 
2767 46.68 
1829 71.03 
1571 113.69 
1472 15.10 
1351 120.19 
2450 63.70 
87 52.94 
2316 -505.45 
1008 119.38 
3000 21.96 
235 77.55 
1743 -102.97 
626 48.74 
2886 106.06 
2672 137.20 
3657 137.20 
402 -81.86 
1290 -42.32 
926 18.76 
3016 1.86 
542 -111.68 
981 49.29 
1587 -71.25 
936 -8.73 
23 -15.49 
547 16.30 
1949 -29.46 
595 288.27 
3010 24.79 
3476 -48.92 
2710 -32.45 
1956 81.62 
1047 81.62 
2875 -34.48 
1252 109.40 
2465 -67.23 
2810 77.25 
1173 -243.40 
109 -14.57 
1851 -451.95 
953 -183.39 
3128 268.35 
2742 -60.21 
563 15.36 
1441 0.04 
696 -40.90 
2762 10.55 
2030 581.15 
1260 -131.99 
2670 -112.69 
2773 -47.37 
3685 -132.11 
3070 13.12 
311 -3.34 
134 4.70 
3 -20.94 
375 546.15 
2791 26.00 
215 -90.35 
2221 -171.68 
369 3.58 
232 169.95 
635 -15.93 
1409 8.76 
2084 145.26 
3589 21.93 
2970 65.88 
3540 -265.93 
831 -1.45 
3409 -137.11 
2665 150.23 
2822 209.44 
2923 149.99 
2391 -8.03 
2337 53.04 
2410 53.04 
2257 -25.09 
2298 -44.46 
1675 107.07 
2832 -121.00 
1454 69.55 
783 43.46 
472 88.77 
2840 -14.58 
3210 28.92 
2843 -155.47 
3622 -63.36 
1146 -33.54 
1968 73.79 
2047 19.04 
3275 -140.89 
1074 80.51 
3151 80.51 
2861 -98.14 
1942 -89.26 
3365 -397.99 
3113 -133.85 
3326 14.65 
2138 -283.45 
254 135.91 
938 30.49 
2448 -57.40 
644 -12.30 
3382 -134.25 
2552 219.17 
114 -467.96 
3221 -51.97 
75 27.13 
2894 -32.37 
1662 -364.65 
3108 18.90 
2899 -384.58 
937 -124.90 
943 6.34 
1236 -130.66 
2911 101.27 
1424 26.49 
1693 274.92 
429 -48.86 
1735 -414.46 
619 -12.87 
2937 -15.51 
2056 -365.99 
2418 -43.57 
1103 54.14 
3669 -76.40 
2819 91.20 
1883 6.04 
2759 12.59 
1250 -555.75 
16 -228.52 
2108 -26.46 
1870 45.57 
2939 444.75 
1310 219.10 
2470 -154.48 
508 -511.72 
3184 8.78 
1534 29.83 
3338 -32.85 
2983 97.68 
1929 -179.25 
2612 166.34 
3355 75.79 
3263 3.94 
1557 38.10 
627 -13.35 
1964 -256.95 
1178 -256.95 
3034 124.12 
3665 -13.79 
1223 -73.59 
2856 -73.59 
2416 5.94 
1554 -167.80 
2845 -82.07 
636 94.70 
1833 -9.54 
1383 29.06 
871 -229.48 
2928 10.80 
2719 10.80 
340 -243.24 
839 6.68 
1538 -5.23 
2013 191.71 
1746 178.45 
3049 -176.57 
2081 -54.91 
2428 -28.05 
334 134.55 
1344 151.38 
617 63.20 
3064 -85.60 
2512 8.50 
716 49.34 
605 16.56 
3560 77.66 
2734 64.35 
3659 -33.47 
774 -31.97 
2368 -53.41 
1785 79.64 
1762 -155.53 
442 121.72 
1819 4.53 
1489 21.13 
2378 1.55 
2745 10.61 
3097 -6.14 
933 -6.14 
3102 141.06 
285 30.58 
2423 -36.75 
506 -203.69 
3173 34.79 
3118 286.83 
2211 10.07 
1832 261.88 
3531 -9.73 
1461 -31.12 
439 156.23 
283 9.98 
3001 -50.85 
1720 173.65 
1188 9.55 
2149 -117.92 
785 -97.57 
2388 87.50 
3141 -101.18 
2339 67.92 
2060 120.99 
1165 1.77 
3213 199.75 
2233 -4.69 
2932 65.14 
3155 8.68 
3157 59.10 
2701 -83.97 
2340 -45.12 
37 33.14 
3162 98.87 
2774 -28.56 
3165 -69.87 
2347 36.35 
1906 422.88 
2228 196.26 
2941 50.27 
376 83.95 
3174 -162.62 
3177 -27.41 
3046 -220.34 
1108 -1.88 
3636 -74.92 
2901 -153.90 
3330 -20.98 
3188 122.59 
3189 -61.04 
3603 -19.89 
2987 -30.99 
3254 -0.52 
335 -118.72 
2839 -160.31 
2943 -77.43 
3209 -53.03 
2486 12.65 
475 -243.65 
176 -79.95 
1996 3.65 
777 -258.30 
3630 -33.63 
3227 -101.29 
3228 38.10 
2363 9.63 
1105 59.33 
2720 -11.82 
3241 156.05 
3245 -134.52 
1366 -61.29 
3251 245.73 
2435 -245.14 
3079 -25.08 
3679 -92.66 
2785 136.51 
3381 -61.64 
494 -90.52 
720 11.63 
3201 -137.26 
2904 -150.93 
3281 214.17 
3384 249.69 
1868 10.48 
3031 -39.57 
895 77.27 
560 -28.37 
1658 -28.37 
200 -83.36 
964 39.06 
3300 84.30 
3605 19.31 
2286 -93.70 
3304 32.09 
2925 -66.41 
491 -25.10 
1369 -101.24 
1778 53.83 
2320 8.17 
2726 -7.43 
383 -7.43 
599 -69.95 
2603 -19.63 
2141 59.47 
44 -372.26 
3336 -49.81 
1649 -5.74 
1692 -111.56 
680 369.03 
2708 -2.38 
2471 4.44 
944 -149.04 
2668 266.09 
3374 62.54 
1029 7.22 
2980 -113.98 
3058 -89.81 
3569 154.21 
1634 -4.75 
1177 144.57 
3498 150.40 
2753 -28.13 
3394 -15.80 
1377 -6.90 
734 -154.28 
3399 -69.29 
3026 61.49 
3403 126.19 
826 168.26 
2887 17.68 
638 -57.77 
1012 -304.45 
1953 -168.83 
2169 4.41 
873 73.97 
129 -21.71 
1625 -33.44 
685 200.16 
3107 -259.96 
3431 4.42 
2982 65.53 
3433 -147.00 
3422 -147.00 
3100 26.32 
287 38.87 
2116 -64.59 
243 -22.07 
2043 -40.35 
1526 123.59 
2562 5.48 
702 -145.99 
2207 -1.15 
3460 68.98 
3627 130.17 
928 39.04 
3413 -266.54 
3327 95.97 
596 253.02 
2889 -195.79 
2781 -195.79 
1360 18.72 
796 -253.58 
489 83.24 
2024 -380.44 
162 126.69 
2905 -115.75 
786 -337.65 
2842 -34.60 
250 144.00 
580 61.56 
2564 55.50 
2761 -49.39 
1085 135.02 
737 -10.45 
3412 19.36 
2661 7.43 
318 4.73 
2023 44.60 
2373 1.50 
983 -97.45 
3529 -85.33 
2427 -8.77 
1725 9.68 
718 5.61 
264 15.36 
2125 53.19 
1842 90.42 
3306 -270.22 
3545 -592.43 
3559 -244.66 
1131 1.70 
2492 115.07 
1048 -75.59 
2016 240.65 
700 -18.29 
2888 -52.50 
1572 -8.17 
1336 7.26 
918 277.98 
3269 -12.42 
949 -34.90 
3570 70.29 
3007 -101.66 
266 -187.07 
3525 8.88 
2567 -0.41 
2500 -5.18 
3581 99.93 
2797 -177.09 
414 13.43 
1702 -82.03 
150 -7.97 
540 -150.85 
3592 -76.73 
1612 -52.25 
2946 6.97 
1632 -25.40 
956 165.86 
3044 -51.05 
1244 1.69 
2202 109.67 
1110 -51.84 
41 1.72 
516 48.09 
2554 153.86 
1885 -80.71 
2076 -59.93 
1040 94.37 
654 -7.84 
3424 -400.04 
3584 -126.36 
2181 257.14 
822 179.29 
1426 -12.14 
3332 -15.03 
3656 -132.49 
3519 -92.11 
127 -33.13 
3451 -128.37 
2249 -123.73 
3607 -31.87 
1997 60.85 
49 -27.29 
206 214.04 
879 205.50 
9 -6.49 
70 -47.99 
196 -48.26 
3103 -257.11 
3458 199.21 
3307 -58.68 
2948 -60.43 
2952 -60.43 
815 -60.43 
608 184.74 
416 -66.81 
947 -66.81 
2292 -2.47 
33 -63.04 
3599 -31.49 
2820 63.04 
1905 20.14 
3352 66.98 
10 -115.31 
2589 171.26 
3351 -315.81 
2808 43.53 
21 33.44 
1093 95.12 
1473 9.50 
3126 158.92 
3578 2.92 
1552 -208.93 
934 6.59 
1596 81.56 
2367 -21.95 
2101 39.08 
1258 91.23 
1091 25.21 
1797 9.32 
1215 -14.74 
3088 86.35 
2354 26.97 
1256 -39.42 
503 -196.90 
2716 -101.13 
2770 57.41 
55 54.09 
1432 -18.64 
2222 -14.87 
295 -51.67 
1490 9.27 
1363 -122.16 
1839 -135.35 
1701 28.18 
214 -43.39 
719 21.00 
1736 85.02 
2205 46.81 
2560 11.40 
263 -72.22 
423 86.10 
1437 -230.87 
1967 256.66 
859 14.86 
2217 60.92 
385 87.57 
1000 35.40 
3587 -4.95 
1828 -181.88 
1442 252.52 
1962 35.63 
954 35.54 
1606 64.27 
399 -201.52 
3471 310.61 
2261 -14.35 
812 -232.37 
373 39.96 
2439 -131.28 
148 -68.94 
3334 -143.23 
152 38.09 
2288 117.81 
1481 -6.01 
3363 32.43 
733 125.74 
164 31.76 
462 -12.70 
902 17.95 
1194 10.15 
931 262.05 
650 -9.94 
1174 15.14 
2130 67.63 
187 63.83 
1591 25.03 
2602 -70.22 
2353 21.74 
2237 -290.96 
526 -29.81 
255 -6.01 
1771 -113.86 
79 -27.03 
478 128.05 
3667 -190.42 
349 47.99 
2334 132.93 
407 23.36 
1685 -134.25 
2511 -135.88 
3418 -227.35 
3505 55.23 
765 -156.77 
2813 7.31 
2880 -539.04 
2652 -211.94 
339 9.84 
2537 1.08 
2958 -11.60 
609 -120.36 
2955 24.54 
2096 -339.78 
443 56.00 
197 237.19 
653 87.22 
588 59.38 
2152 139.50 
1233 -61.13 
3092 1.77 
3280 -300.98 
437 136.61 
276 -286.15 
929 -91.86 
272 92.32 
2122 49.29 
1121 -35.61 
1659 136.08 
3287 97.57 
1545 -12.18 
303 -11.54 
2177 -496.76 
305 -80.71 
1020 3.14 
3538 398.98 
1866 -0.99 
1770 91.08 
2789 36.24 
3253 101.87 
2802 -10.74 
832 82.00 
3175 100.44 
2270 75.77 
1639 27.56 
2942 43.32 
1708 41.92 
1815 136.55 
2184 212.94 
2203 -158.37 
1355 -4.85 
404 -35.82 
2314 -122.00 
674 146.68 
2551 58.00 
357 36.33 
699 89.71 
1808 -194.79 
2679 -147.76 
3214 340.54 
641 7.58 
2404 16.11 
1059 -3.89 
3171 21.64 
2784 -276.58 
3635 42.98 
384 -299.92 
805 -277.47 
372 65.86 
2224 0.45 
1065 33.54 
3514 217.18 
3123 -2.73 
3134 -33.57 
103 351.63 
2944 -6.13 
1940 -12.76 
2146 -19.40 
2850 176.46 
2175 59.73 
3180 -43.38 
1420 45.20 
3237 39.24 
1348 94.37 
1128 -79.86 
2653 -116.03 
590 23.99 
3293 -137.29 
432 -3.14 
2088 -67.94 
85 -302.29 
2445 10.32 
1153 -28.27 
1410 286.55 
3632 -0.10 
1206 -13.13 
209 132.90 
989 -12.06 
567 109.61 
867 7.54 
212 -5.46 
3651 14.20 
1684 26.11 
51 -266.76 
887 3.75 
889 -0.96 
1519 39.73 
2235 -246.14 
3042 -15.63 
1458 -37.90 
2155 -61.01 
2460 -42.60 
2105 -423.41 
2350 -25.91 
3258 40.55 
2000 32.07 
324 203.21 
3220 -92.87 
2876 113.08 
1332 95.13 
1435 8.44 
299 -317.53 
766 84.03 
2596 23.13 
651 15.58 
1342 33.24 
2129 -113.56 
3359 377.37 
2145 21.92 
3116 124.35 
1186 -16.73 
1551 -1.41 
2147 11.12 
2112 8.02 
980 -242.52 
476 -41.16 
95 9.45 
2055 37.43 
545 -97.80 
131 -28.52 
2166 -212.11 
1733 -28.22 
1729 78.62 
642 -9.51 
3009 -170.19 
3186 105.89 
1783 79.39 
2499 -113.60 
1599 82.61 
3160 -9.64 
1254 70.19 
948 -61.48 
297 -178.07 
586 -61.21 
897 -256.00 
3686 48.71 
3420 155.20 
756 -105.11 
3164 -334.82 
3059 1.33 
3074 -233.29 
3053 8.16 
602 -372.52 
3475 -11.13 
1044 24.42 
1002 -37.22 
729 388.62 
193 -17.57 
2807 -22.70 
2854 46.93 
173 -4.84 
225 56.36 
2498 37.79 
3161 -145.78 
1190 30.42 
3203 -19.17 
1776 -155.02 
2565 275.81 
614 -139.99 
3005 8.24 
1438 -303.96 
1183 -21.36 
3436 -45.00 
1898 -219.73 
2718 -86.53 
36 -138.17 
1613 17.20 
2172 4.24 
2858 -4.52 
3030 294.80 
2062 69.13 
124 -46.01 
1918 134.41 
2555 -121.46 
3567 59.57 
321 8.18 
1314 -136.29 
677 -169.09 
2968 -76.57 
284 -88.04 
2994 -37.24 
251 80.00 
3054 28.26 
3490 5.39 
2126 2.39 
3205 19.86 
1823 -8.76 
1067 70.63 
2667 51.78 
1500 -21.78 
659 -43.24 
726 12.85 
2543 124.33 
3179 -52.40 
1238 160.93 
979 223.88 
942 -141.62 
1134 157.86 
3465 -168.04 
1787 88.00 
736 154.81 
772 49.42 
1903 -218.13 
664 103.03 
1640 182.18 
779 -62.89 
3497 -48.55 
555 -86.95 
1470 11.49 
876 16.24 
3411 -81.92 
1621 178.18 
1104 -19.22 
758 112.53 
759 -76.19 
2375 111.42 
2328 45.70 
1138 -374.19 
1119 -112.26 
2593 -26.94 
2846 153.94 
46 86.22 
3647 185.98 
1995 262.18 
2736 -108.62 
1712 191.19 
3652 -260.68 
3236 4.90 
1286 -169.58 
1287 -235.06 
3305 29.11 
3057 6.57 
1364 39.57 
3600 101.90 
2779 14.29 
2459 10.60 
3125 89.21 
3625 -59.09 
3090 72.44 
1064 57.04 
884 -29.68 
3684 -58.67 
2862 -154.88 
435 -44.31 
828 -83.59 
1931 -125.98 
1509 -2.27 
3197 -83.25 
3111 -50.11 
838 66.08 
2006 42.99 
455 66.11 
1448 -175.42 
2176 -57.98 
852 65.57 
2162 86.70 
3454 -102.38 
424 -16.20 
1826 -84.04 
1320 70.92 
3377 27.36 
1241 -17.37 
3278 -237.05 
2279 -63.80 
2376 -52.25 
3449 -4.74 
1727 -81.44 
2168 -82.00 
767 -57.22 
1180 1.96 
2521 53.26 
247 -268.93 
890 85.83 
2691 -91.36 
1798 196.08 
2631 -292.66 
412 -27.65 
395 -277.23 
3509 -49.18 
2695 -15.08 
969 -33.12 
747 -0.17 
1049 38.37 
93 -155.76 
3565 71.40 
2267 16.09 
2693 -229.39 
3081 335.41 
825 -141.43 
2663 70.98 
1423 222.12 
1769 -1.14 
3013 15.68 
687 15.98 
2868 -24.68 
941 187.80 
1748 -0.23 
2879 -7.66 
178 -24.05 
1759 -34.98 
2913 -95.80 
2995 -88.20 
3450 89.59 
1101 -95.15 
3493 -47.61 
2506 -95.82 
3477 92.48 
661 -204.86 
3563 -33.66 
1482 -6.66 
1993 10.81 
1005 77.59 
2042 238.05 
504 -83.85 
1909 128.81 
78 -56.16 
2038 129.98 
3154 -52.67 
2090 79.53 
2232 -88.46 
995 -80.71 
3658 -214.21 
3378 9.69 
230 -134.72 
2900 -14.46 
3576 8.98 
649 73.39 
3292 -94.22 
1520 -22.64 
342 148.49 
1840 6.05 
1014 29.86 
4 7.31 
3591 -20.46 
3325 65.53 
2738 -72.42 
1224 4.15 
2513 47.97 
370 -26.72 
356 4.23 
2927 79.91 
1618 146.53 
3510 -133.06 
3288 -181.32 
1046 41.64 
1854 33.25 
2118 44.03 
3017 -254.24 
1740 156.55 
1469 -34.44 
1427 -4.63 
2438 -38.99 
2966 11.49 
2643 108.38 
3136 -2.46 
1837 139.94 
3317 -114.78 
528 -87.38 
3634 17.96 
1197 -57.81 
2195 -361.19 
3282 67.50 
2534 -19.83 
1576 29.36 
1218 -188.68 
710 -101.80 
1669 -53.16 
3065 -12.85 
6 -30.89 
331 213.16 
2977 -57.36 
2910 157.74 
1663 -8.38 
3606 72.93 
1191 0.98 
1860 -66.89 
3506 -107.18 
1141 6.43 
845 8.74 
1635 160.66 
1106 -25.63 
1358 -154.39 
307 -75.98 
2874 -10.81 
2621 17.14 
1399 -138.53 
769 33.30 
3513 5.10 
2351 40.05 
3532 1.98 
1257 6.35 
2333 -43.48 
922 41.83 
2315 6.57 
2673 232.95 
1222 -236.60 
1275 -216.37 
3621 114.63 
3410 -72.21 
1899 -191.41 
138 -93.99 
1112 -26.82 
3655 -282.23 
735 -0.41 
2637 -442.66 
1143 -220.06 
67 115.34 
3324 90.90 
2326 -17.09 
3039 34.99 
2582 32.98 
1359 11.13 
3387 181.58 
1681 -93.55 
1450 -234.48 
1316 45.22 
1688 46.93 
159 -5.12 
2401 82.03 
802 173.24 
3620 -28.87 
2394 -1.42 
3530 -228.63 
2412 -252.63 
603 14.80 
3109 -78.50 
313 59.93 
704 307.57 
180 12.69 
2613 -235.90 
2342 -4.64 
1992 29.39 
2276 -509.71 
1677 -236.24 
877 -93.91 
3004 66.37 
2250 -0.49 
963 8.91 
1371 122.29 
3027 -146.90 
3448 -231.46 
527 -196.32 
2307 29.88 
477 1.55 
86 9.94 
2017 -6.92 
3099 -135.24 
2201 33.25 
1169 -10.11 
1305 65.61 
2058 12.02 
1307 -426.22 
1965 9.32 
3691 -24.79 
3314 202.68 
2281 -133.83 
904 -351.56 
997 66.38 
3302 -18.55 
2409 -438.55 
1152 -34.52 
122 124.02 
2040 -149.40 
988 -12.73 
1239 114.05 
1329 -316.26 
1341 -133.73 
648 69.82 
3181 -279.74 
1130 27.80 
1182 21.80 
1445 84.27 
2981 142.53 
1741 -339.88 
64 121.08 
1751 -150.44 
2646 -75.41 
1368 271.30 
2158 112.14 
1494 -14.36 
3072 -0.12 
2947 -116.11 
2778 -118.97 
843 84.77 
1382 16.45 
2094 -455.45 
1726 6.31 
1945 162.14 
2209 61.31 
848 -43.57 
2620 75.79 
1019 16.44 
1401 -49.10 
518 -71.68 
836 -180.47 
1772 44.25 
418 -141.70 
246 -6.45 
411 -23.75 
1430 -78.01 
1422 -118.10 
2771 31.36 
1077 -241.60 
3442 -47.34 
883 18.25 
597 99.98 
2095 -49.01 
672 -16.14 
3247 4.97 
1694 29.13 
1255 80.49 
578 -106.30 
2266 280.96 
2644 -12.81 
842 42.53 
1468 67.32 
1487 160.65 
1471 -15.21 
1274 118.61 
1229 102.02 
3650 18.93 
227 -99.87 
2851 142.64 
3423 59.52 
1279 -19.24 
1495 88.92 
2996 317.59 
1406 69.44 
840 -101.38 
1415 9.45 
2515 -169.72 
223 5.33 
875 -13.26 
2086 26.82 
319 163.90 
1010 49.07 
2827 -364.02 
1337 -6.91 
2520 41.32 
2121 251.00 
1533 -82.20 
2311 1.92 
1474 -250.09 
3138 11.43 
2151 175.80 
2231 -371.31 
615 167.81 
2148 -20.02 
2321 10.10 
2525 1.60 
539 236.04 
1930 -109.50 
2692 10.70 
30 53.44 
1869 -44.68 
869 -18.45 
1356 -304.41 
438 2.51 
1601 229.22 
1475 -169.53 
2758 -86.33 
533 -174.30 
326 -230.50 
2089 -160.47 
3624 -31.42 
3006 -40.96 
1695 -91.87 
7 11.93 
864 -28.06 
2174 26.76 
1125 107.57 
3084 66.96 
3212 103.42 
2080 69.45 
3432 140.03 
3199 -184.94 
430 -252.58 
388 339.90 
2002 97.47 
323 -171.88 
1629 125.39 
119 -139.80 
1754 -45.29 
3481 -4.57 
3029 34.15 
799 -40.07 
2860 -17.12 
1266 131.83 
3571 12.76 
1339 6.28 
1730 -65.83 
2614 -74.94 
2961 -237.66 
47 -1.99 
517 -266.32 
1841 -20.91 
389 -17.26 
1951 -148.79 
1324 -20.42 
1784 1.00 
2420 -16.58 
2727 -156.16 
3040 -332.04 
2223 38.81 
2135 20.12 
3654 0.26 
1680 -219.18 
1284 50.52 
99 17.61 
2539 -1.03 
496 -244.27 
3645 -31.22 
1699 95.63 
1347 -41.76 
1564 -136.82 
1167 3.69 
1034 -36.38 
3392 -143.89 
210 257.79 
298 143.97 
2591 -6.48 
2717 -2.48 
463 26.10 
1240 -326.64 
3568 300.27 
259 1.77 
1728 47.45 
2424 123.35 
495 20.23 
1983 53.42 
3395 -21.35 
3380 215.02 
3284 -61.45 
269 -73.89 
2234 5.63 
2325 86.12 
1421 -170.12 
2405 269.09 
2897 1.74 
1752 8.29 
1755 -51.77 
592 68.67 
2550 120.80 
913 19.56 
1312 130.14 
1041 60.48 
2909 10.84 
697 133.62 
3063 -140.99 
3629 -23.76 
1777 -153.36 
2194 -40.18 
556 27.18 
3105 10.64 
1806 3.70 
1793 -113.38 
505 -197.96 
3340 -62.13 
1800 -137.77 
3178 70.05 
3528 38.27 
322 5.73 
1113 -55.11 
2329 -19.34 
1811 -122.96 
2313 -134.63 
1814 -77.94 
751 -280.84 
479 39.55 
990 212.68 
1221 24.55 
1270 69.66 
2636 -156.14 
88 -12.91 
3542 -51.61 
3375 -409.29 
3279 -19.75 
1831 92.46 
169 180.10 
3192 -332.63 
1760 2.29 
3609 163.98 
3385 -62.73 
2429 16.65 
293 -21.07 
1126 -10.42 
3396 -185.19 
689 -7.15 
1376 -425.88 
3106 -116.62 
2881 112.25 
1056 52.38 
1501 -37.02 
2191 -78.75 
2387 206.25 
1021 -56.45 
2489 -49.79 
2871 119.86 
746 -111.90 
1894 -80.49 
345 2.18 
394 156.49 
991 123.39 
2857 -237.41 
3643 -24.89 
1619 -2.22 
3439 153.57 
2629 -101.53 
1912 -220.68 
1697 -102.46 
1795 -271.29 
3694 -19.65 
591 -168.79 
2821 31.25 
132 -30.30 
1393 5.26 
1966 33.24 
216 74.97 
3461 21.71 
3478 -28.26 
2690 146.41 
807 49.04 
1544 34.11 
3077 198.56 
2413 -32.71 
481 -1.72 
1166 274.23 
3320 -110.71 
3011 69.49 
52 -24.05 
851 -72.62 
379 -66.80 
460 4.24 
1897 216.73 
3316 -8.20 
960 -281.46 
1089 -197.26 
3082 -14.75 
2826 -13.16 
2335 -53.44 
302 8.98 
1507 2.48 
781 -16.87 
1984 21.72 
1563 130.44 
84 -332.35 
3301 -21.28 
401 8.62 
668 29.10 
38 -40.69 
2501 131.95 
924 -233.50 
3555 -174.82 
1094 14.87 
2010 100.20 
2011 48.39 
855 105.60 
2594 -306.45 
507 5.19 
1791 -111.37 
426 41.93 
3426 7.17 
400 -71.60 
854 -122.09 
2029 164.72 
1156 -293.48 
1627 -226.29 
286 -119.48 
717 -554.00 
2432 -13.27 
161 -404.99 
3561 4.47 
3611 -20.24 
2457 -24.66 
130 63.95 
724 288.84 
3312 -16.94 
3626 -51.29 
2240 -5.38 
570 -261.19 
2238 -155.71 
1779 -5.90 
2079 -55.34 
1588 -109.18 
640 8.24 
935 13.68 
2178 -221.54 
1207 31.60 
3028 -76.98 
2703 -330.68 
3546 -60.77 
1683 -230.33 
3337 -118.92 
2381 89.87 
3348 180.11 
1081 100.88 
403 -17.78 
3353 -8.91 
1744 -8.08 
2104 1.58 
2392 3.54 
646 9.00 
1527 119.42 
2296 7.26 
2472 -92.32 
3445 -151.06 
2619 -120.19 
2120 -193.62 
2167 169.06 
2285 33.46 
2998 -16.01 
632 -43.30 
3119 -40.12 
2032 5.76 
8 7.31 
678 -31.78 
2865 -51.43 
3132 267.58 
984 -116.27 
2855 115.75 
2666 49.72 
317 114.93 
2669 22.73 
1985 -91.97 
761 -8.47 
1889 -78.30 
3066 43.78 
3472 75.24 
3068 -56.36 
3527 89.05 
3437 -172.48 
1713 -284.32 
327 -5.46 
1317 -9.49 
2349 36.43 
950 237.20 
3467 -12.00 
2204 -393.62 
2516 0.42 
870 -79.73 
2867 -35.47 
1835 83.80 
1390 -33.40 
1592 479.48 
2218 -156.91 
3135 -3.70 
3043 67.55 
3216 24.92 
2132 -77.09 
932 61.51 
2616 3.95 
117 142.79 
1216 143.88 
2268 26.31 
2488 78.30 
1311 42.16 
1476 67.27 
2133 87.88 
3085 -258.04 
1045 -5.51 
1225 -86.99 
3022 0.30 
2031 -84.60 
2274 96.09 
1338 -50.77 
693 17.34 
3060 153.90 
1396 -42.86 
2440 -19.27 
2831 -185.73 
3553 -167.36 
80 -53.36 
2531 62.04 
2338 72.57 
3574 -57.30 
3268 144.51 
3406 -16.23 
2301 -204.24 
2509 7.67 
1349 -40.73 
2304 -215.51 
1742 57.95 
2374 201.86 
1954 -73.52 
1925 -62.07 
906 -120.58 
1775 218.04 
234 -237.86 
1932 -5.82 
2402 52.90 
1999 20.84 
1976 -42.65 
1763 3.20 
2812 -109.47 
1704 -94.33 
2638 375.55 
1453 -16.51 
3129 -200.60 
2597 26.07 
500 -1.77 
2882 -145.56 
1521 7.68 
249 -33.54 
1875 -32.38 
1574 30.61 
1374 168.99 
390 -100.02 
1794 -65.78 
473 -60.84 
1562 -3.48 
1418 -105.49 
328 6.00 
2815 -258.39 
1895 -2.60 
1242 56.46 
2046 27.39 
891 -294.98 
722 83.55 
13 170.96 
1053 26.09 
2124 82.95 
2352 -151.27 
795 -50.05 
559 143.18 
3144 57.23 
1789 10.80 
1168 135.51 
1579 -12.36 
3148 -18.44 
2606 48.26 
1440 196.57 
3580 -161.94 
1852 3.35 
3286 -78.70 
872 48.11 
2183 170.70 
96 -104.15 
3200 -142.93 
1129 -114.08 
1465 82.65 
2246 16.96 
971 -21.33 
1836 103.51 
3551 161.13 
2362 -4.34 
1379 -206.18 
1696 21.83 
2190 -79.20 
2466 37.52 
2571 91.20 
2528 -37.92 
1411 20.19 
1856 -96.99 
434 111.47 
172 -10.20 
2803 -169.84 
998 14.54 
421 2.99 
1998 -535.97 
2107 -188.50 
1872 134.84 
3202 -69.53 
1960 -303.93 
1328 5.87 
3267 74.46 
1926 11.83 
2507 5.51 
2698 28.63 
1522 -64.44 
3595 12.62 
2780 157.09 
2568 -95.02 
3038 160.83 
1651 -1.45 
1603 -136.01 
3349 -20.44 
1531 -258.31 
1175 -71.56 
1050 -1.40 
568 -86.72 
1745 116.10 
2549 -197.15 
2873 -105.06 
3008 106.48 
2929 -270.76 
1513 58.12 
793 27.65 
2358 138.99 
1325 146.35 
2598 -29.76 
1321 -65.32 
242 110.94 
2707 2.42 
3262 6.72 
1593 -48.78 
1600 0.92 
2577 23.75 
2185 -71.78 
3486 -65.76 
433 -104.15 
982 56.32 
2685 -257.53 
2584 55.70 
1096 -30.34 
2730 99.16 
2689 7.44 
1147 -52.28 
56 65.33 
3142 85.43 
2061 -8.10 
3495 9.50 
819 196.31 
184 13.55 
3642 -161.36 
1664 49.43 
1825 52.26 
2389 -252.80 
2892 53.73 
1057 49.62 
3273 7.87 
2624 -124.03 
903 48.69 
2627 175.33 
2519 -37.20 
2945 131.90 
3455 -20.66 
2633 -105.68 
2754 -133.19 
2971 1.28 
3415 3.14 
1715 17.28 
3390 -158.48 
808 -182.33 
108 -116.57 
2919 3.76 
2154 63.53 
2474 339.59 
1459 10.39 
2317 -63.82 
2906 -21.21 
750 -93.44 
3296 72.03 
2834 67.24 
2676 -147.59 
569 -146.79 
2757 72.95 
2681 -22.19 
2009 20.42 
662 8.79 
658 -4.82 
1398 -64.69 
3446 21.44 
2678 41.86 
203 92.64 
3623 -75.77 
709 49.54 
140 242.77 
2219 137.17 
1624 -58.61 
2098 -88.00 
520 -4.33 
806 194.91 
325 -69.66 
2573 24.55 
1525 -11.10 
2723 -67.55 
1781 15.70 
76 106.72 
521 102.96 
813 16.74 
3661 156.85 
1189 35.46 
1609 59.42 
1009 13.65 
552 -15.52 
183 -79.21 
3688 -16.70 
2747 -42.74 
1139 -39.60 
2869 29.19 
466 19.92 
1088 38.40 
194 -84.12 
1003 2.33 
320 48.84 
583 -27.77 
2425 32.22 
2711 -30.86 
1417 -28.97 
1466 450.71 
1539 -321.39 
1673 -18.04 
1511 73.17 
2025 50.94 
154 -1.48 
3615 -63.60 
2028 -50.03 
1676 251.47 
1616 0.34 
2502 -92.74 
346 -52.11 
63 -171.37 
1269 -79.24 
102 -22.50 
1958 -303.22 
2020 -54.27 
1086 123.87 
565 -220.94 
1585 -108.81 
236 -21.82 
2818 -79.44 
1915 29.67 
1644 -104.46 
3370 -20.25 
1575 158.16 
2039 -57.54 
2242 -108.01 
706 55.34 
2866 -529.69 
2150 177.75 
2849 19.46 
3150 -89.23 
3575 37.40 
2956 132.54 
1874 -120.52 
834 -644.80 
1614 110.81 
417 -64.82 
1867 238.90 
2764 -150.03 
1289 8.27 
2369 -204.38 
2018 -20.66 
2359 9.30 
1055 -11.19 
1391 -243.94 
2895 146.42 
862 -135.59 
2462 31.55 
2878 -31.87 
2724 100.14 
2824 -12.43 
1584 -167.64 
497 -71.70 
2914 -243.95 
1181 129.55 
657 9.88 
2921 44.03 
1615 -29.32 
1788 8.26 
156 -28.69 
2518 319.73 
1537 -247.79 
789 66.36 
2361 -227.11 
708 -1.47 
1370 48.29 
499 -67.95 
1345 -151.87 
3521 -43.74 
3172 159.68 
1556 -92.24 
2545 -2.45 
1319 258.46 
2456 209.50 
2536 60.21 
2156 48.95 
2533 -34.45 
2341 -91.95 
962 -111.66 
465 96.87 
133 103.02 
1090 -28.51 
1849 20.98 
679 123.12 
2642 -85.35 
2639 178.61 
53 -59.34 
2782 28.74 
139 103.33 
153 -269.68 
1389 6.01 
3408 140.69 
1786 -252.56 
538 95.12 
1061 -170.98 
1203 338.47 
347 358.20 
1148 -107.20 
2075 45.16 
1154 -15.15 
3429 12.67 
97 2.12 
71 42.05 
530 24.94 
3470 -3.20 
3024 8.61 
145 1.78 
1070 35.58 
1211 -65.22 
1083 -50.63 
3232 0.90 
1863 16.35 
2159 -61.69 
1011 -281.51 
1069 -104.96 
3158 128.82 
985 -2.37 
3051 150.92 
2847 44.85 
798 0.69 
483 -120.02 
2688 -47.11 
1550 -1.65 
698 1.49 
2662 -16.67 
3585 69.79 
3434 8.57 
107 -16.35 
546 -58.03 
469 -139.93 
3616 -24.13 
2704 -11.55 
3299 4.99 
823 -156.17 
2123 -20.29 
3613 1.84 
1145 18.53 
824 -32.03 
952 -90.66 
577 13.23 
2399 50.48 
1922 -20.32 
240 0.69 
3369 -183.60 
3120 -100.65 
2883 82.62 
3564 48.87 
111 2.61 
2117 -13.48 
671 141.49 
2436 -52.15 
611 0.07 
3015 13.99 
745 -15.95 
1666 -155.24 
1043 -202.97 
2924 132.86 
3248 92.72 
731 52.50 
2449 -81.37 
2852 17.46 
374 -170.44 
1687 -2.67 
3117 30.77 
488 -389.14 
788 -348.68 
1217 -44.79 
841 -29.07 
1988 -383.25 
1296 -60.36 
82 65.71 
3196 -121.60 
1919 57.81 
199 46.11 
2541 -63.81 
3206 -74.00 
2180 165.51 
2979 -39.20 
673 -66.44 
1209 -152.17 
3496 -37.12 
252 3.56 
907 32.68 
310 3.82 
3328 165.52 
1479 7.23 
3673 101.00 
3020 -132.46 
2783 -245.12 
2336 94.31 
2310 -274.33 
1402 -56.12 
1834 52.86 
1923 38.39 
3508 35.66 
3695 -0.68 
1079 -139.41 
2790 52.26 
1782 136.31 
3543 -99.82 
1140 -106.66 
1265 -38.74 
3261 98.60 
2345 -86.61 
1652 -0.36 
24 -190.95 
3544 -80.70 
291 -23.55 
961 99.19 
1732 180.45 
3690 39.72 
1429 31.99 
3441 53.96 
2988 8.70 
409 -43.57 
643 83.53 
2164 -16.77 
3069 18.31 
817 -14.15 
1801 -14.97 
1804 53.63 
2748 -162.64 
271 75.69 
2965 1.30 
770 -31.21 
3309 -51.78 
425 110.88 
192 -143.12 
1385 -27.46 
1719 -55.81 
175 -333.36 
524 -100.70 
2542 4.85 
3676 59.02 
1170 33.06 
2036 -85.77 
1656 38.68 
2654 11.99 
1249 -6.10 
1865 124.66 
3502 4.36 
703 -203.26 
691 79.22 
2561 109.55 
1844 -35.36 
2732 213.84 
2049 38.16 
1025 -250.89 
3614 -12.37 
427 -116.43 
1042 62.68 
1890 126.69 
682 -104.62 
1480 -16.93 
2684 23.14 
3364 120.94 
3466 22.25 
3260 7.21 
1904 60.09 
573 1.37 
2064 270.86 
757 -128.32 
3076 -139.49 
1078 8.98 
1622 -10.30 
2114 -80.71 
1580 -29.44 
1565 -59.31 
2993 -38.71 
219 10.35 
888 49.56 
2051 -1.67 
881 -57.55 
3402 136.01 
3405 -61.53 
3558 -34.07 
2115 31.34 
3541 -78.82 
392 16.88 
1541 51.49 
1862 6.75 
3166 -12.63 
3444 -63.35 
2278 23.45 
3041 -67.34 
2082 7.86 
3435 -47.32 
1518 -23.27 
2823 -11.90 
1568 -32.58 
2491 79.17 
2083 23.83 
3687 69.25 
29 72.10 
2722 172.26 
3400 51.59 
398 -34.99 
274 -24.89 
2323 167.70 
2814 -32.83 
2054 6.82 
3401 -12.69 
207 3.77 
616 240.88 
1263 -34.72 
2037 115.29 
1323 -26.29 
405 -90.71 
2210 3.75 
1678 -406.25 
2896 -238.36 
2291 -108.65 
3056 -0.60 
143 -9.37 
2800 -240.84 
1357 38.76 
763 -287.11 
3501 -157.96 
3503 -253.45 
1608 33.86 
574 7.85 
2263 -20.88 
2622 75.61 
2973 -13.20 
600 122.14 
2829 -23.34 
3071 0.59 
74 -50.08 
2331 3.02 
2792 -22.13 
171 19.08 
816 23.17 
2830 -22.74 
3535 131.61 
945 -51.24 
2546 -39.34 
1433 111.43 
886 -37.42 
510 104.52 
688 -160.90 
2635 -107.21 
630 66.18 
100 -84.34 
329 -211.59 
3566 111.03 
2659 -176.22 
3664 -43.80 
3163 80.60 
2382 4.39 
231 -86.71 
2686 15.93 
2964 -370.69 
3259 19.32 
1294 2.00 
1412 0.22 
2468 135.91 
3045 55.47 
1082 -47.59 
493 -87.39 
2714 6.64 
557 -27.81 
1790 77.41 
2794 7.03 
968 35.90 
976 3.71 
2835 56.38 
548 49.21 
3533 119.48 
2760 93.79 
2903 -61.96 
683 -82.87 
1817 -24.00 
1882 -188.51 
787 -131.20 
3619 7.24 
1133 -311.34 
444 5.16 
1434 -251.11 
1637 150.56 
1660 -94.38 
3101 -112.14 
2628 -62.05 
