2 6.55941 0.233443 0.225062 0.00396849 0.47 
730 4.44597 8.15666 0.42434 0.0268039 0.47 
4 13.7653 8.25702 0.451865 -0.0248028 0.47 
1527 7.22943 6.83724 0.472988 -0.0236663 0.47 
1056 8.03863 4.91947 0.480192 -0.0140543 0.47 
558 2.32646 1.34201 0.415411 0.0141001 0.47 
18 10.9406 5.26832 0.493476 0.00603387 0.47 
1097 8.73956 7.86188 0.450179 -0.00336584 0.47 
1052 2.84119 9.78652 0.241209 -0.00691222 0.47 
876 7.02689 8.41 0.423579 0.00869394 0.47 
27 8.76109 0.237774 0.307111 0.0136337 0.47 
33 12.9356 2.38801 0.453222 -0.0249814 0.47 
1275 3.83188 3.62173 0.481989 0.00902444 0.47 
1331 4.24661 6.41905 0.481973 0.0106925 0.47 
36 8.85538 8.24853 0.435453 -0.00144259 0.47 
39 11.1758 5.67758 0.472656 -0.00897272 0.47 
40 13.9806 1.37708 0.432795 -0.0405999 0.47 
41 8.04049 9.77978 0.251579 -2.64768e-05 0.47 
1235 7.2258 9.06322 0.367013 -0.00136314 0.47 
521 4.70713 7.79796 0.435942 0.0280125 0.47 
886 5.63088 9.00757 0.334258 0.00865647 0.47 
49 10.9225 0.616382 0.318106 0.0011107 0.47 
93 3.74004 9.78697 0.209239 0.00486006 0.47 
53 11.7094 9.79274 0.28113 -0.00260153 0.47 
55 9.02578 0.99072 0.332289 0.00494531 0.47 
1002 7.01441 1.37291 0.431275 -0.0124139 0.47 
1535 2.9927 1.78406 0.428891 0.0203748 0.47 
177 3.80761 2.095 0.445866 0.00509122 0.47 
428 6.37152 5.38015 0.481574 -0.0128337 0.47 
856 5.31864 2.15108 0.44901 -0.0304966 0.47 
77 10.3385 7.52108 0.468569 0.00185698 0.47 
78 12.3848 4.16365 0.492599 -0.0181722 0.47 
436 4.74067 5.37188 0.486509 0.00433622 0.47 
92 9.88712 8.63093 0.424359 -0.000881103 0.47 
95 11.3492 5.28469 0.493719 -0.00718323 0.47 
96 9.81986 6.36974 0.475079 0.000903519 0.47 
1323 7.12115 1.75371 0.489365 -0.0212407 0.47 
1119 2.87345 8.63116 0.373328 -0.0145831 0.47 
894 5.5263 5.53225 0.48051 -0.00227563 0.47 
1224 9.43135 5.59396 0.489569 -0.00543195 0.47 
109 12.8231 0.93906 0.375727 -0.0113588 0.47 
114 10.6337 7.21268 0.475789 0.00722483 0.47 
1272 6.63078 4.24198 0.47464 -0.0238128 0.47 
1450 2.31478 6.59524 0.484246 -0.000610793 0.47 
123 11.7575 1.20219 0.423548 0.00754093 0.47 
194 3.65101 1.44017 0.409087 0.0151579 0.47 
133 10.8938 1.8147 0.448546 0.000711662 0.47 
457 8.34351 4.55227 0.470673 -0.00283538 0.47 
139 11.0546 7.26365 0.477335 -0.00681648 0.47 
142 10.6568 4.14685 0.485064 0.00642496 0.47 
144 10.571 0.20497 0.257355 -0.00393887 0.47 
1320 3.39098 3.47572 0.480446 0.0168835 0.47 
1177 2.14657 1.69404 0.446797 0.0273637 0.47 
151 11.3559 6.06529 0.477898 -0.0135323 0.47 
165 2.45699 5.3114 0.486307 0.00312129 0.47 
159 13.948 7.51798 0.475334 -0.0263581 0.47 
161 9.96609 2.13952 0.488614 0.000258914 0.47 
163 11.7836 6.04363 0.479473 -0.0137181 0.47 
164 13.8836 0.571795 0.307405 -0.0336223 0.47 
336 6.77743 2.69667 0.490821 -0.00806016 0.47 
1264 2.37989 2.51506 0.454047 0.0103474 0.47 
168 11.8743 8.29282 0.436266 -0.0203808 0.47 
172 8.73814 1.50006 0.453819 0.00869508 0.47 
178 12.6483 4.5222 0.489736 -0.0210741 0.47 
179 10.2232 4.10354 0.485693 0.00817437 0.47 
185 5.90907 9.78049 0.255658 0.00104893 0.47 
186 10.0546 6.01285 0.481208 0.00331573 0.47 
9 3.52249 4.30852 0.507508 0.0130605 0.47 
118 3.18602 8.21038 0.405009 0.00397693 0.47 
192 9.39245 0.884585 0.359635 0.0559711 0.47 
193 10.6007 1.38857 0.452199 0.000490813 0.47 
195 13.6284 8.98244 0.371062 -0.027108 0.47 
64 3.58906 8.27415 0.410906 -0.0149729 0.47 
197 10.7731 5.70949 0.468264 0.00494147 0.47 
199 12.4479 7.51592 0.48432 -0.0190705 0.47 
200 12.9441 5.26702 0.505997 -0.0135369 0.47 
774 7.33574 2.11361 0.483017 -0.0176053 0.47 
202 9.59669 1.33628 0.438149 -0.00161228 0.47 
204 7.62695 9.77497 0.246819 0.00749648 0.47 
1173 8.23072 6.06186 0.472296 -0.0109424 0.47 
211 13.1548 3.96718 0.491386 -0.0268046 0.47 
392 3.89319 6.64039 0.48234 0.00977817 0.47 
217 8.56917 9.01339 0.351297 0.0028476 0.47 
218 13.9256 4.15254 0.480961 -0.0376752 0.47 
219 8.24398 1.04687 0.357281 0.00165674 0.47 
223 8.42098 8.22715 0.432247 -0.000795179 0.47 
1429 2.05418 7.84345 0.435248 -0.0371772 0.47 
227 7.42902 0.974147 0.365937 -0.00727854 0.47 
890 2.94892 7.88052 0.437226 -0.00625128 0.47 
1505 7.90375 7.83805 0.458159 -0.00523245 0.47 
1650 5.06832 0.598005 0.306968 -0.0191559 0.47 
1529 5.26786 9.40378 0.310369 0.00411824 0.47 
1100 2.87868 4.57025 0.494778 0.00957675 0.47 
1142 3.16056 6.17844 0.485341 0.00261021 0.47 
246 12.2218 3.78732 0.484418 -0.0107262 0.47 
580 7.97387 8.2269 0.427548 0.00229771 0.47 
249 9.66851 0.212697 0.26746 0.00185106 0.47 
384 4.06651 0.989533 0.34536 0.0123375 0.47 
1498 5.7387 1.00155 0.363351 -0.00647371 0.47 
17 3.26519 1.01741 0.347706 0.00986052 0.47 
94 2.04941 6.0555 0.484265 -0.00434442 0.47 
259 12.285 8.69393 0.401204 -0.0243358 0.47 
1515 8.483 4.94156 0.483143 -0.00454083 0.47 
170 5.51971 5.11407 0.479768 -0.00536988 0.47 
1404 7.51004 8.26334 0.424203 0.0117965 0.47 
271 13.8333 4.55717 0.491654 -0.0343978 0.47 
272 8.45125 9.78542 0.253504 -0.000171472 0.47 
1625 8.23947 6.76297 0.464023 -0.0100721 0.47 
637 5.35554 6.39417 0.473508 0.00737839 0.47 
280 9.6171 2.90488 0.487685 -0.000566071 0.47 
281 12.818 8.89207 0.362359 -0.0128502 0.47 
282 11.8805 8.6796 0.397604 -0.016307 0.47 
388 2.42071 6.17667 0.48252 0.00224984 0.47 
286 8.28404 0.637857 0.323559 -0.00383236 0.47 
833 7.61831 5.72267 0.476414 -0.0266313 0.47 
289 9.96005 4.42641 0.488625 0.0114369 0.47 
546 7.49062 4.32521 0.475771 -0.012606 0.47 
294 10.1402 1.36834 0.439299 -0.00842257 0.47 
1291 7.10276 5.04005 0.469651 -0.0151104 0.47 
299 9.56604 2.13019 0.492338 -0.00617378 0.47 
729 2.20027 2.89548 0.46135 0.0131462 0.47 
433 4.64795 6.22185 0.479301 0.0115798 0.47 
305 13.5437 2.99617 0.469667 -0.0384753 0.47 
306 12.9147 1.68426 0.433864 -0.0259704 0.47 
308 8.31169 0.231174 0.279669 -0.00547043 0.47 
310 12.8178 7.66944 0.48017 -0.00974605 0.47 
311 13.4483 0.558815 0.297665 -0.0149611 0.47 
312 10.053 0.588832 0.317147 0.0146784 0.47 
628 7.9067 2.57681 0.501606 -0.0056725 0.47 
389 6.02522 6.61278 0.470722 0.00773243 0.47 
157 2.61968 2.15716 0.451973 0.0147383 0.47 
320 10.2654 6.3954 0.475366 0.00878251 0.47 
321 7.39517 0.197832 0.226989 -0.00333 0.47 
324 11.1019 8.06155 0.440972 -0.0299879 0.47 
325 11.0944 3.40142 0.482271 0.0114209 0.47 
14 2.94613 0.60421 0.296721 0.00204702 0.47 
328 10.1068 0.202719 0.264696 0.00791597 0.47 
329 11.9886 4.89832 0.497283 -0.00838444 0.47 
331 10.037 2.9365 0.484424 0.00436785 0.47 
63 4.5691 8.58098 0.403342 0.0100009 0.47 
337 12.2956 0.220074 0.28167 0.00714644 0.47 
338 11.7643 4.53517 0.490888 -0.00418122 0.47 
342 8.12302 9.00186 0.354746 0.00522191 0.47 
348 9.00018 8.63175 0.427944 -0.00122104 0.47 
1220 5.38228 1.42108 0.434812 -0.0300994 0.47 
1464 8.73081 2.76359 0.507297 0.00921013 0.47 
1363 5.6018 4.67297 0.482693 -0.00938644 0.47 
970 6.88576 7.66975 0.466002 -0.0062728 0.47 
135 4.46065 3.08048 0.466478 -0.00776267 0.47 
374 9.17538 2.84738 0.502055 0.00659317 0.47 
1497 4.17569 9.77449 0.221446 0.00238912 0.47 
377 13.498 6.07078 0.482584 -0.0319703 0.47 
689 7.02867 2.36896 0.488728 -0.00901372 0.47 
848 6.30337 6.93193 0.468927 0.0146381 0.47 
1316 2.00883 0.981729 0.371378 0.0160305 0.47 
1412 8.33501 2.63714 0.504862 0.00222881 0.47 
387 11.0267 2.61278 0.474585 0.0163938 0.47 
390 8.26424 9.391 0.329952 0.00737498 0.47 
391 6.96919 0.206287 0.217712 -0.00313561 0.47 
174 2.73623 8.25293 0.398568 -0.0205898 0.47 
396 9.51576 9.41411 0.331082 0.00504362 0.47 
398 8.97224 2.45972 0.501391 0.00144134 0.47 
1185 5.89481 4.98751 0.478541 -0.00433269 0.47 
400 10.9391 6.09252 0.479759 -0.000574268 0.47 
345 2.00562 8.63972 0.375647 -0.0470759 0.47 
408 13.2292 7.24558 0.477863 -0.0244092 0.47 
409 9.94293 9.40593 0.335669 0.00655096 0.47 
410 12.0232 2.28144 0.459677 0.00737618 0.47 
413 11.3167 3.79445 0.484904 0.00675116 0.47 
419 11.1081 8.91897 0.370229 -0.0300681 0.47 
565 2.69907 7.56126 0.45118 -0.0113361 0.47 
425 10.0243 3.70154 0.48525 0.00763078 0.47 
737 4.40686 9.38766 0.294764 0.00335524 0.47 
427 13.7198 6.43456 0.477395 -0.0234316 0.47 
611 5.42427 3.98521 0.489159 -0.0183374 0.47 
434 12.0193 5.65718 0.480341 -0.0104436 0.47 
1423 8.23903 5.30562 0.479715 -0.0115789 0.47 
171 6.60697 3.43626 0.479707 -0.0215475 0.47 
642 9.3111 7.10404 0.466774 -0.00507518 0.47 
1009 5.70811 9.40111 0.310896 0.0101566 0.47 
449 12.7894 3.29551 0.480063 -0.0233641 0.47 
1021 9.37878 3.23948 0.497643 0.0120686 0.47 
382 7.82668 3.30592 0.488488 -0.0104085 0.47 
1525 5.14752 6.8899 0.462548 0.0172982 0.47 
1223 2.61186 2.92439 0.455313 0.00766879 0.47 
456 6.97985 9.40068 0.304774 -0.0307879 0.47 
458 13.1961 7.71638 0.480043 -0.0117577 0.47 
462 13.0845 8.52084 0.401812 -0.0110702 0.47 
1207 2.75631 1.39133 0.417633 0.0194635 0.47 
836 3.28913 9.78974 0.222235 -0.00402248 0.47 
28 2.30409 3.69766 0.479444 0.0092852 0.47 
469 12.4372 9.04839 0.363342 -0.00172134 0.47 
473 6.1715 2.20499 0.463787 0.0103547 0.47 
474 13.5209 1.3403 0.426036 -0.0351817 0.47 
1181 7.43772 1.36725 0.431981 -0.00116241 0.47 
1244 5.04201 6.08445 0.477436 0.00598364 0.47 
1418 2.05039 4.48449 0.490559 0.00514083 0.47 
482 10.1362 4.81254 0.487293 0.0112084 0.47 
483 13.7081 4.95778 0.487197 -0.0306297 0.47 
461 7.02482 7.21784 0.476901 -0.0162551 0.47 
517 2.78215 6.34114 0.484094 0.000157829 0.47 
244 4.23416 7.76672 0.445024 0.0202895 0.47 
489 12.624 6.83316 0.483426 -0.0189943 0.47 
490 13.8556 9.77896 0.303836 -0.00897062 0.47 
491 9.09231 9.41794 0.329881 0.0032368 0.47 
493 13.337 1.72414 0.436801 -0.0343376 0.47 
499 12.802 7.23468 0.483754 -0.014728 0.47 
950 2.25193 9.41212 0.292919 -0.0227702 0.47 
347 5.44494 5.96128 0.475116 0.0030845 0.47 
1182 4.03111 8.19317 0.424295 0.0233965 0.47 
1485 9.69544 4.76976 0.485299 0.0064075 0.47 
509 9.90072 7.48142 0.465377 -0.00268139 0.47 
510 5.47614 9.7795 0.246409 0.00268524 0.47 
511 13.172 0.195765 0.244887 -0.0119365 0.47 
1569 4.96302 1.33854 0.421684 -0.0116898 0.47 
1311 6.58907 2.31364 0.480173 -0.00701093 0.47 
397 6.88866 8.86072 0.366355 0.0134048 0.47 
1279 5.59304 6.72287 0.468813 0.0102389 0.47 
620 9.38429 6.35186 0.472913 -0.00479672 0.47 
523 13.28 5.06837 0.493202 -0.0342494 0.47 
524 8.16229 8.60081 0.426022 0.00392446 0.47 
527 5.69832 0.218932 0.241183 -0.000139328 0.47 
937 4.21202 7.31553 0.463963 0.0168407 0.47 
530 10.4217 4.50918 0.486013 0.0070437 0.47 
88 7.0508 5.80848 0.47089 -0.0188157 0.47 
647 6.16541 1.03863 0.37051 -0.00611239 0.47 
535 7.88295 0.605233 0.332439 -0.00654931 0.47 
907 7.73403 7.46251 0.460456 -0.00543736 0.47 
539 9.81886 5.18077 0.477224 0.0100102 0.47 
1314 2.61207 9.01858 0.330642 -0.0202315 0.47 
541 8.575 8.61506 0.427538 -0.000326894 0.47 
545 12.1832 5.25611 0.494393 -0.00556179 0.47 
1408 3.94495 8.98988 0.322106 0.0208135 0.47 
966 7.36861 3.21977 0.489142 -0.014011 0.47 
1033 6.83583 4.6644 0.475188 -0.0218831 0.47 
552 7.01005 0.985173 0.371365 -0.0127951 0.47 
905 3.784 3.21771 0.459306 0.00736249 0.47 
1236 7.3045 3.93403 0.475649 -0.0160945 0.47 
561 8.68285 0.6659 0.319526 0.00702473 0.47 
1403 4.33161 5.53123 0.486836 0.00739744 0.47 
1222 8.17481 2.23054 0.496621 -0.000861244 0.47 
111 5.74004 4.2609 0.483368 -0.0170404 0.47 
1472 6.60931 8.55862 0.419622 -0.0263758 0.47 
571 11.489 7.28506 0.485532 -0.0194031 0.47 
573 12.6686 8.50372 0.406647 -0.0272053 0.47 
578 6.28682 0.643038 0.346144 -0.0155626 0.47 
42 6.67673 8.13737 0.450949 -0.0222338 0.47 
8 5.93808 2.77313 0.453071 -0.052631 0.47 
586 7.84973 9.38295 0.325985 0.0128202 0.47 
589 11.3151 4.53253 0.487731 0.00188382 0.47 
60 5.19116 4.79718 0.483045 -0.00833281 0.47 
1611 4.40179 5.10618 0.491115 0.00694562 0.47 
754 3.11797 7.02456 0.483789 0.00226078 0.47 
595 10.1877 7.13488 0.471963 0.00237098 0.47 
683 7.94609 4.44185 0.470192 -0.0154733 0.47 
599 13.9249 3.68939 0.490133 -0.0322149 0.47 
891 3.24229 5.39058 0.485472 0.00277223 0.47 
333 3.76162 7.89924 0.448784 0.00244623 0.47 
615 13.2116 8.96937 0.372658 -0.0347987 0.47 
1227 2.47403 7.90167 0.433583 -0.0224683 0.47 
617 13.924 8.61956 0.415654 -0.0151606 0.47 
1317 6.61456 6.11035 0.466565 0.00277494 0.47 
619 9.07973 0.566064 0.3384 0.0322854 0.47 
621 10.2013 0.969988 0.414427 -0.003166 0.47 
1481 3.9653 1.73999 0.420293 0.000215962 0.47 
625 12.8621 6.46431 0.480568 -0.0223593 0.47 
626 13.5498 3.84422 0.488649 -0.0351347 0.47 
627 11.5302 8.98591 0.372369 -0.0342089 0.47 
207 9.25707 4.70791 0.479966 0.00139691 0.47 
634 13.0855 1.31866 0.41644 -0.0254741 0.47 
610 8.69827 6.73918 0.467359 -0.00912207 0.47 
643 13.7049 7.14359 0.487904 -0.0270506 0.47 
644 11.0466 1.44037 0.457386 0.00315153 0.47 
837 3.79371 0.609679 0.299341 0.0143702 0.47 
651 9.28241 8.25752 0.437444 -0.00323793 0.47 
446 4.09354 4.82794 0.494438 0.0129838 0.47 
656 10.2215 2.55338 0.484551 0.0056513 0.47 
657 13.2555 5.63424 0.492868 -0.00846258 0.47 
658 13.9496 5.33222 0.483304 -0.0396149 0.47 
665 12.6343 1.29424 0.409149 -0.0102696 0.47 
668 10.2185 5.20366 0.478058 0.0111792 0.47 
1422 6.8015 1.97047 0.486837 -0.00993957 0.47 
674 4.82604 0.216794 0.237961 -0.0040074 0.47 
581 6.63662 1.51662 0.448098 0.00782649 0.47 
678 12.4213 6.4525 0.481333 -0.0192355 0.47 
682 12.0076 9.43588 0.318334 -0.00573546 0.47 
684 13.2471 8.13913 0.482674 -0.00111871 0.47 
686 11.597 9.39225 0.335082 -0.0256856 0.47 
687 13.1248 3.55879 0.478323 -0.0256927 0.47 
492 6.18507 7.36146 0.470015 0.017146 0.47 
691 9.57493 7.87567 0.449608 -0.00300804 0.47 
1263 5.05152 3.62733 0.473479 -0.0151796 0.47 
10 4.83351 9.39685 0.306604 -0.000808934 0.47 
694 10.2488 3.3436 0.48335 0.00815157 0.47 
695 7.19035 9.77588 0.252679 -0.00954425 0.47 
698 12.3747 3.40011 0.483099 -0.0115034 0.47 
983 8.5071 3.08967 0.496875 0.0024559 0.47 
700 13.9243 3.26928 0.470401 -0.0336194 0.47 
583 3.86266 7.07096 0.470135 0.0115572 0.47 
1494 4.85311 3.21814 0.473193 -0.0220072 0.47 
1063 7.96149 7.07872 0.463028 -0.00819933 0.47 
979 3.38158 7.77051 0.444897 0.0144763 0.47 
1171 2.71172 6.75446 0.485846 -0.0032686 0.47 
1229 3.63442 2.7292 0.459254 0.0182803 0.47 
248 5.34356 7.53427 0.466777 0.0103439 0.47 
908 6.89139 6.62131 0.474468 -0.028766 0.47 
724 8.78045 1.91745 0.501604 0.00791798 0.47 
727 11.4334 2.62687 0.470735 0.0158935 0.47 
728 11.3322 1.84981 0.445597 0.0181188 0.47 
1122 6.91184 5.40142 0.460093 -0.0153549 0.47 
1619 7.77824 6.12346 0.474778 -0.022144 0.47 
851 4.60604 9.77939 0.232119 -0.0076972 0.47 
742 12.3362 7.1446 0.485768 -0.0196123 0.47 
842 2.51616 0.581773 0.301649 -0.000946652 0.47 
745 12.0341 7.5238 0.484182 -0.0156562 0.47 
750 11.8894 7.16266 0.487796 -0.0190868 0.47 
751 12.2073 6.08256 0.482642 -0.0216603 0.47 
812 5.94579 5.41031 0.48054 -0.0026174 0.47 
755 11.9854 7.91805 0.473278 -0.0152921 0.47 
759 12.4192 9.43389 0.313803 0.000868728 0.47 
760 10.8856 3.77671 0.483723 0.00866721 0.47 
176 2.28017 4.89157 0.489212 0.00404823 0.47 
763 10.496 6.0262 0.479738 0.0156666 0.47 
1153 4.2303 2.19269 0.445851 -0.00488899 0.47 
314 6.29075 2.60433 0.48662 0.00422259 0.47 
775 10.3363 8.57022 0.417867 0.0204046 0.47 
1330 7.47026 2.51423 0.497167 -0.0172682 0.47 
778 12.5182 2.37995 0.456028 -0.0178524 0.47 
780 13.3941 4.67052 0.490073 -0.0321973 0.47 
1335 6.28178 4.97472 0.476479 -0.0166412 0.47 
784 10.6856 8.94736 0.360453 0.0101378 0.47 
553 6.47344 8.9865 0.346128 -0.0251528 0.47 
222 2.08224 0.590113 0.313553 0.00988244 0.47 
787 9.70968 8.26272 0.440125 -0.00333843 0.47 
788 9.57779 3.63662 0.493643 0.0131821 0.47 
1461 4.35939 2.64434 0.452927 -0.00714566 0.47 
1068 7.819 5.33185 0.47881 -0.022103 0.47 
593 2.43726 0.965773 0.364631 0.00589786 0.47 
799 10.6923 6.43888 0.479214 0.00566921 0.47 
817 3.37365 0.616702 0.295837 0.00440374 0.47 
806 10.4558 6.79973 0.475715 0.0065255 0.47 
1092 6.21176 1.4473 0.448546 0.00143629 0.47 
1667 6.1782 3.58703 0.47646 -0.0415015 0.47 
955 3.84348 7.5141 0.460234 0.00769313 0.47 
16 6.43033 4.59187 0.475474 -0.0217062 0.47 
945 3.97425 5.25562 0.48824 0.00974854 0.47 
814 3.96499 5.74206 0.484988 0.00627132 0.47 
832 10.9773 1.03703 0.414072 0.00132019 0.47 
597 2.39212 9.78654 0.249079 -0.00768558 0.47 
183 6.48352 6.52635 0.4629 0.00480759 0.47 
909 7.67175 4.71685 0.476249 -0.006722 0.47 
673 2.73817 5.87631 0.486971 0.00506391 0.47 
252 5.47784 0.608 0.31944 -0.00876235 0.47 
853 10.1513 9.75944 0.285849 0.0205821 0.47 
854 13.2168 2.12061 0.447793 -0.0319953 0.47 
855 12.936 4.82577 0.485415 -0.017874 0.47 
858 10.7271 8.53816 0.415972 0.0129561 0.47 
861 13.2771 6.44648 0.484036 -0.0226164 0.47 
864 13.6101 7.90529 0.472243 -0.0343365 0.47 
1578 2.07371 3.29051 0.476496 0.0134065 0.47 
870 11.946 3.43132 0.48285 -0.00116641 0.47 
873 12.1589 6.78819 0.481531 -0.0186706 0.47 
1242 5.31084 1.00697 0.357373 -0.0224748 0.47 
110 6.21448 8.58356 0.413786 0.00531026 0.47 
879 10.5454 9.75453 0.297574 0.000791876 0.47 
238 4.62384 4.05069 0.49677 -0.0234176 0.47 
883 12.6851 3.71573 0.484257 -0.0196753 0.47 
884 9.64306 0.599085 0.311947 0.00639109 0.47 
885 11.9726 4.1718 0.490001 -0.00677536 0.47 
395 2.16777 9.02347 0.340385 -0.0360297 0.47 
892 9.81062 1.01948 0.409952 -0.021432 0.47 
572 4.26355 3.81464 0.484392 -0.00412768 0.47 
896 11.3711 1.0343 0.411805 0.0237201 0.47 
897 10.4494 2.97153 0.481751 0.0105708 0.47 
918 3.97957 9.39104 0.280902 0.0171753 0.47 
901 12.8449 9.33228 0.325627 -0.0118848 0.47 
906 12.4238 5.73544 0.485522 -0.028686 0.47 
996 2.47173 4.50987 0.492925 0.00835728 0.47 
977 3.09856 5.01434 0.490857 0.0033402 0.47 
1358 2.81197 2.54958 0.455439 0.010283 0.47 
920 12.7128 2.01784 0.450171 -0.0195429 0.47 
921 9.40517 2.5129 0.490885 -0.00653198 0.47 
923 12.6606 6.09277 0.477687 -0.0235087 0.47 
926 11.115 8.48054 0.411684 -0.0305637 0.47 
416 4.85402 4.45818 0.48379 -0.0104027 0.47 
929 13.6985 9.38775 0.338401 -0.0185012 0.47 
326 3.52929 6.40462 0.484818 0.0054062 0.47 
932 9.84294 9.02689 0.348921 -0.000388904 0.47 
1565 7.647 2.91064 0.493458 -0.0129917 0.47 
940 10.7852 9.34724 0.341383 -0.000159481 0.47 
690 3.9686 0.232407 0.249155 -0.00552213 0.47 
943 13.6143 2.51066 0.468934 -0.0310215 0.47 
944 10.8845 6.84948 0.476314 0.000417842 0.47 
205 7.54731 1.75708 0.502998 -0.00644698 0.47 
1095 7.1124 8.00611 0.452712 0.00782792 0.47 
30 2.1934 0.209642 0.254597 -0.0034602 0.47 
952 10.2569 8.96619 0.356214 0.0157269 0.47 
371 3.90175 6.17933 0.485288 0.00757873 0.47 
741 5.80642 3.36352 0.470907 -0.0336727 0.47 
285 2.73117 7.16769 0.482857 -0.00699679 0.47 
1336 6.5005 2.98423 0.487842 -0.00628119 0.47 
129 3.92556 4.43842 0.511908 0.010663 0.47 
448 7.41138 6.45712 0.478084 -0.0244901 0.47 
974 10.7771 7.65533 0.469608 0.00894589 0.47 
975 12.5864 0.570335 0.309797 -0.00329077 0.47 
506 2.29795 7.48123 0.456538 -0.0241639 0.47 
156 7.05127 4.28139 0.475647 -0.0185128 0.47 
1105 6.58875 7.37797 0.480038 -0.0229396 0.47 
986 11.125 6.48443 0.479268 -0.00462505 0.47 
988 13.239 0.936794 0.383332 -0.0202224 0.47 
532 8.45879 5.68259 0.47414 -0.00655939 0.47 
993 13.4775 6.81353 0.480118 -0.0200489 0.47 
995 9.77282 4.03215 0.489884 0.0134251 0.47 
739 5.00191 7.33848 0.459914 0.023601 0.47 
999 8.86651 9.79552 0.253363 -0.00310662 0.47 
235 2.55666 1.75912 0.43579 0.020017 0.47 
300 4.20541 3.3932 0.468149 -0.00515498 0.47 
1570 7.32846 5.45023 0.464087 -0.0143455 0.47 
1051 6.1794 4.1562 0.476341 -0.0190803 0.47 
1013 12.2546 2.65835 0.471627 -0.00393704 0.47 
1015 6.13636 0.226035 0.235499 -0.00265135 0.47 
645 8.93835 3.17106 0.500562 0.00832197 0.47 
1228 3.55318 9.41866 0.273301 -0.0067334 0.47 
936 9.07253 4.31123 0.481658 0.00264926 0.47 
1189 6.14351 9.3905 0.312063 0.000288158 0.47 
1022 8.37491 1.86254 0.508969 0.00256701 0.47 
1024 13.9069 2.83615 0.472464 -0.0314578 0.47 
1026 13.0807 4.40436 0.486352 -0.0223672 0.47 
1029 10.8612 2.99979 0.479444 0.0148882 0.47 
1196 8.94702 4.98359 0.477829 -0.00164595 0.47 
1034 10.4799 0.582539 0.318034 0.00491647 0.47 
121 3.2023 1.42125 0.415612 0.0193348 0.47 
579 4.39888 1.83558 0.425429 -0.0148182 0.47 
237 8.19083 4.12061 0.478447 -0.0079716 0.47 
1041 9.82202 3.30194 0.48652 0.00406696 0.47 
1671 3.91583 4.03485 0.487038 0.00811807 0.47 
602 5.60493 3.0035 0.462751 -0.0330632 0.47 
1044 9.1593 7.8697 0.44921 -0.00413755 0.47 
1045 6.34084 9.76727 0.259786 0.00584324 0.47 
1046 10.4564 3.74659 0.483315 0.00846924 0.47 
968 2.68046 4.13202 0.499911 0.013734 0.47 
1048 13.4297 9.77322 0.303711 -0.0163201 0.47 
933 4.77224 2.78031 0.454692 -0.0217013 0.47 
351 6.39755 1.85441 0.465506 0.0119728 0.47 
1054 7.66958 9.01229 0.363219 0.00699773 0.47 
1060 10.1388 8.24478 0.445341 0.00188012 0.47 
423 6.45641 7.78596 0.45482 -0.0235453 0.47 
1616 8.59586 2.28922 0.498768 0.00751058 0.47 
1000 4.86956 0.945302 0.355213 0.000582569 0.47 
1066 12.0211 1.57796 0.427424 0.0167392 0.47 
290 5.7678 7.45733 0.464879 0.0109244 0.47 
276 2.1727 2.111 0.438261 0.0210182 0.47 
1074 11.1924 9.34477 0.339839 -0.0256123 0.47 
1202 4.81263 1.9807 0.433618 -0.0260588 0.47 
1076 11.475 1.47613 0.451744 0.0261889 0.47 
292 4.97196 6.52582 0.476222 0.0102356 0.47 
1080 11.601 2.24315 0.458223 0.0194467 0.47 
762 5.56318 1.82665 0.450835 -0.0300211 0.47 
1376 4.58693 7.42244 0.460551 0.0205631 0.47 
106 4.80193 4.93069 0.484782 -0.00324458 0.47 
126 5.81182 8.6145 0.407753 0.0180011 0.47 
1087 11.5363 6.44058 0.47918 -0.0165043 0.47 
1090 8.30347 1.45584 0.440617 0.00495033 0.47 
629 3.62306 5.53822 0.483911 0.00696911 0.47 
1102 12.5622 5.35391 0.501993 -0.027946 0.47 
1652 7.55435 3.61606 0.48209 -0.0137997 0.47 
173 4.36503 8.97814 0.324108 -0.000359845 0.47 
1110 11.6231 7.68794 0.482337 -0.0218732 0.47 
1136 3.50296 6.84513 0.481669 0.00481285 0.47 
120 4.48548 1.07112 0.357872 -0.00670907 0.47 
677 8.60731 7.47895 0.460644 -0.00702389 0.47 
1231 4.23534 0.629709 0.291481 -0.00735378 0.47 
1121 9.8163 2.53163 0.487864 -0.000440387 0.47 
1123 10.5904 0.981114 0.412971 -0.00196899 0.47 
1125 7.87105 1.40686 0.435608 0.00175702 0.47 
653 2.50603 3.31638 0.480502 0.0121037 0.47 
791 5.18718 2.83324 0.452874 -0.0197442 0.47 
898 2.85438 1.00049 0.356179 0.0092177 0.47 
1143 12.7781 4.11001 0.492773 -0.0233497 0.47 
1053 4.30451 5.98107 0.483152 0.00803443 0.47 
1145 11.2728 3.01776 0.477736 0.0136885 0.47 
1147 9.4713 7.48362 0.462568 -0.00438681 0.47 
1149 9.16723 1.35371 0.437687 -0.0199822 0.47 
834 7.19187 2.81699 0.49621 -0.0159674 0.47 
1521 2.83214 5.43954 0.485778 0.00612136 0.47 
725 5.85641 3.84444 0.483804 -0.0271749 0.47 
744 3.05249 2.18631 0.459758 0.0169394 0.47 
800 6.0326 7.78869 0.450719 0.0160177 0.47 
1163 9.16038 2.12742 0.49453 -0.0093863 0.47 
1020 5.1168 1.74141 0.441714 -0.0213957 0.47 
1166 13.5029 4.25986 0.485334 -0.031724 0.47 
1567 4.86474 8.21815 0.43535 0.0120483 0.47 
963 3.10574 3.79523 0.47852 0.0148216 0.47 
146 7.29608 7.51058 0.46345 -6.92983e-05 0.47 
1106 5.01415 4.03667 0.494681 -0.0113266 0.47 
635 3.94872 2.49224 0.451451 0.00396983 0.47 
405 3.67054 1.02784 0.34333 0.0120134 0.47 
1183 11.681 3.03919 0.477265 0.00791677 0.47 
466 2.95257 3.36537 0.480586 0.0167166 0.47 
1186 7.47805 0.583929 0.34068 -0.0137323 0.47 
1190 11.0273 0.222549 0.259421 -0.00555854 0.47 
863 5.96979 1.81804 0.459147 0.00196716 0.47 
1193 5.03994 9.78026 0.239491 -0.00383357 0.47 
1194 10.4016 7.91421 0.451167 0.00275465 0.47 
1248 9.10165 5.35825 0.483735 -0.000956172 0.47 
1148 7.75408 2.1747 0.491348 -0.00772041 0.47 
1201 9.59017 1.72978 0.474657 -0.00592157 0.47 
704 5.28558 4.38346 0.487146 -0.011211 0.47 
406 3.68174 4.75604 0.498636 0.00721363 0.47 
360 5.20712 9.00594 0.328848 0.00126749 0.47 
84 2.68684 9.4102 0.284834 -0.014915 0.47 
1209 12.8074 8.1014 0.479239 -0.0106137 0.47 
1212 10.263 5.6521 0.498379 0.00725753 0.47 
783 8.94281 6.35764 0.47304 -0.00766105 0.47 
636 2.3438 7.05641 0.483281 -0.0117579 0.47 
1217 10.3695 9.35395 0.336576 0.0188806 0.47 
1250 8.6721 5.31696 0.480706 -0.00115535 0.47 
1219 13.5448 7.51285 0.472752 -0.0338496 0.47 
697 7.49913 7.85759 0.458704 0.00487994 0.47 
1234 9.42687 9.02719 0.348387 0.000389703 0.47 
1238 10.7064 8.13669 0.444107 0.0117415 0.47 
1239 11.5183 3.42287 0.482565 0.00721524 0.47 
1240 11.8687 0.257419 0.276503 0.0246861 0.47 
1245 10.7669 2.20029 0.47243 0.00854935 0.47 
1165 3.48716 7.29825 0.463902 0.011344 0.47 
1247 10.4564 1.76484 0.450035 -0.00252951 0.47 
794 8.16458 7.4508 0.461598 -0.00917757 0.47 
1256 13.7079 5.72102 0.497745 -0.0285129 0.47 
1257 13.9387 6.78689 0.484055 -0.0249519 0.47 
1538 6.18537 6.2087 0.468225 -0.0017203 0.47 
414 3.48619 9.0232 0.329293 -0.01575 0.47 
26 4.69787 5.79186 0.483048 0.00727309 0.47 
559 3.29101 8.63179 0.379786 -0.0138741 0.47 
1270 13.0864 6.04973 0.478776 -0.0138637 0.47 
1277 13.4826 8.58382 0.416693 -0.0397313 0.47 
1252 7.51533 7.11628 0.461467 -0.0072415 0.47 
1282 12.3933 0.918791 0.371445 -0.00104101 0.47 
1289 11.7639 3.80237 0.484772 0.000110347 0.47 
1290 12.8472 5.69292 0.488987 -0.0194763 0.47 
1292 11.3693 0.621921 0.310309 0.00200176 0.47 
910 3.55483 5.1176 0.489906 0.00563814 0.47 
422 2.29904 8.27326 0.385963 -0.0412511 0.47 
1298 13.7672 1.70965 0.439465 -0.0363045 0.47 
1337 3.08956 0.222274 0.251605 -0.00303093 0.47 
1390 3.01289 2.96465 0.450596 0.0134719 0.47 
1301 10.01 1.73706 0.463304 -0.00142304 0.47 
1302 12.2634 1.98023 0.444989 -0.000877187 0.47 
843 3.04605 9.01825 0.330673 -0.0215167 0.47 
1305 11.4671 0.236855 0.263275 -0.0132097 0.47 
708 6.87946 3.87142 0.473002 -0.0209998 0.47 
841 8.89089 3.9077 0.484322 0.00499211 0.47 
1192 3.10579 4.20985 0.503323 0.0146001 0.47 
1324 8.67825 9.4049 0.329462 0.00699952 0.47 
1327 7.83945 1.00404 0.361352 -0.000827625 0.47 
1436 5.76229 6.27413 0.471488 0.00653421 0.47 
1334 11.7186 6.80635 0.478774 -0.0171557 0.47 
1339 12.3015 8.28979 0.432356 -0.0285213 0.47 
403 5.84818 5.84367 0.472804 0.00261512 0.47 
69 6.9115 3.1358 0.491116 -0.0156456 0.47 
1345 9.00449 9.02675 0.349273 0.00215644 0.47 
1281 5.11278 7.86278 0.442686 0.00298167 0.47 
332 3.13269 6.60662 0.48424 0.00158368 0.47 
588 7.72106 6.72667 0.466193 -0.00855477 0.47 
1091 8.47395 6.40129 0.468098 -0.00894126 0.47 
1353 13.5474 5.35067 0.480131 -0.0227042 0.47 
1354 13.0554 6.85655 0.47998 -0.0238117 0.47 
1356 13.2482 2.66918 0.464917 -0.038947 0.47 
1610 5.11116 5.65861 0.481925 0.00141981 0.47 
1025 4.78477 8.99067 0.32331 -0.00362926 0.47 
1364 12.2231 4.56251 0.489083 -0.0178824 0.47 
1365 5.26142 0.216453 0.244318 -0.00400688 0.47 
1368 7.42559 9.40853 0.318831 0.00727703 0.47 
1133 3.40107 3.06576 0.452179 0.0144227 0.47 
301 7.75579 4.02755 0.475103 -0.0149638 0.47 
1414 6.15902 3.16364 0.462454 -0.0485348 0.47 
1373 10.9348 9.75363 0.301308 -0.0038337 0.47 
587 8.7826 4.61354 0.47683 -0.00389728 0.47 
1381 11.768 1.87055 0.443328 0.022921 0.47 
1383 13.1489 3.10498 0.476613 -0.0290335 0.47 
66 5.13415 5.23725 0.482366 -0.00264809 0.47 
1386 9.43827 8.63405 0.42884 -0.00261057 0.47 
1388 13.6511 0.202905 0.223828 -0.0152352 0.47 
925 7.37365 6.04874 0.476865 -0.0266121 0.47 
867 4.26592 6.89899 0.47368 0.01557 0.47 
140 4.58858 6.64255 0.477611 0.0163403 0.47 
1656 4.48281 4.65409 0.485525 -0.00313354 0.47 
1397 12.1327 0.597913 0.313598 0.0224794 0.47 
1400 11.5317 4.16509 0.488464 0.00261209 0.47 
1402 11.507 8.1064 0.443628 -0.0339449 0.47 
1405 7.84563 0.209565 0.249863 -0.00413818 0.47 
1406 9.16639 1.73711 0.483405 -0.0172914 0.47 
87 3.2851 4.65169 0.497814 0.00752321 0.47 
275 8.68484 6.04152 0.474391 -0.0066659 0.47 
264 5.48294 3.59235 0.476851 -0.0211019 0.47 
254 6.70016 6.97584 0.478669 -0.0257609 0.47 
1416 11.8395 2.65278 0.470884 0.00841128 0.47 
1419 10.6225 2.58877 0.480289 0.011595 0.47 
1420 12.4515 1.63232 0.432217 -0.00232818 0.47 
1533 6.67512 5.05917 0.473525 -0.0234153 0.47 
1158 8.61998 4.2214 0.476086 -0.000695292 0.47 
113 3.5272 0.22251 0.256295 0.00630343 0.47 
267 3.50723 3.89861 0.48208 0.0128589 0.47 
1309 6.2231 8.17422 0.46092 0.0010716 0.47 
888 6.24829 5.79518 0.471159 -0.00760777 0.47 
1435 13.0043 9.7539 0.292264 -0.0267813 0.47 
1438 13.631 2.10914 0.446 -0.0334208 0.47 
880 7.00344 6.24494 0.47758 -0.0256818 0.47 
1441 11.5423 4.90402 0.4918 -0.00614985 0.47 
991 8.70379 3.49987 0.491664 0.00234547 0.47 
99 7.51794 5.07477 0.467926 -0.00969221 0.47 
1444 11.4906 8.56156 0.410908 -0.0422188 0.47 
1 8.4358 7.11001 0.465182 -0.00967054 0.47 
649 5.52018 2.57204 0.441322 -0.0311938 0.47 
1130 9.18801 5.98062 0.478729 -0.00858145 0.47 
1556 8.00232 3.71222 0.48313 -0.00873311 0.47 
1457 12.4973 4.92999 0.486514 -0.0213714 0.47 
1460 13.0136 0.55984 0.305962 0.0013759 0.47 
1462 11.312 6.88641 0.478456 -0.0103963 0.47 
1467 12.1258 9.80618 0.26429 0.0072644 0.47 
985 2.2451 4.10352 0.49618 0.00943047 0.47 
1470 13.6509 0.95597 0.391922 -0.0423447 0.47 
1473 12.1544 1.19999 0.412501 0.0212163 0.47 
1475 13.2713 9.38035 0.337035 -0.0276115 0.47 
76 8.01508 6.43626 0.464801 -0.0125568 0.47 
268 8.09016 2.98109 0.495788 -0.00458836 0.47 
1479 7.07223 0.594276 0.34676 -0.0195735 0.47 
1664 5.88915 7.03661 0.46907 0.0121495 0.47 
1482 12.5843 9.7793 0.273231 0.0103255 0.47 
659 3.10197 7.45372 0.459739 0.00517833 0.47 
1489 10.5638 5.37504 0.489667 -0.0127045 0.47 
335 4.7185 7.02187 0.465948 0.0211539 0.47 
415 5.32425 8.22491 0.438688 0.00935117 0.47 
1493 10.6098 4.92474 0.487587 0.00100348 0.47 
1495 6.75186 9.77985 0.267014 -0.0149202 0.47 
1496 12.7219 0.200422 0.274203 -0.00382654 0.47 
1504 13.9504 6.06359 0.482687 -0.0168798 0.47 
1265 5.78916 1.41259 0.444243 -0.00528402 0.47 
904 4.62861 2.33655 0.44791 -0.0169116 0.47 
1508 11.2039 7.66315 0.481031 -0.0210863 0.47 
407 6.05419 8.99021 0.340825 0.00301337 0.47 
459 3.23108 2.6131 0.454961 0.0189439 0.47 
793 5.40606 8.62024 0.407617 0.0155903 0.47 
1514 9.25222 0.225927 0.275889 -0.00107835 0.47 
1516 11.5921 5.6701 0.477854 -0.0114931 0.47 
844 5.46641 7.13988 0.465743 0.00923803 0.47 
1519 10.3646 2.1588 0.48163 0.00522748 0.47 
1520 8.64437 1.0921 0.350799 0.0207708 0.47 
1522 13.5224 3.42077 0.475985 -0.0332683 0.47 
1523 5.88862 0.612797 0.329555 -0.0166436 0.47 
798 4.62617 3.58882 0.474539 -0.02199 0.47 
1526 6.67506 0.652429 0.353733 0.00253476 0.47 
322 4.38162 0.215148 0.255358 0.00664616 0.47 
1531 6.58096 9.36894 0.299612 -0.00605464 0.47 
1532 9.98662 7.86851 0.451027 -0.000829824 0.47 
792 5.78686 8.2146 0.451959 0.016179 0.47 
1539 9.72394 9.78264 0.272676 6.89209e-05 0.47 
1382 5.59092 7.86365 0.450554 0.0168538 0.47 
38 3.54407 5.95386 0.486429 0.00679544 0.47 
1643 3.72465 8.65017 0.381351 -0.00674459 0.47 
1550 10.8539 4.54688 0.487535 0.00185299 0.47 
1366 8.44872 3.81103 0.484547 -0.00349042 0.47 
1035 8.03083 5.70506 0.475184 -0.0158248 0.47 
1293 4.15335 8.57892 0.390111 0.0323094 0.47 
31 2.05435 5.27723 0.486553 -5.8875e-05 0.47 
850 8.87679 7.10733 0.465713 -0.00784068 0.47 
65 9.51771 4.37129 0.485082 0.00810853 0.47 
443 8.26276 3.40567 0.489107 -0.00361515 0.47 
1563 12.502 2.99116 0.475388 -0.0139789 0.47 
994 7.33443 8.66792 0.41094 0.0133894 0.47 
1141 6.47396 3.85166 0.469303 -0.0260795 0.47 
1541 5.03864 2.42956 0.45033 -0.0267027 0.47 
1574 9.62749 5.97647 0.478657 -2.57057e-05 0.47 
1576 11.1792 2.22558 0.462631 0.0169493 0.47 
1023 6.64552 5.6974 0.470864 0.000876997 0.47 
1580 11.7677 5.2816 0.49331 -0.00978279 0.47 
1268 4.05072 2.92375 0.460731 0.00446003 0.47 
1274 9.42065 5.11676 0.479506 -0.00354829 0.47 
1232 3.46078 2.27585 0.459331 0.0258447 0.47 
1591 11.7822 0.775922 0.31796 0.00372772 0.47 
661 7.08598 3.52561 0.482471 -0.0161311 0.47 
1597 9.29426 9.78658 0.260375 0.00113717 0.47 
978 8.90185 5.69725 0.476464 -0.00488693 0.47 
585 3.12057 9.41457 0.279268 -0.0182797 0.47 
136 4.3015 4.289 0.503532 -0.0138691 0.47 
1583 2.70866 3.71877 0.477699 0.0133656 0.47 
1614 9.74626 7.10474 0.468167 -0.00243345 0.47 
1620 11.0947 4.89366 0.485294 0.00183181 0.47 
11 3.14934 5.7761 0.487751 0.00307546 0.47 
1622 12.4145 7.91071 0.480593 -0.0170764 0.47 
1079 7.25632 4.66608 0.475049 -0.0145805 0.47 
1549 8.31627 7.83773 0.453912 -0.0056984 0.47 
356 9.13929 3.57494 0.49239 0.00996953 0.47 
1634 11.9629 6.42876 0.481617 -0.0179505 0.47 
1635 11.0875 4.16946 0.486903 0.00453213 0.47 
13 5.77164 2.25744 0.453226 -0.0236374 0.47 
1642 11.9773 9.05619 0.379538 -0.0141678 0.47 
22 4.63052 0.585869 0.299079 0.0210636 0.47 
1646 11.3164 9.77452 0.300923 -0.0174123 0.47 
1647 12.091 3.04468 0.477173 -0.00179618 0.47 
340 5.26654 3.2433 0.471918 -0.0184182 0.47 
756 6.02613 4.56993 0.476714 -0.0118975 0.47 
266 7.75126 8.61142 0.421432 0.00710581 0.47 
731 4.60007 1.49982 0.420261 -0.0192222 0.47 
1659 10.0152 6.74885 0.471884 0.0033195 0.47 
1660 12.8296 2.78336 0.471289 -0.0210775 0.47 
1639 3.4412 1.82515 0.427668 0.02337 0.47 
454 4.15144 1.38912 0.406035 0.000565224 0.47 
263 2.43795 8.6523 0.375567 -0.0368778 0.47 
1169 2.69543 4.95765 0.489927 0.00711072 0.47 
1547 4.99286 8.60635 0.408304 0.0166939 0.47 
1673 10.6716 3.37829 0.482243 0.011536 0.47 
1615 2.64245 0.209338 0.246786 -0.00880439 0.47 
380 2.33283 5.7115 0.488788 0.00183572 0.47 
1167 9.04092 7.4827 0.460709 -0.00617325 0.47 
1401 9.57129 6.73048 0.469617 -0.00327826 0.47 
1188 9.8512 5.59065 0.494109 0.00936926 0.47 
607 9.33024 3.97611 0.487733 0.0085098 0.47 
973 7.96263 1.81116 0.508901 -0.000624887 0.47 
1638 9.13559 6.72736 0.468764 -0.00598987 0.47 
240 6.58969 1.0836 0.377266 0.00846145 0.47 
990 22.646 5.88069 0.481917 0.00204509 0.47 
1221 15.5079 3.77029 0.474919 -0.0120377 0.47 
618 20.3239 3.37669 0.496395 -0.0481895 0.47 
1111 17.4355 3.6832 0.484697 -0.0126307 0.47 
852 22.0334 2.98689 0.485524 0.00118059 0.47 
1486 16.5982 8.88534 0.399634 0.0170188 0.47 
1568 19.7752 1.76056 0.433837 -0.0328158 0.47 
1006 17.3131 1.14269 0.407028 -0.00998508 0.47 
15 24.8786 3.36316 0.476137 -0.00635044 0.47 
688 20.5703 5.01212 0.502734 -0.0244961 0.47 
554 17.8413 7.86545 0.479844 -0.0168632 0.47 
258 15.4382 9.41659 0.339541 -0.000377886 0.47 
21 24.9268 8.56194 0.375569 -0.0152193 0.47 
1595 18.5493 0.602807 0.352437 -0.0113574 0.47 
23 24.4544 1.34491 0.392406 -0.0238794 0.47 
1084 18.4587 7.3541 0.474743 -0.043371 0.47 
1679 16.3052 6.24934 0.479959 -0.0032002 0.47 
304 18.2688 7.81306 0.486053 -0.0275869 0.47 
494 16.0819 5.91176 0.475915 -0.00557842 0.47 
32 23.6975 6.37444 0.473621 -0.0145768 0.47 
1295 17.4685 3.25536 0.481812 -0.014604 0.47 
1389 21.3581 6.05927 0.489044 -0.0118114 0.47 
43 25.5169 1.76062 0.430693 -0.011256 0.47 
748 15.1504 8.65115 0.398497 -0.00397421 0.47 
54 24.2971 0.208884 0.249616 -0.000829088 0.47 
942 17.7417 1.04232 0.400841 -0.0194652 0.47 
997 19.3735 4.99068 0.503559 -0.0363287 0.47 
819 17.3133 1.57173 0.457304 -0.00374878 0.47 
735 23.0232 3.75398 0.478848 0.0139363 0.47 
1203 18.9013 7.30179 0.475881 -0.0520584 0.47 
1606 15.6819 6.70285 0.479336 -0.00256547 0.47 
555 20.9746 6.86056 0.485208 -0.0205026 0.47 
70 24.1499 8.21517 0.460097 -0.00908458 0.47 
71 25.673 4.32081 0.491139 -0.0142912 0.47 
980 14.306 0.567855 0.335122 -0.0322014 0.47 
134 22.7162 5.45439 0.490515 0.00221484 0.47 
80 25.3592 7.81903 0.438831 -0.0105411 0.47 
1440 15.6896 7.47551 0.468394 0.00156872 0.47 
563 17.0643 9.35937 0.377683 -0.0164273 0.47 
719 14.0514 0.975698 0.403628 -0.045053 0.47 
86 22.3694 1.88128 0.487074 -0.00748528 0.47 
931 17.261 4.95752 0.481983 -0.0128683 0.47 
516 19.9083 8.30641 0.445746 -0.0352693 0.47 
25 21.6555 7.17294 0.480346 0.00399372 0.47 
12 16.1212 7.42078 0.470721 0.00765092 0.47 
845 21.9254 5.67806 0.491026 -0.0102461 0.47 
100 24.1825 1.00054 0.391108 -0.0303088 0.47 
103 24.3578 7.41068 0.472713 -0.0148551 0.47 
260 15.2383 1.36228 0.444386 -0.0146642 0.47 
692 18.8724 5.94777 0.487474 -0.0396407 0.47 
1506 21.03 4.33502 0.479604 -0.0350108 0.47 
520 19.6025 6.91567 0.477521 -0.0480961 0.47 
112 24.9722 5.22757 0.486491 -0.0142981 0.47 
467 20.2005 7.94906 0.455911 -0.0403202 0.47 
115 25.9359 1.74824 0.438409 -0.0139385 0.47 
116 25.7301 3.93364 0.478787 -0.0181082 0.47 
1590 16.6945 9.27231 0.359122 0.0289233 0.47 
362 18.9582 1.72895 0.420426 -0.00173346 0.47 
500 17.6654 4.84318 0.483745 -0.0134009 0.47 
124 20.3596 9.78242 0.245404 0.00737879 0.47 
1249 22.3396 6.72599 0.475453 0.0159573 0.47 
215 17.6785 1.91015 0.477874 -0.000226853 0.47 
130 21.5812 1.058 0.368031 -0.00635745 0.47 
131 23.7555 9.77921 0.27658 -0.0081201 0.47 
122 14.5603 9.40904 0.338716 -0.00107055 0.47 
1040 16.8923 0.576803 0.315399 -0.0377052 0.47 
35 18.0438 7.45982 0.477823 -0.0206952 0.47 
1604 18.674 6.29519 0.466105 -0.0473606 0.47 
141 21.7544 8.68724 0.348731 -0.0127967 0.47 
143 24.134 3.57269 0.485242 0.00132702 0.47 
51 17.6175 0.232721 0.240006 0.000591369 0.47 
150 21.2316 9.80505 0.234788 0.00125122 0.47 
924 14.8382 6.02354 0.472135 -0.0164367 0.47 
155 25.2345 4.92276 0.493612 -0.00948197 0.47 
875 21.2175 3.96609 0.491432 -0.0260416 0.47 
1613 15.5909 0.645997 0.336738 -0.00225484 0.47 
1621 16.5397 6.58549 0.476645 0.000771504 0.47 
169 19.9139 9.7862 0.25398 -0.00489451 0.47 
1480 19.8175 7.25739 0.472844 -0.0467754 0.47 
733 20.5331 6.8928 0.480507 -0.0331062 0.47 
646 19.3575 7.27531 0.475558 -0.052215 0.47 
1134 17.1822 7.6226 0.472122 0.00752019 0.47 
175 22.921 9.76834 0.27535 -0.0200445 0.47 
145 17.3624 5.68399 0.479352 -0.015425 0.47 
547 17.3871 9.00925 0.440581 -0.013548 0.47 
180 24.2328 1.6737 0.426599 -0.000594949 0.47 
181 25.3458 3.66331 0.478834 -0.0128193 0.47 
1644 20.2843 7.24835 0.472155 -0.0397731 0.47 
189 23.6666 2.06135 0.453323 0.00450698 0.47 
72 18.0314 5.9068 0.470752 -0.0133004 0.47 
1120 14.7191 3.83371 0.484929 -0.050745 0.47 
444 23.4658 5.3575 0.493013 -0.00894467 0.47 
209 24.9105 6.07969 0.48487 -0.0153134 0.47 
213 22.0865 9.37222 0.272417 0.0213607 0.47 
214 25.295 1.37976 0.398159 -0.00869556 0.47 
1174 14.7586 5.24039 0.48174 -0.0211111 0.47 
220 23.1222 9.00555 0.325021 -0.0145622 0.47 
221 25.9997 7.14476 0.455063 -0.00656011 0.47 
236 17.0166 2.99169 0.482519 -0.00414719 0.47 
224 24.784 7.38425 0.463838 -0.0168329 0.47 
138 15.454 6.34532 0.485136 -0.0129086 0.47 
234 24.8906 7.78897 0.456602 -0.0168482 0.47 
464 16.9682 7.27823 0.470774 0.0071164 0.47 
229 21.9747 3.75689 0.478124 -0.000338032 0.47 
1260 18.0498 8.22292 0.490305 -0.0267803 0.47 
239 24.6337 2.92625 0.472483 -0.0112314 0.47 
1630 22.8782 7.32977 0.495271 0.0122525 0.47 
243 24.583 5.45141 0.48672 -0.0123658 0.47 
881 18.6472 5.596 0.499274 -0.0467515 0.47 
399 19.7086 4.73745 0.503888 -0.038898 0.47 
1313 15.8537 6.27074 0.485987 0.00107746 0.47 
1649 21.4278 9.05963 0.31904 -0.00750114 0.47 
1342 18.6715 9.34863 0.320875 -0.0162678 0.47 
255 24.1117 0.60649 0.302093 -0.0195642 0.47 
262 22.7998 2.54539 0.468622 0.00282363 0.47 
1004 16.7604 6.92832 0.471585 0.00514861 0.47 
1333 19.6823 4.32462 0.501883 -0.0365501 0.47 
1665 23.459 0.201692 0.253882 0.000147012 0.47 
591 18.2771 3.08101 0.481568 -0.0101364 0.47 
270 22.425 4.78913 0.490409 0.00718581 0.47 
273 22.2215 8.3813 0.364602 -0.00100892 0.47 
1603 23.09 5.23053 0.49092 0.00557655 0.47 
961 15.8733 9.41815 0.333483 0.00580852 0.47 
283 23.7234 0.940691 0.383221 -0.00291538 0.47 
714 16.0276 0.989788 0.412375 -0.00770108 0.47 
900 18.9975 8.35041 0.461048 -0.034863 0.47 
1357 18.9999 2.94247 0.486651 -0.0111997 0.47 
293 24.2218 2.83696 0.474834 -0.00670061 0.47 
296 25.5762 5.12967 0.491382 -0.0108349 0.47 
127 15.8626 4.00311 0.480482 -0.0117158 0.47 
1180 18.5578 3.76365 0.492922 -0.0221694 0.47 
232 21.4275 7.56421 0.468738 -0.010743 0.47 
307 25.7167 1.37541 0.40319 -0.0029226 0.47 
962 20.4975 6.16194 0.489938 -0.0275497 0.47 
889 15.6124 9.7878 0.294823 0.00295359 0.47 
1195 22.0461 2.20116 0.470998 -0.0129981 0.47 
191 17.5283 5.27113 0.484191 -0.01498 0.47 
187 17.1797 6.84178 0.467597 -0.00273877 0.47 
895 15.9086 0.206791 0.183244 0.00619507 0.47 
1178 19.0601 5.23032 0.497232 -0.0435753 0.47 
723 20.9547 6.11325 0.489687 -0.0156884 0.47 
1116 19.5234 3.07826 0.496084 -0.0261136 0.47 
344 25.6537 7.41443 0.462229 0.00605499 0.47 
1115 16.2499 2.54495 0.4814 -0.00572127 0.47 
346 18.0318 0.19811 0.246859 0.00452692 0.47 
1109 19.3741 6.5786 0.477909 -0.0446404 0.47 
350 25.1925 7.44889 0.462756 -0.0217838 0.47 
253 21.2017 7.21605 0.478215 -0.0157905 0.47 
353 24.557 5.87584 0.486218 -0.0136651 0.47 
354 25.466 0.999877 0.383766 -0.00423194 0.47 
1513 20.2407 5.32888 0.496618 -0.0346295 0.47 
357 23.2923 7.14735 0.481388 -0.0109384 0.47 
358 24.3885 2.47996 0.46505 -0.011927 0.47 
359 19.4726 9.80064 0.251638 -0.0135973 0.47 
1426 20.8335 4.69222 0.499602 -0.0282155 0.47 
361 24.5241 4.55236 0.495563 -0.0118295 0.47 
364 25.9223 1.02615 0.379425 -0.0098119 0.47 
367 23.2358 0.970429 0.380574 0.00861418 0.47 
368 23.0559 0.216965 0.259767 -0.0058141 0.47 
543 14.0616 7.90187 0.465221 -0.0228905 0.47 
1042 17.8464 3.57538 0.483537 -0.0122607 0.47 
373 23.696 9.38701 0.307788 -0.0122445 0.47 
376 23.5086 7.48272 0.483984 -0.019328 0.47 
1297 16.6194 4.04588 0.483012 -0.0085181 0.47 
1218 21.8825 7.51416 0.476238 0.0149078 0.47 
47 18.5432 1.65069 0.431613 -0.0172765 0.47 
570 15.2842 5.97219 0.469814 -0.0104253 0.47 
1047 16.3772 8.53973 0.431864 0.00530117 0.47 
1086 19.5436 1.3086 0.396633 -0.00380361 0.47 
256 16.4666 0.563425 0.308754 -0.0196599 0.47 
393 21.0824 0.241598 0.240466 -0.0024887 0.47 
594 16.9297 4.67935 0.483773 -0.0112944 0.47 
97 20.8551 1.35574 0.444673 -0.0143314 0.47 
160 15.2503 7.50824 0.469707 0.000146858 0.47 
753 19.8097 2.78147 0.489174 -0.0351342 0.47 
1663 18.4158 2.41276 0.490531 -0.00622516 0.47 
372 16.0995 9.77214 0.282774 0.00985291 0.47 
1477 22.3107 5.20829 0.486665 -0.000619499 0.47 
1096 14.9959 9.41424 0.338927 -0.0023411 0.47 
412 22.8005 0.979517 0.3738 0.0263662 0.47 
1395 18.1119 1.68106 0.439541 -0.00910238 0.47 
1164 19.8796 5.52309 0.496521 -0.0373265 0.47 
707 18.909 3.57814 0.497156 -0.0205745 0.47 
417 23.7689 2.78906 0.477748 0.0110171 0.47 
998 15.4113 4.62781 0.490121 -0.00636243 0.47 
420 24.3994 6.66059 0.470987 -0.0211182 0.47 
319 16.1732 8.97775 0.389169 0.0104923 0.47 
426 20.6172 2.65396 0.470021 -0.0530216 0.47 
424 21.0038 9.052 0.329962 -0.0097588 0.47 
1082 20.4351 4.58748 0.504131 -0.0254615 0.47 
431 21.1346 1.03529 0.382928 -0.0208849 0.47 
432 20.2582 0.210163 0.227524 0.00920992 0.47 
1261 18.4533 6.65219 0.464025 -0.0450448 0.47 
548 18.6779 3.24983 0.484938 -0.0100409 0.47 
437 23.9521 1.32261 0.420828 -0.00942246 0.47 
154 15.9614 8.60717 0.418097 0.00307923 0.47 
439 25.3978 7.09166 0.486951 -0.0123831 0.47 
1254 15.0393 6.38602 0.482949 -0.0165627 0.47 
1349 19.7833 1.01028 0.367531 -0.0200225 0.47 
1303 17.6447 8.26955 0.484504 -0.00514793 0.47 
550 20.7792 2.0507 0.48015 -0.0230961 0.47 
452 25.0432 0.987832 0.393098 -0.0194399 0.47 
1077 17.8413 8.99577 0.458113 -0.00997508 0.47 
1651 20.5672 9.03967 0.349103 -0.0103747 0.47 
1544 17.3887 7.19125 0.469104 -0.00300845 0.47 
460 21.8763 0.229663 0.269116 0.00290729 0.47 
582 21.183 6.47191 0.489322 -0.013308 0.47 
465 23.6125 7.86056 0.462044 -0.00935209 0.47 
228 17.0316 3.84178 0.484726 -0.00867435 0.47 
119 16.1868 4.65158 0.481962 -0.00906205 0.47 
117 17.2018 0.262099 0.234948 -0.0171476 0.47 
476 23.24 1.98478 0.463459 0.0136877 0.47 
477 25.0434 2.9322 0.467987 -0.00985505 0.47 
1564 14.6188 2.54804 0.473155 -0.0340476 0.47 
479 21.8344 9.09486 0.320519 -0.0204325 0.47 
226 14.2639 4.49444 0.495732 -0.0498634 0.47 
1065 19.1 8.70495 0.437464 -0.0234446 0.47 
497 21.6966 9.79182 0.206426 0.0216297 0.47 
1253 15.66 8.23659 0.460892 0.00480112 0.47 
501 24.1377 4.39997 0.496569 -0.00488234 0.47 
503 22.7967 8.10217 0.489927 0.0222383 0.47 
1537 15.4518 7.87394 0.463804 0.00338804 0.47 
505 25.2269 2.52862 0.458722 -0.0132839 0.47 
1225 16.3307 6.99313 0.475908 0.00919081 0.47 
274 14.4024 6.04369 0.474301 -0.0206051 0.47 
514 25.304 5.88782 0.48329 -0.0162529 0.47 
421 16.7262 6.16027 0.477261 -0.0090894 0.47 
1346 19.1042 7.63724 0.479344 -0.0510231 0.47 
1069 15.5537 8.64094 0.404595 -0.00044722 0.47 
528 23.889 0.206017 0.240956 -0.0142941 0.47 
1351 21.5807 1.94481 0.48199 -0.0158604 0.47 
537 23.1161 2.33945 0.485406 0.0222073 0.47 
1280 21.6124 4.92322 0.485498 -0.015671 0.47 
549 22.8814 0.589896 0.319078 0.0119017 0.47 
699 19.4391 0.652871 0.353848 -0.0130619 0.47 
556 25.3546 5.46323 0.484259 -0.0159585 0.47 
538 16.5468 7.35464 0.473537 0.0150767 0.47 
715 16.8966 0.96723 0.395397 -0.0246406 0.47 
560 24.1886 9.77001 0.281681 -0.00385277 0.47 
562 19.054 9.8114 0.241712 -0.0148869 0.47 
1152 16.66 2.45846 0.477095 -0.00910768 0.47 
487 15.7438 9.02681 0.377849 -0.00173341 0.47 
327 18.2276 6.30983 0.466408 -0.0450794 0.47 
608 15.1461 0.584588 0.32955 -0.00615913 0.47 
212 14.0435 2.0195 0.446421 -0.0377945 0.47 
480 18.6917 6.96565 0.470508 -0.0502528 0.47 
522 20.1182 9.03606 0.372229 -0.0127678 0.47 
386 22.6668 4.46641 0.491632 0.0100956 0.47 
827 17.8789 3.16899 0.482933 -0.0114411 0.47 
1558 18.907 4.41858 0.493574 -0.0297824 0.47 
375 23.0292 4.76317 0.491597 -7.89891e-05 0.47 
734 21.4569 2.47097 0.507429 -0.044245 0.47 
447 14.5295 7.89818 0.462992 -0.01097 0.47 
919 16.8969 5.73649 0.4747 -0.0179826 0.47 
3 17.4638 9.40398 0.382535 -0.000548214 0.47 
598 19.8827 9.39704 0.322593 -0.0101901 0.47 
600 25.9917 2.8773 0.469627 -0.0179046 0.47 
1655 19.6559 2.39704 0.472169 -0.0288739 0.47 
404 14.2974 2.75445 0.470421 -0.0356712 0.47 
450 23.829 5.09979 0.491202 -0.00976414 0.47 
402 16.1762 5.11441 0.483451 -0.00662164 0.47 
1410 20.8915 8.67887 0.37106 -0.0212159 0.47 
269 18.595 8.56596 0.463763 -0.019841 0.47 
612 24.5551 6.29171 0.487471 -0.0144183 0.47 
613 24.4918 4.11966 0.498752 -0.0131727 0.47 
1584 22.4557 2.31235 0.462637 0.00164854 0.47 
622 24.6139 9.76449 0.281655 0.0020589 0.47 
519 20.4526 8.67106 0.388882 -0.0238845 0.47 
1204 17.4619 2.40699 0.476034 -0.018407 0.47 
630 25.3049 3.26726 0.470699 -0.0120895 0.47 
631 22.0133 1.02488 0.352002 -0.00377356 0.47 
632 24.9422 3.80167 0.483599 -0.00169586 0.47 
1581 18.1672 3.89189 0.490689 -0.0146261 0.47 
761 16.0656 1.78793 0.480396 -0.00771671 0.47 
24 17.859 9.38944 0.378946 -0.00638903 0.47 
639 22.5153 9.75312 0.253404 0.00179116 0.47 
640 21.5549 9.44333 0.300833 -0.0141463 0.47 
1561 22.9716 6.91285 0.474729 0.00327373 0.47 
58 22.8235 3.37582 0.481957 0.0147087 0.47 
1448 19.6617 9.04565 0.390172 -0.0136815 0.47 
1371 19.5605 7.61355 0.471206 -0.0477635 0.47 
614 15.1658 1.74833 0.464344 -0.00732688 0.47 
1179 18.1429 4.30746 0.489667 -0.0151876 0.47 
1425 16.5764 4.46528 0.482811 -0.00991218 0.47 
655 24.8011 2.53957 0.461804 -0.0124738 0.47 
1101 16.9443 1.74344 0.46141 -0.0119868 0.47 
660 25.0573 8.15654 0.439857 -0.00595677 0.47 
5 20.9617 7.58747 0.464393 -0.028525 0.47 
1360 15.6414 1.47208 0.449055 0.00756794 0.47 
928 15.1307 3.53335 0.469752 -0.0130066 0.47 
667 20.7924 9.79467 0.240068 0.00662583 0.47 
859 14.6461 0.222596 0.198404 -0.00719446 0.47 
670 22.5448 8.9323 0.372863 -0.0118847 0.47 
1384 14.5963 7.1521 0.484948 -0.0128577 0.47 
1543 17.1011 5.38318 0.483862 -0.0144068 0.47 
675 23.518 6.75965 0.467145 -0.0165456 0.47 
1016 19.0575 9.43031 0.304934 -0.0230315 0.47 
679 23.2814 9.39028 0.299775 -0.012843 0.47 
718 15.8731 3.12579 0.477889 -0.00658381 0.47 
435 21.7883 3.33074 0.486007 -0.0100382 0.47 
685 24.5226 9.3684 0.316466 -0.00617816 0.47 
949 21.3941 3.22288 0.490265 -0.0238061 0.47 
1557 21.6102 6.4488 0.488603 -0.00619501 0.47 
206 22.0572 6.40843 0.482876 0.00251594 0.47 
869 14.3687 7.52629 0.474567 -0.0163088 0.47 
703 22.2715 0.245854 0.277602 0.00138761 0.47 
453 18.8808 2.10513 0.468356 0.0062882 0.47 
1413 21.0929 5.6483 0.493613 -0.0148363 0.47 
1387 15.9069 7.06079 0.4744 0.0032003 0.47 
710 24.9508 2.1508 0.443682 -0.01537 0.47 
712 25.206 6.32977 0.480644 -0.0149898 0.47 
717 25.7089 5.73957 0.482656 -0.0192489 0.47 
721 24.8781 1.37163 0.396396 -0.022584 0.47 
1540 19.0115 1.32814 0.388177 -0.00374846 0.47 
1073 16.2685 3.37573 0.479712 -0.0057207 0.47 
1385 18.6629 7.68214 0.48128 -0.0498177 0.47 
1451 18.9337 6.5931 0.470898 -0.0507927 0.47 
732 23.1323 7.66251 0.496374 0.0172404 0.47 
736 23.5154 1.27884 0.412114 -0.00380968 0.47 
981 19.5575 8.68436 0.418267 -0.0230756 0.47 
738 25.7212 8.61557 0.404827 0.00284279 0.47 
1168 17.3104 0.705608 0.333417 -0.0176997 0.47 
341 14.9969 7.89038 0.462545 -0.0012031 0.47 
1070 19.931 3.22117 0.497196 -0.0413156 0.47 
1300 16.4552 0.952187 0.397561 -0.015235 0.47 
747 25.7614 3.54554 0.477004 -0.0194853 0.47 
749 20.3243 0.601669 0.353738 0.00843768 0.47 
705 15.2544 6.75487 0.482065 -0.0123601 0.47 
1319 16.9946 8.07488 0.477995 0.0265468 0.47 
515 20.1508 4.91558 0.501128 -0.0352566 0.47 
757 25.6048 8.13736 0.400807 0.0206121 0.47 
339 15.8959 7.83782 0.463818 0.00372455 0.47 
1431 20.4233 3.80981 0.49417 -0.0450536 0.47 
764 23.0272 1.32606 0.412443 0.00885286 0.47 
987 15.5094 3.34315 0.471869 -0.010603 0.47 
915 14.7142 9.78437 0.293108 0.000121226 0.47 
1039 18.4843 2.03151 0.472043 -0.0120146 0.47 
50 14.2514 8.25323 0.448966 -0.0162514 0.47 
513 15.3137 9.03481 0.371603 -0.00345905 0.47 
773 23.3242 4.04062 0.494989 -0.00226003 0.47 
1511 22.3216 5.60207 0.490772 -0.00126484 0.47 
316 15.1477 5.24474 0.482364 -0.010816 0.47 
1057 15.4863 2.92031 0.478577 -0.0102943 0.47 
947 22.5466 3.66367 0.478634 0.00756431 0.47 
1670 19.7016 3.92552 0.497763 -0.0364231 0.47 
470 19.9661 2.13642 0.459988 -0.0420912 0.47 
379 19.4504 8.32362 0.454812 -0.0345546 0.47 
529 17.7122 1.47282 0.434961 -0.0105154 0.47 
1552 14.4477 0.956264 0.407761 -0.0365409 0.47 
797 23.7309 3.44891 0.486199 0.00436655 0.47 
590 18.5878 2.82048 0.481493 -0.00305339 0.47 
772 20.0221 7.5995 0.46586 -0.044104 0.47 
801 23.2621 2.73463 0.474632 0.0189648 0.47 
1216 15.0898 0.202536 0.18598 -0.00544105 0.47 
808 25.9863 8.25621 0.410231 -0.00273457 0.47 
809 25.0199 9.74538 0.288301 -0.00191563 0.47 
1011 16.7471 0.192479 0.18592 -0.00672352 0.47 
196 17.8168 6.33189 0.462539 -0.0110126 0.47 
1132 19.1427 6.93967 0.473081 -0.0515155 0.47 
818 22.4794 9.33396 0.271971 -0.00668744 0.47 
820 25.8546 9.80026 0.288982 -0.0085472 0.47 
821 25.7126 0.662392 0.336 -0.0025711 0.47 
822 25.7428 6.85853 0.475976 -0.0249122 0.47 
824 25.7324 3.17092 0.465898 -0.0202313 0.47 
825 25.7052 2.52754 0.463818 -0.0135968 0.47 
828 23.3102 3.48206 0.488458 0.0233753 0.47 
829 23.219 8.0675 0.478168 0.0230061 0.47 
830 22.6242 8.46639 0.342355 -0.0244101 0.47 
831 21.1302 9.4285 0.294558 -0.00428858 0.47 
231 19.1946 9.06389 0.405352 -0.00606871 0.47 
287 21.5584 4.14792 0.490859 -0.0200652 0.47 
982 20.7301 3.48414 0.492363 -0.0401649 0.47 
75 18.2766 0.937898 0.380208 -0.0202197 0.47 
839 22.8699 9.34787 0.286899 -0.0315041 0.47 
107 21.8002 8.29179 0.405968 -0.00412192 0.47 
1524 17.7331 4.41404 0.486298 -0.0144342 0.47 
1208 18.0099 6.69806 0.46831 -0.0280888 0.47 
566 19.4381 2.01703 0.455258 -0.0159699 0.47 
666 15.2279 0.966108 0.42344 -0.0172327 0.47 
771 14.048 9.00916 0.371363 -0.0101934 0.47 
46 22.4356 3.15697 0.488276 0.00151466 0.47 
1064 21.3231 8.68347 0.356574 -0.0157557 0.47 
1491 16.963 9.7724 0.280836 -0.00764833 0.47 
857 21.4828 0.239821 0.253874 -0.00123497 0.47 
860 23.5125 9.00964 0.328305 -0.0177704 0.47 
862 22.7733 2.05954 0.477392 0.026888 0.47 
166 17.3749 9.80115 0.256347 -0.0080892 0.47 
662 15.274 2.12559 0.481465 -0.00797328 0.47 
507 18.1469 2.69874 0.481784 -0.0119044 0.47 
871 19.4686 9.41027 0.318931 -0.0212585 0.47 
872 23.9768 6.66661 0.47002 -0.0121663 0.47 
225 14.8051 7.52513 0.473472 -0.00717607 0.47 
536 21.8751 6.79443 0.483376 0.00566722 0.47 
1050 19.9922 1.42096 0.414293 -0.0411291 0.47 
1359 15.4868 5.05264 0.483862 -0.00600117 0.47 
1150 21.3944 5.2848 0.492817 -0.0120297 0.47 
1088 15.0436 4.84595 0.484561 -0.0132207 0.47 
74 19.742 7.95813 0.462288 -0.0424594 0.47 
917 16.9651 6.49553 0.471772 -0.00588674 0.47 
1037 15.515 0.238648 0.181516 3.10545e-05 0.47 
893 23.3058 0.591875 0.306705 -0.00200512 0.47 
1340 19.6039 6.23306 0.485425 -0.0406809 0.47 
540 17.2855 2.03658 0.472772 -0.0173272 0.47 
624 14.7459 1.8645 0.45324 -0.0133154 0.47 
903 25.8729 6.45928 0.478358 -0.0197328 0.47 
251 19.0874 5.62118 0.492464 -0.0426112 0.47 
605 17.8587 2.37542 0.478363 -0.0044572 0.47 
1454 22.2079 6.00482 0.482129 -0.00193557 0.47 
878 20.2397 1.82687 0.441339 -0.0514761 0.47 
201 21.2383 2.13456 0.472627 -0.0299805 0.47 
1266 17.5965 6.76104 0.46654 -0.00768439 0.47 
911 23.8455 5.53108 0.491043 -0.00981589 0.47 
914 24.7542 8.95774 0.34894 -0.0136268 0.47 
29 14.8876 9.03234 0.36889 -0.00435913 0.47 
1161 20.1452 2.52097 0.472919 -0.0470076 0.47 
1453 15.625 1.86796 0.481716 0.0038628 0.47 
1443 21.4163 6.83192 0.48706 -0.00753369 0.47 
805 18.8504 2.51935 0.483931 0.00267479 0.47 
716 14.3429 8.63567 0.407577 -0.0102913 0.47 
951 18.5096 4.61928 0.488888 -0.0192667 0.47 
488 18.538 4.18895 0.490797 -0.0214937 0.47 
939 23.5133 3.09701 0.484065 0.0133147 0.47 
128 17.8109 7.11759 0.471971 -0.0144827 0.47 
383 16.0344 2.19281 0.48383 -0.00594098 0.47 
743 17.6014 5.99919 0.471978 -0.014609 0.47 
953 25.0963 1.7655 0.42656 -0.0165674 0.47 
654 18.064 4.7115 0.483203 -0.0172522 0.47 
957 18.9704 0.228608 0.252424 -0.00907804 0.47 
960 24.5991 5.01441 0.486948 -0.0111947 0.47 
604 17.1534 6.07195 0.472468 -0.0157914 0.47 
1627 14.1554 7.1497 0.48638 -0.0225425 0.47 
291 21.4047 4.52424 0.476 -0.0239283 0.47 
542 15.0107 5.63989 0.474735 -0.015444 0.47 
486 16.6585 3.6356 0.483046 -0.00715969 0.47 
971 21.151 3.5552 0.486162 -0.028708 0.47 
972 23.8197 5.97302 0.486175 -0.00870704 0.47 
1432 20.2235 2.92291 0.495501 -0.0467474 0.47 
394 17.0706 3.4158 0.482929 -0.00707117 0.47 
564 22.3002 2.68144 0.497743 0.0133265 0.47 
343 17.3903 6.40897 0.466208 -0.0102087 0.47 
1018 23.4276 4.93045 0.489323 -0.00488572 0.47 
149 16.2173 4.22924 0.481903 -0.00995457 0.47 
989 24.5939 7.01672 0.478738 -0.0245209 0.47 
1215 23.0556 4.34281 0.490063 -0.00411825 0.47 
1078 15.1113 3.93954 0.478099 -0.00462783 0.47 
1117 22.3305 7.51163 0.482497 0.0203923 0.47 
455 16.5843 5.38889 0.477445 -0.0122298 0.47 
840 18.1134 0.578568 0.331623 -0.00270238 0.47 
1001 22.1054 9.78038 0.226318 0.00847823 0.47 
1452 23.3579 6.14937 0.473009 -0.0132759 0.47 
1003 24.7221 0.204908 0.259312 -0.00218442 0.47 
1372 14.274 3.95279 0.494213 -0.0156488 0.47 
1560 23.0619 5.70179 0.486349 0.0089788 0.47 
1012 24.1114 2.05668 0.442329 -0.00168615 0.47 
1014 25.3453 8.46336 0.396396 0.0272463 0.47 
1019 23.935 7.45289 0.476771 -0.0167796 0.47 
1043 19.2882 7.97685 0.47104 -0.0429641 0.47 
551 20.7472 6.50236 0.487185 -0.0228048 0.47 
1636 20.2676 5.77078 0.493304 -0.0323022 0.47 
1028 25.4256 9.78487 0.289885 -0.00342778 0.47 
1031 25.1637 0.202533 0.26789 -0.00391851 0.47 
533 20.7485 7.24131 0.474196 -0.030908 0.47 
7 22.0315 4.8934 0.48696 -0.00795499 0.47 
1036 22.4318 1.10813 0.362994 -0.00557462 0.47 
1594 14.4451 2.17416 0.449965 -0.0256989 0.47 
1258 18.7828 0.952882 0.383649 -0.0136154 0.47 
584 17.7151 0.639399 0.324835 -0.0189579 0.47 
1394 18.0806 2.073 0.483166 -0.000662143 0.47 
1226 21.9444 4.14189 0.492323 0.00263747 0.47 
804 14.1362 0.20038 0.211882 -0.0025483 0.47 
865 14.8406 1.04202 0.418785 -0.00302831 0.47 
1287 14.6992 2.98819 0.471116 -0.0375479 0.47 
596 21.6189 2.88411 0.485212 -0.0217057 0.47 
935 21.7795 6.06805 0.487057 -0.00785838 0.47 
1632 15.1605 9.77784 0.295879 0.000607739 0.47 
1072 25.0141 6.97651 0.481492 -0.00657527 0.47 
1007 20.9504 2.43103 0.48394 -0.0258292 0.47 
1081 19.8534 0.223428 0.229773 -0.00965985 0.47 
1089 25.6298 4.7198 0.492282 -0.0123779 0.47 
1380 21.3241 8.30144 0.424177 -0.0197265 0.47 
671 20.3746 8.29807 0.436792 -0.0334675 0.47 
1093 24.5128 0.580697 0.308468 -0.0119336 0.47 
525 14.4665 9.02281 0.369588 -0.00417044 0.47 
776 20.3885 1.33348 0.433683 0.00590432 0.47 
1657 23.811 4.6785 0.491431 -0.0066999 0.47 
1098 22.9081 1.69097 0.456042 0.0248434 0.47 
1170 16.8588 5.08483 0.480285 -0.0106194 0.47 
1103 20.2969 9.39695 0.313322 -8.87676e-05 0.47 
303 14.3823 6.78207 0.488159 -0.0170317 0.47 
1315 20.9751 5.20875 0.494893 -0.0142563 0.47 
1049 16.3155 0.18706 0.186906 0.0145311 0.47 
1108 25.2995 4.07331 0.487725 -0.00998174 0.47 
1113 24.9195 0.587372 0.320388 -0.0121093 0.47 
210 14.5287 4.89448 0.480339 -0.0223821 0.47 
61 17.3769 4.11447 0.487271 -0.0125848 0.47 
1439 20.4888 7.59423 0.463498 -0.03697 0.47 
1276 14.0494 2.41966 0.461799 -0.0345422 0.47 
1468 16.174 5.52206 0.478208 -0.00572192 0.47 
108 14.2871 9.77961 0.294969 0.00442507 0.47 
1129 23.7056 0.554171 0.299838 -0.000213403 0.47 
633 22.3706 7.98276 0.48843 0.0167396 0.47 
1131 23.2522 8.47136 0.410769 0.0247053 0.47 
1661 17.6084 7.53511 0.472595 -0.00808676 0.47 
1135 22.1068 1.4286 0.465978 -0.0145513 0.47 
713 17.4011 7.96099 0.476531 0.00393287 0.47 
1575 23.1881 6.53477 0.464943 -0.00907751 0.47 
261 15.6669 2.28679 0.484205 5.83724e-05 0.47 
1140 18.6624 9.76801 0.240891 -0.0143507 0.47 
1421 20.6383 5.42681 0.492281 -0.021102 0.47 
1409 16.2959 9.37205 0.341751 0.020261 0.47 
1146 24.8899 4.24229 0.493966 -0.000514004 0.47 
1530 22.4932 6.29153 0.475172 0.00432668 0.47 
45 14.7494 8.64598 0.400135 -0.00513105 0.47 
789 18.6623 5.20463 0.493948 -0.0446335 0.47 
1551 15.0369 7.14513 0.480391 -0.00899429 0.47 
1157 23.966 2.43229 0.467077 0.0044904 0.47 
1566 21.9806 7.90015 0.474558 0.0182875 0.47 
1653 15.8143 4.4375 0.485032 -0.00859126 0.47 
1162 24.1487 6.23437 0.482863 -0.00776291 0.47 
965 17.7714 3.9959 0.488877 -0.0137262 0.47 
1675 25.3217 0.58701 0.334221 -0.0188151 0.47 
846 16.6639 3.23765 0.479911 -0.00695091 0.47 
1669 16.6343 2.83864 0.48313 -0.00791739 0.47 
277 21.5588 7.94276 0.455431 -0.0108486 0.47 
302 16.2554 3.80196 0.481111 -0.00874127 0.47 
1672 24.0878 8.60849 0.368355 -0.00950743 0.47 
91 18.2347 7.03225 0.469283 -0.0350374 0.47 
959 19.8417 5.90039 0.487772 -0.0394804 0.47 
826 17.7562 2.78234 0.479134 -0.0087337 0.47 
20 18.258 9.77613 0.219818 0.00543722 0.47 
786 16.8729 2.12593 0.482633 -0.00607503 0.47 
1318 23.4617 5.76314 0.490959 -0.0114102 0.47 
1197 24.9359 9.3198 0.312274 0.0066472 0.47 
1199 23.9218 8.99307 0.342308 -0.0068618 0.47 
1200 24.1081 9.37424 0.31415 -0.00761103 0.47 
1648 19.4707 5.41948 0.496735 -0.036339 0.47 
1348 16.8123 8.47865 0.450471 0.0247836 0.47 
233 16.4293 2.1168 0.48351 -0.01418 0.47 
1211 24.954 5.6515 0.485148 -0.0147985 0.47 
1213 20.7807 0.620704 0.350256 -0.00652029 0.47 
702 17.9508 5.16418 0.484593 -0.0140622 0.47 
1032 22.7574 6.58213 0.465979 0.0117086 0.47 
726 16.5175 1.73292 0.47146 -0.0174131 0.47 
1633 22.7141 2.90661 0.504522 0.0142522 0.47 
1159 16.5524 8.13385 0.470492 0.0140296 0.47 
1411 19.2175 2.33747 0.473061 -0.00731318 0.47 
34 17.8009 5.57934 0.482513 -0.0164102 0.47 
1362 20.1351 4.10738 0.492706 -0.0434022 0.47 
954 17.0266 8.85111 0.411965 0.0291214 0.47 
1518 14.576 4.21587 0.522262 -0.0364489 0.47 
1587 23.4239 4.50848 0.489466 -0.00376617 0.47 
378 20.6126 1.68091 0.46271 -0.00827323 0.47 
1237 20.7129 9.41136 0.300318 0.000951877 0.47 
48 20.6633 7.94692 0.451757 -0.0347564 0.47 
1680 19.2957 3.75287 0.498391 -0.0283236 0.47 
1442 21.2922 1.43916 0.466661 -0.0369288 0.47 
451 17.8257 9.78597 0.217342 0.00318556 0.47 
641 14.321 1.73311 0.451329 -0.0340888 0.47 
790 21.5621 3.69701 0.483122 -0.0207956 0.47 
1085 15.8004 5.35473 0.479924 -0.00309381 0.47 
1259 25.8365 7.77313 0.426623 0.025291 0.47 
1017 19.3011 4.17238 0.498494 -0.0310087 0.47 
616 16.4906 5.81542 0.476613 -0.00794047 0.47 
365 21.1948 4.86885 0.490367 -0.0146583 0.47 
1267 24.5305 2.11041 0.445647 -0.0180386 0.47 
1144 18.3402 5.00755 0.480086 -0.0184989 0.47 
1205 20.8308 3.89059 0.49075 -0.0328514 0.47 
496 15.4769 7.11343 0.474178 -0.00277589 0.47 
247 22.6997 7.7013 0.492606 0.0132798 0.47 
1608 18.2436 5.48076 0.486525 -0.0174928 0.47 
816 14.7302 0.624097 0.352073 -0.00862676 0.47 
1299 20.0202 3.66714 0.497081 -0.0426968 0.47 
1573 19.3443 2.71555 0.48738 -0.0152041 0.47 
1283 23.7369 7.09267 0.481141 -0.0229161 0.47 
1645 15.1989 8.25146 0.459491 -0.000439668 0.47 
1285 24.466 7.80055 0.458823 -0.00991843 0.47 
1623 19.2492 1.00036 0.383424 -0.000547379 0.47 
927 18.1073 1.28601 0.403779 -0.0126846 0.47 
463 15.1112 3.11845 0.474425 -0.0207064 0.47 
956 14.7419 4.57463 0.48256 -0.0154783 0.47 
1191 20.6048 3.05792 0.500825 -0.0485118 0.47 
298 20.9893 3.14028 0.497548 -0.0392032 0.47 
1312 24.443 3.28336 0.477431 -0.010481 0.47 
1369 16.8718 1.35558 0.449988 -0.0132994 0.47 
167 16.5181 4.89786 0.481561 -0.0115157 0.47 
1577 20.5981 4.22877 0.479113 -0.0381691 0.47 
1428 17.3762 2.84422 0.478418 -0.0164914 0.47 
1321 22.5357 1.50793 0.475784 -0.0193627 0.47 
785 21.8621 2.53727 0.505195 0.00509167 0.47 
1325 21.6325 0.648528 0.337672 -0.0109893 0.47 
471 14.4068 1.35023 0.437591 -0.0368978 0.47 
1328 22.6505 0.219041 0.276006 0.0058935 0.47 
1172 21.1183 7.95068 0.452083 -0.0267182 0.47 
1546 17.6384 8.65922 0.462096 -0.00483082 0.47 
1138 14.3405 3.55562 0.477525 -0.0276375 0.47 
823 20.3062 6.55437 0.483699 -0.0355767 0.47 
1062 20.4359 2.24279 0.46374 -0.0557065 0.47 
318 20.0839 6.20864 0.487884 -0.0394102 0.47 
1338 24.5403 3.70765 0.487121 -0.0152324 0.47 
1341 25.5756 9.00687 0.341258 -0.0113736 0.47 
1344 25.3247 9.36647 0.318198 -0.0119321 0.47 
1347 20.6719 0.226261 0.230815 0.00575185 0.47 
430 14.8222 6.77703 0.484976 -0.0156341 0.47 
1678 15.3627 2.53642 0.478183 -0.00914066 0.47 
1184 16.9809 4.2655 0.485264 -0.0106323 0.47 
1361 22.1677 8.80316 0.352793 0.0122758 0.47 
722 19.6151 3.49587 0.498272 -0.0328874 0.47 
1654 25.6752 0.234362 0.296707 -0.00163596 0.47 
1367 23.6457 8.63486 0.389003 -0.00438318 0.47 
1374 23.3317 9.7785 0.275719 -0.00670202 0.47 
481 15.8885 3.56413 0.476479 -0.00979972 0.47 
835 18.9244 3.99793 0.49466 -0.0244782 0.47 
1352 15.694 5.84564 0.473653 0.00282603 0.47 
1592 14.1181 4.91246 0.48707 -0.0426367 0.47 
1379 23.5296 2.43059 0.478662 0.0167249 0.47 
815 18.715 8.94911 0.457528 -0.0151724 0.47 
1478 17.0665 2.5323 0.477382 -0.00665886 0.47 
1391 19.4282 0.245587 0.248771 -0.0114254 0.47 
1393 25.2609 4.48749 0.493744 -0.0084585 0.47 
284 16.3312 7.78099 0.469425 0.0113179 0.47 
1399 25.8876 5.36694 0.491615 -0.0149907 0.47 
508 23.7403 4.23694 0.494182 0.00154028 0.47 
1396 18.2698 3.47418 0.482388 -0.0120841 0.47 
445 22.5508 7.0865 0.482075 0.0205786 0.47 
1407 23.0891 3.0861 0.492867 0.0279579 0.47 
1658 19.169 6.21169 0.482373 -0.0401166 0.47 
1198 22.1921 3.44433 0.484135 0.00164914 0.47 
440 18.2633 9.37358 0.352412 -0.00770767 0.47 
1415 25.3907 6.66263 0.471813 -0.0123804 0.47 
976 15.6251 1.05992 0.42601 0.00736374 0.47 
1370 18.9997 0.61626 0.361208 -0.0105951 0.47 
1562 22.7247 5.03811 0.493426 0.00297587 0.47 
1424 24.5108 8.58209 0.367173 -0.0103414 0.47 
1427 25.9876 4.94055 0.490051 -0.0141564 0.47 
1127 16.0993 6.63494 0.480985 0.00397464 0.47 
567 15.012 2.70552 0.473214 -0.0262315 0.47 
1434 22.9098 8.713 0.358576 -0.0480413 0.47 
1155 20.0499 4.50124 0.50638 -0.0401273 0.47 
1446 25.3812 2.15379 0.444274 -0.0138443 0.47 
1449 25.4751 2.86322 0.462525 -0.0162251 0.47 
468 16.2417 2.95695 0.481914 -0.00472517 0.47 
1624 14.8108 1.45402 0.442141 -0.00274198 0.47 
1456 24.3374 8.98119 0.346443 -0.00746207 0.47 
1458 25.7983 2.1374 0.445557 -0.0145469 0.47 
1459 24.2052 4.85108 0.491831 -0.0110062 0.47 
1083 18.8959 4.83737 0.49769 -0.0375194 0.47 
1137 21.9538 1.80587 0.484306 -0.0119253 0.47 
601 15.8322 4.86665 0.484563 -0.00483596 0.47 
1107 21.8545 5.28496 0.486565 -0.0108199 0.47 
1476 24.0889 3.97056 0.497276 0.00158261 0.47 
766 16.5497 9.72567 0.292148 0.0140089 0.47 
323 15.4647 4.19989 0.486445 -0.0103688 0.47 
746 14.7283 8.25196 0.453806 -0.00738825 0.47 
1487 24.8942 4.70159 0.492553 -0.00380791 0.47 
1465 14.3516 5.29195 0.481229 -0.0268327 0.47 
279 19.2921 4.59132 0.499173 -0.0344422 0.47 
1554 22.9452 6.15809 0.470882 0.00754198 0.47 
569 20.009 8.67112 0.403875 -0.0238004 0.47 
1501 24.1901 5.75119 0.486477 -0.00762686 0.47 
638 22.3471 4.02011 0.482156 0.00555459 0.47 
1509 24.6045 8.18274 0.45371 -0.00735924 0.47 
676 20.8444 8.29998 0.431107 -0.0292765 0.47 
796 16.4469 1.3441 0.446386 -0.0146755 0.47 
1075 18.5583 1.27156 0.384506 -0.0192482 0.47 
693 21.1644 2.78466 0.497903 -0.0408719 0.47 
1528 24.2129 5.28766 0.488545 -0.0104948 0.47 
313 22.2429 4.4286 0.488302 0.0085265 0.47 
1534 23.6641 3.82632 0.500599 0.0058022 0.47 
1512 16.031 0.595919 0.320044 -0.0131749 0.47 
1536 20.0664 6.90672 0.478303 -0.0413411 0.47 
1118 19.347 1.6314 0.410575 -0.00178593 0.47 
912 16.0429 1.38986 0.447469 -0.00727556 0.47 
1545 18.4933 0.209732 0.251707 -0.00663237 0.47 
1517 19.7978 5.13243 0.499696 -0.0373134 0.47 
1548 25.5985 6.17996 0.479479 -0.0179356 0.47 
352 22.7595 4.05258 0.477859 0.0100096 0.47 
242 15.4312 5.53903 0.479264 -0.00521642 0.47 
1433 15.0569 4.34077 0.494364 -0.00214164 0.47 
534 20.1948 0.970042 0.372638 0.0188463 0.47 
711 21.0761 1.7601 0.476417 -0.0326484 0.47 
1677 18.2785 8.97262 0.46184 -0.0175455 0.47 
781 19.8448 6.56276 0.483227 -0.0426674 0.47 
485 21.5202 5.67292 0.491965 -0.0104377 0.47 
1246 17.2463 8.45057 0.467809 0.0270053 0.47 
158 14.7354 3.40811 0.473706 -0.0450675 0.47 
838 16.1077 8.19608 0.460754 0.00392653 0.47 
101 17.3344 4.53811 0.485397 -0.0125764 0.47 
1668 16.7629 7.71697 0.475558 0.0198814 0.47 
334 21.683 1.47439 0.473704 -0.00744473 0.47 
1585 19.8597 0.615609 0.357555 -0.00810643 0.47 
1586 22.4605 0.663349 0.335696 0.010554 0.47 
1588 25.9806 9.03905 0.346543 -0.0181382 0.47 
1559 15.8463 2.67822 0.482607 -0.00355029 0.47 
1593 25.1923 8.8972 0.339937 0.00536527 0.47 
518 14.9056 2.26366 0.471324 -0.0299121 0.47 
1600 23.3757 1.6314 0.428499 -0.000766975 0.47 
1601 24.043 7.83564 0.4592 -0.0103675 0.47 
1206 14.3192 3.1562 0.470933 -0.031395 0.47 
1605 23.803 1.69277 0.425374 -0.00763064 0.47 
102 19.1958 3.30697 0.496283 -0.0226092 0.47 
623 18.4314 5.94223 0.480875 -0.0540698 0.47 
1612 24.6689 1.73867 0.426303 -0.023685 0.47 
502 18.8392 8.01516 0.482114 -0.049038 0.47 
1674 24.6164 0.972342 0.392646 -0.0226688 0.47 
1617 23.695 8.24324 0.453675 -0.00257527 0.47 
1618 22.0462 0.626323 0.331712 -0.00817897 0.47 
813 21.8255 4.53917 0.478353 -0.00756557 0.47 
265 22.1213 7.13537 0.479117 0.016982 0.47 
1626 24.0027 3.15892 0.484599 0.00221553 0.47 
1628 25.7327 9.41293 0.320141 -0.0147582 0.47 
1629 21.2131 0.645929 0.344322 -0.0213958 0.47 
1631 24.1567 7.04428 0.481395 -0.0163479 0.47 
1637 24.8643 6.59162 0.480591 -0.00917288 0.47 
475 20.6544 0.989281 0.379976 0.00369453 0.47 
349 20.6962 5.80647 0.494958 -0.0217814 0.47 
429 19.4247 5.84771 0.486657 -0.0373894 0.47 
1507 18.4604 8.18749 0.490228 -0.0281903 0.47 
1490 18.1227 8.60755 0.461609 -0.0197692 0.47 
44 14.6095 6.40964 0.481842 -0.0188171 0.47 
1010 14.5922 5.65226 0.475509 -0.0212883 0.47 
56 14.1262 9.40326 0.339488 -0.00733722 0.47 
810 14.1697 6.41631 0.482511 -0.0159338 0.47 
245 14.1608 5.69435 0.478178 -0.0281477 0.47 