2 116.36 
730 18.04 
4 -76.51 
1527 -22.28 
1056 -18.04 
558 -121.20 
18 -70.98 
1097 -10.34 
1052 -69.46 
876 67.36 
27 -17.16 
33 65.29 
1275 -90.36 
1331 -5.59 
36 16.74 
39 63.01 
40 -59.65 
41 6.56 
1235 -167.43 
521 82.46 
886 108.16 
49 37.58 
93 -2.65 
53 -130.20 
55 416.99 
1002 8.49 
1535 70.45 
177 -46.26 
428 -83.81 
856 3.57 
77 -42.07 
78 -46.16 
436 -15.65 
92 -210.24 
95 -64.47 
96 -0.22 
1323 -245.94 
1119 -8.00 
894 -17.99 
1224 -46.60 
109 -114.70 
114 -19.90 
1272 -10.51 
1450 -2.87 
123 -131.63 
194 -114.08 
133 104.65 
457 71.34 
139 10.27 
142 5.30 
144 -91.93 
1320 -100.19 
1177 -100.19 
151 -5.80 
165 15.15 
159 -0.48 
161 -98.06 
163 6.79 
164 11.59 
336 -34.50 
1264 3.79 
168 -18.84 
172 -145.52 
178 -12.58 
179 8.51 
185 -44.27 
186 22.12 
9 -120.31 
118 48.70 
192 -264.65 
193 -150.23 
195 9.53 
64 -13.92 
197 167.80 
199 -28.07 
200 -136.29 
774 150.64 
202 45.43 
204 75.00 
1173 -7.21 
211 -61.90 
392 -28.11 
217 155.98 
218 62.71 
219 104.34 
223 50.41 
1429 50.41 
227 114.31 
890 -101.79 
1505 -107.73 
1650 -15.54 
1529 -130.92 
1100 10.60 
1142 5.07 
246 28.12 
580 99.84 
249 -63.26 
384 -7.87 
1498 100.96 
17 54.18 
94 54.18 
259 -63.80 
1515 -70.88 
170 13.67 
1404 105.85 
271 -50.28 
272 -11.89 
1625 17.69 
637 -3.10 
280 56.88 
281 106.72 
282 113.31 
388 17.95 
286 -11.29 
833 -49.92 
289 -27.83 
546 -12.61 
294 8.28 
1291 -8.25 
299 -79.06 
729 -79.06 
433 6.75 
305 33.20 
306 16.29 
308 54.02 
310 26.52 
311 37.35 
312 51.13 
628 -64.47 
389 -20.90 
157 -55.11 
320 16.33 
321 -10.45 
324 59.88 
325 -7.14 
14 31.13 
328 -149.79 
329 -74.28 
331 5.07 
63 -123.25 
337 -100.72 
338 0.95 
342 137.22 
348 -248.00 
1220 -156.10 
1464 -94.88 
1363 -12.56 
970 -24.62 
135 -23.73 
374 -74.68 
1497 49.25 
377 34.43 
689 -28.10 
848 16.08 
1316 16.08 
1412 -56.11 
387 -18.43 
390 -129.87 
391 63.64 
174 29.65 
396 -143.70 
398 -39.06 
1185 5.30 
400 -32.74 
345 -32.74 
408 8.79 
409 -156.45 
410 -18.61 
413 1.35 
419 6.97 
565 63.38 
425 22.62 
737 -79.81 
427 62.39 
611 -54.94 
434 45.06 
1423 -5.89 
171 0.49 
642 -7.31 
1009 -88.81 
449 -11.15 
1021 -70.72 
382 3.92 
1525 64.95 
1223 85.42 
456 -6.28 
458 -36.18 
462 208.13 
1207 -148.82 
836 -31.59 
28 29.18 
469 -38.76 
473 47.41 
474 -69.73 
1181 -7.66 
1244 9.00 
1418 9.00 
482 -40.17 
483 6.03 
461 -57.57 
517 4.44 
244 -2.64 
489 -11.94 
490 -91.96 
491 -160.96 
493 11.30 
499 -18.34 
950 4.61 
347 10.35 
1182 -39.86 
1485 -23.36 
509 -39.05 
510 15.06 
511 -134.91 
1569 -163.96 
1311 48.19 
397 104.15 
1279 5.16 
620 11.44 
523 -49.87 
524 -208.52 
527 12.69 
937 -1.28 
530 7.98 
88 -6.45 
647 124.64 
535 -134.82 
907 3.54 
539 80.08 
1314 11.70 
541 -232.76 
545 0.43 
1408 53.17 
966 -4.14 
1033 -3.08 
552 115.41 
905 77.65 
1236 17.77 
561 76.03 
1403 -3.40 
1222 51.36 
111 -10.34 
1472 -148.65 
571 -29.41 
573 58.06 
578 -92.74 
42 -80.80 
8 140.28 
586 -74.12 
589 5.76 
60 9.46 
1611 -25.40 
754 -75.21 
595 -9.13 
683 59.91 
599 -71.67 
891 35.97 
333 -150.75 
615 -92.21 
1227 -110.59 
617 -19.21 
1317 36.99 
619 -248.12 
621 -226.90 
1481 37.61 
625 0.92 
626 -35.25 
627 -23.15 
207 11.21 
634 -40.61 
610 -1.25 
643 -119.50 
644 -188.98 
837 -63.06 
651 6.71 
446 14.67 
656 -11.67 
657 -72.67 
658 -20.57 
665 -27.03 
668 106.50 
1422 -63.28 
674 10.41 
581 -118.33 
678 -0.59 
682 44.25 
684 -301.81 
686 -61.96 
687 44.87 
492 -25.49 
691 14.71 
1263 70.98 
10 -126.74 
694 5.02 
695 38.07 
698 -21.37 
983 12.76 
700 66.77 
583 17.67 
1494 -42.59 
1063 2.88 
979 31.02 
1171 -12.70 
1229 -61.64 
248 -154.75 
908 -14.57 
724 -170.04 
727 -7.59 
728 70.76 
1122 135.24 
1619 -34.44 
851 11.90 
742 -28.50 
842 26.76 
745 -22.78 
750 -66.57 
751 -11.16 
812 -18.72 
755 -96.02 
759 28.98 
760 4.65 
176 4.46 
763 -14.66 
1153 -50.01 
314 -209.57 
775 -92.58 
1330 -56.68 
778 53.43 
780 -26.79 
1335 10.52 
784 100.21 
553 -43.67 
222 -43.67 
787 -20.12 
788 -58.63 
1461 17.52 
1068 -66.58 
593 -46.75 
799 -13.28 
817 34.22 
806 -7.36 
1092 -214.31 
1667 -55.43 
955 -23.22 
16 4.47 
945 7.19 
814 -4.17 
832 -66.11 
597 -66.18 
183 49.02 
909 -52.26 
673 -6.76 
252 -78.67 
853 100.93 
854 -8.51 
855 73.21 
858 -86.50 
861 -39.87 
864 -65.32 
1578 -65.32 
870 -7.63 
873 16.53 
1242 112.55 
110 -11.99 
879 30.92 
238 -19.06 
883 17.87 
884 61.10 
885 -14.79 
395 -74.75 
892 -40.49 
572 -26.62 
896 -247.53 
897 -2.34 
918 -3.17 
901 33.95 
906 22.50 
996 5.54 
977 3.21 
1358 0.33 
920 -43.45 
921 56.35 
923 52.59 
926 39.94 
416 19.55 
929 -3.30 
326 -5.38 
932 170.44 
1565 14.01 
940 -28.82 
690 72.93 
943 -95.23 
944 8.37 
205 -359.71 
1095 -45.06 
30 -129.31 
952 113.21 
371 -9.66 
741 -14.97 
285 -121.50 
1336 -99.92 
129 -222.27 
448 -59.35 
974 -6.98 
975 103.52 
506 18.17 
156 -5.83 
1105 -128.95 
986 -5.35 
988 -156.17 
532 31.10 
993 42.95 
995 -36.11 
739 39.09 
999 -92.40 
235 20.12 
300 50.66 
1570 64.59 
1051 -2.61 
1013 -53.16 
1015 60.55 
645 -43.70 
1228 -11.59 
936 -0.41 
1189 -65.38 
1022 -284.46 
1024 -41.15 
1026 37.37 
1029 -7.09 
1196 38.57 
1034 29.86 
121 -160.14 
579 58.36 
237 -16.35 
1041 32.28 
1671 73.22 
602 -21.56 
1044 1.17 
1045 57.59 
1046 9.17 
968 -89.90 
1048 -54.70 
933 30.18 
351 -47.44 
1054 57.63 
1060 -100.37 
423 54.04 
1616 12.26 
1000 -30.86 
1066 21.16 
290 -25.54 
276 -25.54 
1074 -2.41 
1202 61.18 
1076 -158.04 
292 -38.74 
1080 -10.19 
762 -26.41 
1376 -64.99 
106 8.05 
126 -68.52 
1087 -3.72 
1090 -26.86 
629 35.20 
1102 -124.29 
1652 6.39 
173 63.48 
1110 -78.28 
1136 -24.44 
120 66.86 
677 -17.16 
1231 99.45 
1121 -3.22 
1123 -141.32 
1125 -21.24 
653 -96.12 
791 39.32 
898 13.55 
1143 -56.86 
1053 0.76 
1145 -5.11 
1147 -29.27 
1149 -217.80 
834 -31.82 
1521 5.10 
725 -31.35 
744 -125.61 
800 64.61 
1163 -1.27 
1020 -67.68 
1166 30.35 
1567 -83.86 
963 86.22 
146 29.18 
1106 -96.74 
635 19.03 
405 91.29 
1183 -1.58 
466 -117.68 
1186 -237.24 
1190 11.54 
863 -31.95 
1193 18.96 
1194 34.90 
1248 -54.57 
1148 77.26 
1201 -85.34 
704 -10.39 
406 -1.60 
360 114.20 
84 11.23 
1209 -173.30 
1212 -155.45 
783 -10.92 
636 -67.44 
1217 -21.26 
1250 -18.43 
1219 85.20 
697 -102.99 
1234 181.41 
1238 -102.64 
1239 -5.91 
1240 16.32 
1245 -48.95 
1165 20.87 
1247 119.59 
794 -16.19 
1256 -195.92 
1257 -9.62 
1538 9.03 
414 -32.99 
26 -3.06 
559 -53.81 
1270 57.30 
1277 -91.95 
1252 57.69 
1282 -109.72 
1289 14.14 
1290 9.69 
1292 90.49 
910 11.33 
422 92.32 
1298 -7.90 
1337 -17.90 
1390 124.26 
1301 5.06 
1302 24.86 
843 -32.81 
1305 101.26 
708 32.51 
841 7.34 
1192 -102.81 
1324 -143.70 
1327 111.11 
1436 1.20 
1334 43.36 
1339 43.68 
403 11.67 
69 -34.47 
1345 165.40 
1281 50.50 
332 0.21 
588 23.54 
1091 18.15 
1353 182.50 
1354 4.09 
1356 12.47 
1610 -10.60 
1025 108.35 
1364 40.62 
1365 -33.49 
1368 -90.90 
1133 123.42 
301 37.68 
1414 133.39 
1373 48.87 
587 16.19 
1381 -17.95 
1383 -25.59 
66 6.44 
1386 -262.07 
1388 -30.34 
925 -20.69 
867 -17.60 
140 -41.09 
1656 74.40 
1397 15.45 
1400 -11.69 
1402 28.12 
1405 -20.77 
1406 -141.06 
87 1.63 
275 -15.02 
264 9.31 
254 -46.56 
1416 -9.26 
1419 -23.15 
1420 -54.04 
1533 -22.83 
1158 36.67 
113 -60.94 
267 84.58 
1309 -211.86 
888 26.79 
1435 11.67 
1438 65.91 
880 -59.93 
1441 -2.70 
991 -0.91 
99 70.16 
1444 -106.56 
1 -25.02 
649 97.30 
1130 -24.11 
1556 -4.61 
1457 55.92 
1460 20.31 
1462 9.57 
1467 -186.73 
985 -186.73 
1470 -99.92 
1473 -134.28 
1475 -23.23 
76 56.63 
268 4.19 
1479 -257.24 
1664 -8.38 
1482 -12.78 
659 2.16 
1489 -94.11 
335 16.76 
415 -73.37 
1493 -3.53 
1495 -94.00 
1496 -230.43 
1504 5.04 
1265 -210.09 
904 -27.72 
1508 -156.91 
407 86.75 
459 10.57 
793 -128.08 
1514 83.97 
1516 45.34 
844 -3.86 
1519 -102.31 
1520 124.21 
1522 19.38 
1523 -98.75 
798 28.32 
1526 -187.88 
322 -128.37 
1531 88.06 
1532 30.30 
792 -166.22 
1539 -9.36 
1382 45.20 
38 -9.84 
1643 -112.64 
1550 -10.74 
1366 -2.29 
1035 6.93 
1293 -7.61 
31 -7.61 
850 -12.39 
65 4.36 
443 8.78 
1563 9.81 
994 -93.73 
1141 81.48 
1541 -9.05 
1574 31.22 
1576 -12.46 
1023 -25.61 
1580 -40.85 
1268 -30.28 
1274 11.23 
1232 -105.57 
1591 166.97 
661 -1.83 
1597 -3.17 
978 37.77 
585 -16.18 
136 -60.78 
1583 78.70 
1614 -0.27 
1620 51.26 
11 -20.11 
1622 -178.47 
1079 -10.28 
1549 -45.24 
356 -6.00 
1634 -12.10 
1635 -5.25 
13 -30.66 
1642 -186.02 
22 -91.53 
1646 -107.24 
1647 3.24 
340 -52.95 
756 23.48 
266 -156.28 
731 -59.08 
1659 11.39 
1660 -47.31 
1639 15.23 
454 -137.87 
263 -117.58 
1169 3.92 
1547 -147.71 
1673 -1.70 
1615 -61.97 
380 -14.57 
1167 -19.26 
1401 12.09 
1188 -82.18 
607 -0.41 
973 -314.08 
1638 7.57 
240 65.23 
990 -4.06 
1221 28.06 
618 -1.63 
1111 -1.13 
852 44.40 
1486 -8.25 
1568 23.64 
1006 -6.55 
15 7.77 
688 -49.50 
554 6.28 
258 -53.18 
21 37.87 
1595 -182.04 
23 156.58 
1084 3.99 
1679 -16.18 
304 -38.47 
494 34.52 
32 3.01 
1295 4.82 
1389 7.90 
43 -52.47 
748 122.53 
54 -83.25 
942 -162.30 
997 -60.67 
819 -141.67 
735 79.18 
1203 -12.97 
1606 8.01 
555 -23.05 
70 -353.69 
71 -56.73 
980 -203.01 
134 -20.68 
80 -46.10 
1440 6.90 
563 -252.68 
719 -105.38 
86 -117.11 
931 19.62 
516 -103.98 
25 0.22 
12 7.98 
845 -43.27 
100 -171.98 
103 -27.68 
260 -30.19 
692 -59.16 
1506 84.96 
520 -13.02 
112 18.80 
467 -37.81 
115 -83.17 
116 53.79 
1590 136.04 
362 96.21 
500 4.06 
124 16.66 
1249 29.76 
215 -103.21 
130 131.38 
131 -61.99 
122 -44.77 
1040 -131.09 
35 -6.24 
1604 122.11 
141 106.81 
143 32.78 
51 92.88 
150 -148.05 
924 51.48 
155 -37.02 
875 -71.02 
1613 -107.00 
1621 -6.88 
169 -36.90 
1480 1.07 
733 -12.41 
646 -23.77 
1134 17.54 
175 -51.22 
145 -17.36 
547 -252.00 
180 -82.09 
181 0.57 
1644 -5.71 
189 -4.22 
72 66.17 
1120 42.64 
444 -37.85 
209 -7.79 
213 33.79 
214 57.12 
1174 -14.46 
220 19.32 
221 56.82 
236 -25.45 
224 33.38 
138 -69.62 
234 -51.63 
464 7.82 
229 107.98 
1260 -179.46 
239 -13.43 
1630 -103.16 
243 -1.59 
881 -167.96 
399 -23.41 
1313 -57.49 
1649 78.47 
1342 192.74 
255 130.32 
262 254.18 
1004 12.26 
1333 -13.97 
1665 -135.39 
591 12.26 
270 -8.92 
273 216.23 
1603 13.84 
961 -12.42 
283 -161.08 
714 -174.74 
900 -3.62 
1357 18.81 
293 6.30 
296 -13.13 
127 2.28 
1180 -28.72 
232 -1.39 
307 21.55 
962 -5.29 
889 -123.75 
1195 184.59 
191 -18.28 
187 22.46 
895 52.12 
1178 -2.56 
723 16.10 
1116 -44.89 
344 -60.07 
1115 4.18 
346 -106.96 
1109 13.64 
350 -12.55 
253 -16.74 
353 -2.64 
354 -117.28 
1513 -6.91 
357 -20.20 
358 -32.83 
359 -151.47 
1426 -79.10 
361 -19.89 
364 -24.75 
367 -114.63 
368 -9.81 
543 -20.64 
1042 15.67 
373 -29.51 
376 -84.42 
1297 2.17 
1218 12.14 
47 -52.38 
570 76.08 
1047 7.01 
1086 -75.79 
256 -68.75 
393 140.00 
594 -12.10 
97 -217.48 
160 15.87 
753 -50.66 
1663 -152.66 
372 60.03 
1477 39.06 
1096 -46.96 
412 -133.93 
1395 39.52 
1164 -30.80 
707 -66.92 
417 -11.77 
998 -34.83 
420 101.34 
319 -63.51 
426 157.46 
424 16.05 
1082 -105.34 
431 90.87 
432 76.23 
1261 56.25 
548 37.69 
437 -158.01 
154 19.80 
439 -226.16 
1254 -32.74 
1349 82.29 
1303 -153.43 
550 -124.92 
452 -180.25 
1077 -299.94 
1651 -39.50 
1544 13.14 
460 13.66 
582 -17.03 
465 89.59 
228 -6.14 
119 14.70 
117 65.31 
476 -58.73 
477 -5.11 
1564 -89.21 
479 -91.99 
226 49.44 
1065 -16.62 
497 78.43 
1253 -152.27 
501 -15.06 
503 -521.04 
1537 6.26 
505 -15.76 
1225 -1.80 
274 51.91 
514 -4.50 
421 -20.22 
1346 -62.27 
1069 91.02 
528 -37.26 
1351 -35.07 
537 -243.57 
1280 8.97 
549 -22.78 
699 -146.33 
556 28.63 
538 3.63 
715 -90.90 
560 10.54 
562 -178.72 
1152 76.47 
487 -57.39 
327 19.56 
608 -115.65 
212 51.47 
480 -4.37 
522 -134.72 
386 -60.85 
827 -19.04 
1558 16.69 
375 5.14 
734 -222.50 
447 1.37 
919 37.95 
3 -232.99 
598 -9.23 
600 -22.28 
1655 8.45 
404 -6.20 
450 -5.39 
402 -35.36 
1410 61.14 
269 44.58 
612 -94.47 
613 -69.32 
1584 229.06 
622 73.27 
519 22.57 
1204 4.62 
630 13.04 
631 220.26 
632 11.06 
1581 -30.81 
761 -135.15 
24 -266.98 
639 29.60 
640 -247.03 
1561 20.03 
58 35.18 
1448 -233.58 
1371 -12.86 
614 -28.36 
1179 -22.90 
1425 2.38 
655 -18.62 
1101 68.95 
660 -159.51 
5 5.43 
1360 35.74 
928 86.88 
667 -77.17 
859 162.52 
670 -335.02 
1384 -40.61 
1543 -65.97 
675 71.53 
1016 130.37 
679 -4.67 
718 3.87 
435 -1.50 
685 -41.75 
949 -24.53 
1557 -26.48 
206 -11.79 
869 3.60 
703 51.98 
453 -124.21 
1413 -4.17 
1387 5.48 
710 6.71 
712 -22.93 
717 24.62 
721 75.34 
1540 88.06 
1073 1.50 
1385 -35.99 
1451 0.73 
732 -126.62 
736 -90.40 
981 40.90 
738 -178.21 
1168 26.99 
341 22.53 
1070 -8.13 
1300 -127.94 
747 -50.63 
749 -290.63 
705 -18.23 
1319 -67.88 
515 4.20 
757 161.93 
339 12.15 
1431 -22.71 
764 20.76 
987 34.93 
915 -86.86 
1039 -87.57 
50 -79.67 
513 -14.41 
773 -43.21 
1511 -60.15 
316 -18.80 
1057 -28.38 
947 35.87 
1670 5.39 
470 -45.38 
379 -90.75 
529 -0.07 
1552 -173.31 
797 57.05 
590 30.91 
772 -4.21 
801 119.13 
1216 103.72 
808 -33.22 
809 24.50 
1011 38.57 
196 68.36 
1132 14.02 
818 181.64 
820 -280.87 
821 110.58 
822 -85.86 
824 61.30 
825 -61.34 
828 -58.02 
829 -165.86 
830 426.94 
831 -49.08 
231 -337.18 
287 -51.12 
982 16.77 
75 -107.30 
839 9.26 
107 -21.64 
1524 4.15 
1208 -28.42 
566 -104.21 
666 -310.06 
771 20.04 
46 51.69 
1064 101.46 
1491 49.30 
857 94.57 
860 98.76 
862 -133.00 
166 -39.77 
662 -113.80 
507 18.84 
871 43.39 
872 48.59 
225 -6.20 
536 -13.55 
1050 39.24 
1359 0.47 
1150 -23.31 
1088 0.97 
74 -32.41 
917 1.45 
1037 184.91 
893 83.20 
1340 -22.19 
540 28.40 
624 17.49 
903 -22.66 
251 -0.36 
605 27.47 
1454 26.22 
878 96.53 
201 202.52 
1266 19.43 
911 -18.90 
914 -64.29 
29 0.33 
1161 46.35 
1453 -135.25 
1443 -33.29 
805 -75.07 
716 20.51 
951 -1.28 
488 15.21 
939 -1.05 
128 -8.18 
383 -18.14 
743 -9.29 
953 -25.83 
654 23.14 
957 201.07 
960 19.17 
604 0.58 
1627 -52.05 
291 122.06 
542 12.24 
486 -14.30 
971 52.38 
972 -28.86 
1432 -82.73 
394 -5.01 
564 -175.39 
343 23.36 
1018 16.16 
149 2.79 
989 -72.74 
1215 -8.75 
1078 56.12 
1117 7.91 
455 14.02 
840 -88.47 
1001 -15.24 
1452 50.11 
1003 -118.13 
1372 -10.96 
1560 18.79 
1012 42.95 
1014 47.12 
1019 -43.11 
1043 -34.21 
551 -0.59 
1636 -4.01 
1028 -154.53 
1031 -133.83 
533 -10.75 
7 -23.80 
1036 321.73 
1594 97.36 
1258 -105.22 
584 44.88 
1394 -235.34 
1226 -149.45 
804 54.99 
865 -71.65 
1287 18.18 
596 97.67 
935 5.11 
1632 -14.82 
1072 2.57 
1007 -36.82 
1081 183.10 
1089 -10.42 
1380 -134.21 
671 -104.58 
1093 46.89 
525 15.98 
776 -223.82 
1657 9.27 
1098 -55.30 
1170 25.55 
1103 -20.77 
303 -48.33 
1315 -23.48 
1049 -39.26 
1108 -9.91 
1113 22.67 
210 26.97 
61 -15.25 
1439 -1.66 
1276 -21.69 
1468 6.25 
108 -27.04 
1129 17.54 
633 -324.39 
1131 19.22 
1661 16.22 
1135 -339.16 
713 31.93 
1575 62.31 
261 -40.39 
1140 74.54 
1421 68.49 
1409 0.32 
1146 -4.77 
1530 0.82 
45 95.98 
789 -51.85 
1551 -26.72 
1157 -36.29 
1566 -141.84 
1653 -7.19 
1162 5.65 
965 -19.75 
1675 -98.64 
846 34.70 
1669 -44.69 
277 -93.75 
302 -3.68 
1672 220.74 
91 11.57 
959 36.64 
826 12.28 
20 177.54 
786 -141.13 
1318 -87.93 
1197 69.05 
1199 -1.89 
1200 -20.81 
1648 -13.61 
1348 -25.62 
233 -66.58 
1211 1.75 
1213 -209.84 
702 -11.39 
1032 76.59 
726 -76.92 
1633 -302.85 
1159 -95.85 
1411 -1.33 
34 -38.04 
1362 55.08 
954 162.49 
1518 -434.20 
1587 17.60 
378 -129.52 
1237 -22.17 
48 -41.76 
1680 -11.81 
1442 -191.25 
451 193.68 
641 -78.57 
790 20.72 
1085 4.82 
1259 58.17 
1017 -2.82 
616 -1.47 
365 -12.31 
1267 -4.76 
1144 108.59 
1205 -27.06 
496 15.53 
247 -37.44 
1608 25.67 
816 -238.38 
1299 -7.02 
1573 -44.50 
1283 -69.61 
1645 -202.56 
1285 23.66 
1623 -72.47 
927 50.31 
463 1.85 
956 187.57 
1191 -156.34 
298 -34.21 
1312 32.00 
1369 -180.00 
167 6.97 
1577 154.12 
1428 26.23 
1321 -389.23 
785 -205.33 
1325 -49.04 
471 -79.97 
1328 -126.04 
1172 -61.25 
1546 47.13 
1138 -0.32 
823 6.48 
1062 74.38 
318 -25.22 
1338 -12.24 
1341 70.20 
1344 -29.56 
1347 140.34 
430 -19.67 
1678 8.52 
1184 -10.05 
1361 30.10 
722 -9.11 
1654 35.07 
1367 -6.54 
1374 -65.30 
481 12.16 
835 9.86 
1352 31.06 
1592 -11.79 
1379 -121.63 
815 -445.28 
1478 3.63 
1391 173.11 
1393 -23.76 
284 10.43 
1399 -51.67 
508 9.05 
1396 50.09 
445 10.13 
1407 -119.62 
1658 -2.57 
1198 -18.73 
440 -55.84 
1415 91.33 
976 -173.47 
1370 -273.62 
1562 -43.84 
1424 185.37 
1427 3.22 
1127 -16.31 
567 22.83 
1434 -73.68 
1155 -95.55 
1446 8.90 
1449 31.87 
468 -16.55 
1624 -24.76 
1456 -19.62 
1458 40.01 
1459 -7.63 
1083 -29.41 
1137 -126.71 
601 -7.87 
1107 24.95 
1476 -41.63 
766 26.28 
323 -25.73 
746 -161.04 
1487 6.11 
1465 -4.44 
279 12.06 
1554 23.61 
569 39.39 
1501 15.33 
638 12.29 
1509 -252.87 
676 -139.45 
796 -76.05 
1075 183.04 
693 -41.22 
1528 8.27 
313 -7.07 
1534 -113.61 
1512 -61.93 
1536 -3.19 
1118 109.04 
912 -3.07 
1545 -4.99 
1517 6.05 
1548 7.79 
352 84.28 
242 -20.41 
1433 -107.73 
534 78.33 
711 -55.19 
1677 -382.65 
781 -17.21 
485 -5.25 
1246 -58.17 
158 -1.92 
838 -98.31 
101 -6.94 
1668 -12.72 
334 -252.52 
1585 -323.29 
1586 -14.61 
1588 37.75 
1559 -15.87 
1593 78.33 
518 -10.80 
1600 92.88 
1601 60.46 
1206 13.78 
1605 99.51 
102 -32.47 
623 -50.04 
1612 -35.07 
502 -109.79 
1674 -249.00 
1617 -217.24 
1618 -63.73 
813 86.01 
265 22.24 
1626 -55.19 
1628 -37.78 
1629 -98.96 
1631 -64.33 
1637 7.31 
475 109.17 
349 -54.38 
429 38.24 
1507 -137.34 
1490 108.88 
44 -9.65 
1010 16.43 
56 -37.96 
810 -2.55 
245 45.70 