-0.050000 1.000000
-0.049000 1.000000
-0.048000 1.000000
-0.047000 1.000000
-0.046000 1.000000
-0.045000 1.000000
-0.044000 1.000000
-0.043000 1.000000
-0.042000 1.000000
-0.041000 1.000000
-0.040000 1.000000
-0.039000 1.000000
-0.038000 1.000000
-0.037000 1.000000
-0.036000 1.000000
-0.035000 1.000000
-0.034000 1.000000
-0.033000 1.000000
-0.032000 1.000000
-0.031000 1.000000
-0.030000 1.000000
-0.029000 1.000000
-0.028000 1.000000
-0.027000 1.000000
-0.026000 1.000000
-0.025000 1.000000
-0.024000 1.000000
-0.023000 1.000000
-0.022000 1.000000
-0.021000 1.000000
-0.020000 1.000000
-0.019000 1.000000
-0.018000 1.000000
-0.017000 1.000000
-0.016000 1.000000
-0.015000 1.000000
-0.014000 1.000000
-0.013000 1.000000
-0.012000 1.000000
-0.011000 1.000000
-0.010000 1.000000
-0.009000 1.000000
-0.008000 1.000000
-0.007000 1.000000
-0.006000 1.000000
-0.005000 1.000000
-0.004000 1.000000
-0.003000 1.000000
-0.002000 1.000000
-0.001000 1.000000
0.000000 1.000000
0.001000 1.000900
0.002000 1.001800
0.003000 1.002700
0.004000 1.003600
0.005000 1.004500
0.006000 1.005400
0.007000 1.006300
0.008000 1.007200
0.009000 1.008100
0.010000 1.009000
0.011000 1.009900
0.012000 1.010800
0.013000 1.011700
0.014000 1.012599
0.015000 1.013499
0.016000 1.014399
0.017000 1.015299
0.018000 1.016199
0.019000 1.017099
0.020000 1.017999
0.021000 1.018898
0.022000 1.019798
0.023000 1.020698
0.024000 1.021598
0.025000 1.022497
0.026000 1.023397
0.027000 1.024297
0.028000 1.025196
0.029000 1.026096
0.030000 1.026995
0.031000 1.027895
0.032000 1.028794
0.033000 1.029694
0.034000 1.030593
0.035000 1.031493
0.036000 1.032392
0.037000 1.033291
0.038000 1.034191
0.039000 1.035090
0.040000 1.035989
0.041000 1.036889
0.042000 1.037788
0.043000 1.038687
0.044000 1.039586
0.045000 1.040485
0.046000 1.041384
0.047000 1.042283
0.048000 1.043182
0.049000 1.044081
0.050000 1.044980
0.051000 1.045879
0.052000 1.046778
0.053000 1.047676
0.054000 1.048575
0.055000 1.049474
0.056000 1.050372
0.057000 1.051271
0.058000 1.052170
0.059000 1.053068
0.060000 1.053967
0.061000 1.054865
0.062000 1.055763
0.063000 1.056662
0.064000 1.057560
0.065000 1.058458
0.066000 1.059357
0.067000 1.060255
0.068000 1.061153
0.069000 1.062051
0.070000 1.062949
0.071000 1.063847
0.072000 1.064745
0.073000 1.065643
0.074000 1.066541
0.075000 1.067438
0.076000 1.068336
0.077000 1.069234
0.078000 1.070131
0.079000 1.071029
0.080000 1.071926
0.081000 1.072824
0.082000 1.073721
0.083000 1.074619
0.084000 1.075516
0.085000 1.076413
0.086000 1.077310
0.087000 1.078208
0.088000 1.079105
0.089000 1.080002
0.090000 1.080899
0.091000 1.081796
0.092000 1.082693
0.093000 1.083589
0.094000 1.084486
0.095000 1.085383
0.096000 1.086280
0.097000 1.087176
0.098000 1.088073
0.099000 1.088969
0.100000 1.089866
0.101000 1.090762
0.102000 1.091658
0.103000 1.092555
0.104000 1.093451
0.105000 1.094347
0.106000 1.095243
0.107000 1.096139
0.108000 1.097035
0.109000 1.097931
0.110000 1.098827
0.111000 1.099722
0.112000 1.100618
0.113000 1.101514
0.114000 1.102409
0.115000 1.103305
0.116000 1.104200
0.117000 1.105096
0.118000 1.105991
0.119000 1.106887
0.120000 1.107782
0.121000 1.108677
0.122000 1.109572
0.123000 1.110467
0.124000 1.111362
0.125000 1.112257
0.126000 1.113152
0.127000 1.114047
0.128000 1.114941
0.129000 1.115836
0.130000 1.116731
0.131000 1.117625
0.132000 1.118520
0.133000 1.119414
0.134000 1.120309
0.135000 1.121203
0.136000 1.122097
0.137000 1.122991
0.138000 1.123885
0.139000 1.124779
0.140000 1.125673
0.141000 1.126567
0.142000 1.127461
0.143000 1.128355
0.144000 1.129249
0.145000 1.130142
0.146000 1.131036
0.147000 1.131929
0.148000 1.132823
0.149000 1.133716
0.150000 1.134609
0.151000 1.135503
0.152000 1.136396
0.153000 1.137289
0.154000 1.138182
0.155000 1.139075
0.156000 1.139968
0.157000 1.140861
0.158000 1.141753
0.159000 1.142646
0.160000 1.143539
0.161000 1.144431
0.162000 1.145324
0.163000 1.146216
0.164000 1.147109
0.165000 1.148001
0.166000 1.148893
0.167000 1.149785
0.168000 1.150677
0.169000 1.151569
0.170000 1.152461
0.171000 1.153353
0.172000 1.154245
0.173000 1.155137
0.174000 1.156028
0.175000 1.156920
0.176000 1.157811
0.177000 1.158703
0.178000 1.159594
0.179000 1.160486
0.180000 1.161377
0.181000 1.162268
0.182000 1.163159
0.183000 1.164050
0.184000 1.164941
0.185000 1.165832
0.186000 1.166723
0.187000 1.167614
0.188000 1.168504
0.189000 1.169395
0.190000 1.170285
0.191000 1.171176
0.192000 1.172066
0.193000 1.172957
0.194000 1.173847
0.195000 1.174737
0.196000 1.175627
0.197000 1.176517
0.198000 1.177407
0.199000 1.178297
0.200000 1.179187
0.201000 1.180077
0.202000 1.180966
0.203000 1.181856
0.204000 1.182745
0.205000 1.183635
0.206000 1.184524
0.207000 1.185413
0.208000 1.186303
0.209000 1.187192
0.210000 1.188081
0.211000 1.188970
0.212000 1.189859
0.213000 1.190748
0.214000 1.191637
0.215000 1.192525
0.216000 1.193414
0.217000 1.194303
0.218000 1.195191
0.219000 1.196080
0.220000 1.196968
0.221000 1.197856
0.222000 1.198744
0.223000 1.199633
0.224000 1.200521
0.225000 1.201409
0.226000 1.202297
0.227000 1.203184
0.228000 1.204072
0.229000 1.204960
0.230000 1.205848
0.231000 1.206735
0.232000 1.207623
0.233000 1.208510
0.234000 1.209397
0.235000 1.210285
0.236000 1.211172
0.237000 1.212059
0.238000 1.212946
0.239000 1.213833
0.240000 1.214720
0.241000 1.215606
0.242000 1.216493
0.243000 1.217380
0.244000 1.218266
0.245000 1.219153
0.246000 1.220039
0.247000 1.220926
0.248000 1.221812
0.249000 1.222698
0.250000 1.223584
0.251000 1.224470
0.252000 1.225356
0.253000 1.226242
0.254000 1.227128
0.255000 1.228014
0.256000 1.228900
0.257000 1.229785
0.258000 1.230671
0.259000 1.231556
0.260000 1.232442
0.261000 1.233327
0.262000 1.234212
0.263000 1.235097
0.264000 1.235982
0.265000 1.236867
0.266000 1.237752
0.267000 1.238637
0.268000 1.239522
0.269000 1.240407
0.270000 1.241291
0.271000 1.242176
0.272000 1.243060
0.273000 1.243945
0.274000 1.244829
0.275000 1.245713
0.276000 1.246597
0.277000 1.247482
0.278000 1.248366
0.279000 1.249249
0.280000 1.250133
0.281000 1.251017
0.282000 1.251901
0.283000 1.252784
0.284000 1.253668
0.285000 1.254552
0.286000 1.255435
0.287000 1.256318
0.288000 1.257202
0.289000 1.258085
0.290000 1.258968
0.291000 1.259851
0.292000 1.260734
0.293000 1.261617
0.294000 1.262499
0.295000 1.263382
0.296000 1.264265
0.297000 1.265147
0.298000 1.266030
0.299000 1.266912
0.300000 1.267795
0.301000 1.268677
0.302000 1.269559
0.303000 1.270441
0.304000 1.271323
0.305000 1.272205
0.306000 1.273087
0.307000 1.273969
0.308000 1.274851
0.309000 1.275732
0.310000 1.276614
0.311000 1.277495
0.312000 1.278377
0.313000 1.279258
0.314000 1.280139
0.315000 1.281020
0.316000 1.281902
0.317000 1.282783
0.318000 1.283664
0.319000 1.284544
0.320000 1.285425
0.321000 1.286306
0.322000 1.287187
0.323000 1.288067
0.324000 1.288948
0.325000 1.289828
0.326000 1.290708
0.327000 1.291589
0.328000 1.292469
0.329000 1.293349
0.330000 1.294229
0.331000 1.295109
0.332000 1.295989
0.333000 1.296869
0.334000 1.297748
0.335000 1.298628
0.336000 1.299507
0.337000 1.300387
0.338000 1.301266
0.339000 1.302146
0.340000 1.303025
0.341000 1.303904
0.342000 1.304783
0.343000 1.305662
0.344000 1.306541
0.345000 1.307420
0.346000 1.308299
0.347000 1.309178
0.348000 1.310056
0.349000 1.310935
0.350000 1.311813
0.351000 1.312692
0.352000 1.313570
0.353000 1.314448
0.354000 1.315326
0.355000 1.316204
0.356000 1.317082
0.357000 1.317960
0.358000 1.318838
0.359000 1.319716
0.360000 1.320594
0.361000 1.321471
0.362000 1.322349
0.363000 1.323226
0.364000 1.324104
0.365000 1.324981
0.366000 1.325858
0.367000 1.326736
0.368000 1.327613
0.369000 1.328490
0.370000 1.329367
0.371000 1.330243
0.372000 1.331120
0.373000 1.331997
0.374000 1.332873
0.375000 1.333750
0.376000 1.334626
0.377000 1.335503
0.378000 1.336379
0.379000 1.337255
0.380000 1.338132
0.381000 1.339008
0.382000 1.339884
0.383000 1.340760
0.384000 1.341635
0.385000 1.342511
0.386000 1.343387
0.387000 1.344262
0.388000 1.345138
0.389000 1.346013
0.390000 1.346889
0.391000 1.347764
0.392000 1.348639
0.393000 1.349514
0.394000 1.350389
0.395000 1.351264
0.396000 1.352139
0.397000 1.353014
0.398000 1.353889
0.399000 1.354764
0.400000 1.355638
0.401000 1.356513
0.402000 1.357387
0.403000 1.358262
0.404000 1.359136
0.405000 1.360010
0.406000 1.360884
0.407000 1.361758
0.408000 1.362632
0.409000 1.363506
0.410000 1.364380
0.411000 1.365254
0.412000 1.366127
0.413000 1.367001
0.414000 1.367874
0.415000 1.368748
0.416000 1.369621
0.417000 1.370494
0.418000 1.371368
0.419000 1.372241
0.420000 1.373114
0.421000 1.373987
0.422000 1.374860
0.423000 1.375732
0.424000 1.376605
0.425000 1.377478
0.426000 1.378350
0.427000 1.379223
0.428000 1.380095
0.429000 1.380968
0.430000 1.381840
0.431000 1.382712
0.432000 1.383584
0.433000 1.384456
0.434000 1.385328
0.435000 1.386200
0.436000 1.387072
0.437000 1.387944
0.438000 1.388815
0.439000 1.389687
0.440000 1.390558
0.441000 1.391430
0.442000 1.392301
0.443000 1.393172
0.444000 1.394043
0.445000 1.394914
0.446000 1.395785
0.447000 1.396656
0.448000 1.397527
0.449000 1.398398
0.450000 1.399269
0.451000 1.400139
0.452000 1.401010
0.453000 1.401880
0.454000 1.402751
0.455000 1.403621
0.456000 1.404491
0.457000 1.405362
0.458000 1.406232
0.459000 1.407102
0.460000 1.407972
0.461000 1.408841
0.462000 1.409711
0.463000 1.410581
0.464000 1.411451
0.465000 1.412320
0.466000 1.413190
0.467000 1.414059
0.468000 1.414928
0.469000 1.415797
0.470000 1.416667
0.471000 1.417536
0.472000 1.418405
0.473000 1.419274
0.474000 1.420142
0.475000 1.421011
0.476000 1.421880
0.477000 1.422748
0.478000 1.423617
0.479000 1.424485
0.480000 1.425354
0.481000 1.426222
0.482000 1.427090
0.483000 1.427959
0.484000 1.428827
0.485000 1.429695
0.486000 1.430562
0.487000 1.431430
0.488000 1.432298
0.489000 1.433166
0.490000 1.434033
0.491000 1.434901
0.492000 1.435768
0.493000 1.436636
0.494000 1.437503
0.495000 1.438370
0.496000 1.439237
0.497000 1.440104
0.498000 1.440971
0.499000 1.441838
0.500000 1.442705
0.501000 1.443572
0.502000 1.444439
0.503000 1.445305
0.504000 1.446172
0.505000 1.447038
0.506000 1.447904
0.507000 1.448771
0.508000 1.449637
0.509000 1.450503
0.510000 1.451369
0.511000 1.452235
0.512000 1.453101
0.513000 1.453967
0.514000 1.454833
0.515000 1.455698
0.516000 1.456564
0.517000 1.457429
0.518000 1.458295
0.519000 1.459160
0.520000 1.460025
0.521000 1.460891
0.522000 1.461756
0.523000 1.462621
0.524000 1.463486
0.525000 1.464351
0.526000 1.465215
0.527000 1.466080
0.528000 1.466945
0.529000 1.467809
0.530000 1.468674
0.531000 1.469538
0.532000 1.470403
0.533000 1.471267
0.534000 1.472131
0.535000 1.472995
0.536000 1.473859
0.537000 1.474723
0.538000 1.475587
0.539000 1.476451
0.540000 1.477315
0.541000 1.478178
0.542000 1.479042
0.543000 1.479906
0.544000 1.480769
0.545000 1.481632
0.546000 1.482496
0.547000 1.483359
0.548000 1.484222
0.549000 1.485085
0.550000 1.485948
0.551000 1.486811
0.552000 1.487674
0.553000 1.488536
0.554000 1.489399
0.555000 1.490262
0.556000 1.491124
0.557000 1.491986
0.558000 1.492849
0.559000 1.493711
0.560000 1.494573
0.561000 1.495435
0.562000 1.496297
0.563000 1.497159
0.564000 1.498021
0.565000 1.498883
0.566000 1.499745
0.567000 1.500607
0.568000 1.501468
0.569000 1.502330
0.570000 1.503191
0.571000 1.504052
0.572000 1.504914
0.573000 1.505775
0.574000 1.506636
0.575000 1.507497
0.576000 1.508358
0.577000 1.509219
0.578000 1.510080
0.579000 1.510940
0.580000 1.511801
0.581000 1.512662
0.582000 1.513522
0.583000 1.514383
0.584000 1.515243
0.585000 1.516103
0.586000 1.516963
0.587000 1.517824
0.588000 1.518684
0.589000 1.519544
0.590000 1.520404
0.591000 1.521263
0.592000 1.522123
0.593000 1.522983
0.594000 1.523842
0.595000 1.524702
0.596000 1.525561
0.597000 1.526421
0.598000 1.527280
0.599000 1.528139
0.600000 1.528998
0.601000 1.529857
0.602000 1.530716
0.603000 1.531575
0.604000 1.532434
0.605000 1.533293
0.606000 1.534151
0.607000 1.535010
0.608000 1.535869
0.609000 1.536727
0.610000 1.537585
0.611000 1.538444
0.612000 1.539302
0.613000 1.540160
0.614000 1.541018
0.615000 1.541876
0.616000 1.542734
0.617000 1.543592
0.618000 1.544450
0.619000 1.545307
0.620000 1.546165
0.621000 1.547022
0.622000 1.547880
0.623000 1.548737
0.624000 1.549595
0.625000 1.550452
0.626000 1.551309
0.627000 1.552166
0.628000 1.553023
0.629000 1.553880
0.630000 1.554737
0.631000 1.555593
0.632000 1.556450
0.633000 1.557307
0.634000 1.558163
0.635000 1.559020
0.636000 1.559876
0.637000 1.560732
0.638000 1.561589
0.639000 1.562445
0.640000 1.563301
0.641000 1.564157
0.642000 1.565013
0.643000 1.565869
0.644000 1.566725
0.645000 1.567580
0.646000 1.568436
0.647000 1.569291
0.648000 1.570147
0.649000 1.571002
0.650000 1.571858
0.651000 1.572713
0.652000 1.573568
0.653000 1.574423
0.654000 1.575278
0.655000 1.576133
0.656000 1.576988
0.657000 1.577843
0.658000 1.578698
0.659000 1.579552
0.660000 1.580407
0.661000 1.581261
0.662000 1.582116
0.663000 1.582970
0.664000 1.583824
0.665000 1.584678
0.666000 1.585533
0.667000 1.586387
0.668000 1.587241
0.669000 1.588094
0.670000 1.588948
0.671000 1.589802
0.672000 1.590656
0.673000 1.591509
0.674000 1.592363
0.675000 1.593216
0.676000 1.594070
0.677000 1.594923
0.678000 1.595776
0.679000 1.596629
0.680000 1.597482
0.681000 1.598335
0.682000 1.599188
0.683000 1.600041
0.684000 1.600894
0.685000 1.601746
0.686000 1.602599
0.687000 1.603452
0.688000 1.604304
0.689000 1.605156
0.690000 1.606009
0.691000 1.606861
0.692000 1.607713
0.693000 1.608565
0.694000 1.609417
0.695000 1.610269
0.696000 1.611121
0.697000 1.611973
0.698000 1.612824
0.699000 1.613676
0.700000 1.614528
0.701000 1.615379
0.702000 1.616230
0.703000 1.617082
0.704000 1.617933
0.705000 1.618784
0.706000 1.619635
0.707000 1.620486
0.708000 1.621337
0.709000 1.622188
0.710000 1.623039
0.711000 1.623890
0.712000 1.624740
0.713000 1.625591
0.714000 1.626441
0.715000 1.627292
0.716000 1.628142
0.717000 1.628992
0.718000 1.629843
0.719000 1.630693
0.720000 1.631543
0.721000 1.632393
0.722000 1.633243
0.723000 1.634093
0.724000 1.634942
0.725000 1.635792
0.726000 1.636642
0.727000 1.637491
0.728000 1.638341
0.729000 1.639190
0.730000 1.640039
0.731000 1.640889
0.732000 1.641738
0.733000 1.642587
0.734000 1.643436
0.735000 1.644285
0.736000 1.645134
0.737000 1.645982
0.738000 1.646831
0.739000 1.647680
0.740000 1.648528
0.741000 1.649377
0.742000 1.650225
0.743000 1.651073
0.744000 1.651922
0.745000 1.652770
0.746000 1.653618
0.747000 1.654466
0.748000 1.655314
0.749000 1.656162
0.750000 1.657010
0.751000 1.657857
0.752000 1.658705
0.753000 1.659553
0.754000 1.660400
0.755000 1.661248
0.756000 1.662095
0.757000 1.662942
0.758000 1.663790
0.759000 1.664637
0.760000 1.665484
0.761000 1.666331
0.762000 1.667178
0.763000 1.668025
0.764000 1.668871
0.765000 1.669718
0.766000 1.670565
0.767000 1.671411
0.768000 1.672258
0.769000 1.673104
0.770000 1.673950
0.771000 1.674797
0.772000 1.675643
0.773000 1.676489
0.774000 1.677335
0.775000 1.678181
0.776000 1.679027
0.777000 1.679873
0.778000 1.680718
0.779000 1.681564
0.780000 1.682410
0.781000 1.683255
0.782000 1.684101
0.783000 1.684946
0.784000 1.685791
0.785000 1.686636
0.786000 1.687482
0.787000 1.688327
0.788000 1.689172
0.789000 1.690017
0.790000 1.690861
0.791000 1.691706
0.792000 1.692551
0.793000 1.693396
0.794000 1.694240
0.795000 1.695085
0.796000 1.695929
0.797000 1.696773
0.798000 1.697618
0.799000 1.698462
0.800000 1.699306
0.801000 1.700150
0.802000 1.700994
0.803000 1.701838
0.804000 1.702682
0.805000 1.703525
0.806000 1.704369
0.807000 1.705213
0.808000 1.706056
0.809000 1.706900
0.810000 1.707743
0.811000 1.708586
0.812000 1.709429
0.813000 1.710273
0.814000 1.711116
0.815000 1.711959
0.816000 1.712802
0.817000 1.713645
0.818000 1.714487
0.819000 1.715330
0.820000 1.716173
0.821000 1.717015
0.822000 1.717858
0.823000 1.718700
0.824000 1.719543
0.825000 1.720385
0.826000 1.721227
0.827000 1.722069
0.828000 1.722911
0.829000 1.723753
0.830000 1.724595
0.831000 1.725437
0.832000 1.726279
0.833000 1.727120
0.834000 1.727962
0.835000 1.728804
0.836000 1.729645
0.837000 1.730486
0.838000 1.731328
0.839000 1.732169
0.840000 1.733010
0.841000 1.733851
0.842000 1.734692
0.843000 1.735533
0.844000 1.736374
0.845000 1.737215
0.846000 1.738056
0.847000 1.738896
0.848000 1.739737
0.849000 1.740577
0.850000 1.741418
0.851000 1.742258
0.852000 1.743099
0.853000 1.743939
0.854000 1.744779
0.855000 1.745619
0.856000 1.746459
0.857000 1.747299
0.858000 1.748139
0.859000 1.748979
0.860000 1.749818
0.861000 1.750658
0.862000 1.751498
0.863000 1.752337
0.864000 1.753176
0.865000 1.754016
0.866000 1.754855
0.867000 1.755694
0.868000 1.756533
0.869000 1.757372
0.870000 1.758211
0.871000 1.759050
0.872000 1.759889
0.873000 1.760728
0.874000 1.761567
0.875000 1.762405
0.876000 1.763244
0.877000 1.764082
0.878000 1.764921
0.879000 1.765759
0.880000 1.766597
0.881000 1.767436
0.882000 1.768274
0.883000 1.769112
0.884000 1.769950
0.885000 1.770788
0.886000 1.771625
0.887000 1.772463
0.888000 1.773301
0.889000 1.774138
0.890000 1.774976
0.891000 1.775814
0.892000 1.776651
0.893000 1.777488
0.894000 1.778325
0.895000 1.779163
0.896000 1.780000
0.897000 1.780837
0.898000 1.781674
0.899000 1.782511
0.900000 1.783347
0.901000 1.784184
0.902000 1.785021
0.903000 1.785857
0.904000 1.786694
0.905000 1.787530
0.906000 1.788367
0.907000 1.789203
0.908000 1.790039
0.909000 1.790876
0.910000 1.791712
0.911000 1.792548
0.912000 1.793384
0.913000 1.794220
0.914000 1.795055
0.915000 1.795891
0.916000 1.796727
0.917000 1.797562
0.918000 1.798398
0.919000 1.799233
0.920000 1.800069
0.921000 1.800904
0.922000 1.801739
0.923000 1.802574
0.924000 1.803409
0.925000 1.804244
0.926000 1.805079
0.927000 1.805914
0.928000 1.806749
0.929000 1.807584
0.930000 1.808418
0.931000 1.809253
0.932000 1.810088
0.933000 1.810922
0.934000 1.811756
0.935000 1.812591
0.936000 1.813425
0.937000 1.814259
0.938000 1.815093
0.939000 1.815927
0.940000 1.816761
0.941000 1.817595
0.942000 1.818429
0.943000 1.819262
0.944000 1.820096
0.945000 1.820930
0.946000 1.821763
0.947000 1.822597
0.948000 1.823430
0.949000 1.824263
0.950000 1.825096
0.951000 1.825930
0.952000 1.826763
0.953000 1.827596
0.954000 1.828429
0.955000 1.829262
0.956000 1.830094
0.957000 1.830927
0.958000 1.831760
0.959000 1.832592
0.960000 1.833425
0.961000 1.834257
0.962000 1.835090
0.963000 1.835922
0.964000 1.836754
0.965000 1.837586
0.966000 1.838418
0.967000 1.839250
0.968000 1.840082
0.969000 1.840914
0.970000 1.841746
0.971000 1.842578
0.972000 1.843409
0.973000 1.844241
0.974000 1.845072
0.975000 1.845904
0.976000 1.846735
0.977000 1.847567
0.978000 1.848398
0.979000 1.849229
0.980000 1.850060
0.981000 1.850891
0.982000 1.851722
0.983000 1.852553
0.984000 1.853384
0.985000 1.854214
0.986000 1.855045
0.987000 1.855876
0.988000 1.856706
0.989000 1.857537
0.990000 1.858367
0.991000 1.859197
0.992000 1.860027
0.993000 1.860858
0.994000 1.861688
0.995000 1.862518
0.996000 1.863348
0.997000 1.864178
0.998000 1.865007
0.999000 1.865837
1.000000 1.866667
1.001000 1.867496
1.002000 1.868326
1.003000 1.869155
1.004000 1.869985
1.005000 1.870814
1.006000 1.871643
1.007000 1.872472
1.008000 1.873302
1.009000 1.874131
1.010000 1.874960
1.011000 1.875788
1.012000 1.876617
1.013000 1.877446
1.014000 1.878275
1.015000 1.879103
1.016000 1.879932
1.017000 1.880760
1.018000 1.881589
1.019000 1.882417
1.020000 1.883245
1.021000 1.884073
1.022000 1.884902
1.023000 1.885730
1.024000 1.886558
1.025000 1.887385
1.026000 1.888213
1.027000 1.889041
1.028000 1.889869
1.029000 1.890696
1.030000 1.891524
1.031000 1.892351
1.032000 1.893179
1.033000 1.894006
1.034000 1.894833
1.035000 1.895661
1.036000 1.896488
1.037000 1.897315
1.038000 1.898142
1.039000 1.898969
1.040000 1.899796
1.041000 1.900622
1.042000 1.901449
1.043000 1.902276
1.044000 1.903102
1.045000 1.903929
1.046000 1.904755
1.047000 1.905582
1.048000 1.906408
1.049000 1.907234
1.050000 1.908060
1.051000 1.908886
1.052000 1.909712
1.053000 1.910538
1.054000 1.911364
1.055000 1.912190
1.056000 1.913016
1.057000 1.913841
1.058000 1.914667
1.059000 1.915492
1.060000 1.916318
1.061000 1.917143
1.062000 1.917968
1.063000 1.918794
1.064000 1.919619
1.065000 1.920444
1.066000 1.921269
1.067000 1.922094
1.068000 1.922919
1.069000 1.923744
1.070000 1.924568
1.071000 1.925393
1.072000 1.926218
1.073000 1.927042
1.074000 1.927867
1.075000 1.928691
1.076000 1.929515
1.077000 1.930340
1.078000 1.931164
1.079000 1.931988
1.080000 1.932812
1.081000 1.933636
1.082000 1.934460
1.083000 1.935284
1.084000 1.936107
1.085000 1.936931
1.086000 1.937755
1.087000 1.938578
1.088000 1.939402
1.089000 1.940225
1.090000 1.941049
1.091000 1.941872
1.092000 1.942695
1.093000 1.943518
1.094000 1.944341
1.095000 1.945164
1.096000 1.945987
1.097000 1.946810
1.098000 1.947633
1.099000 1.948456
1.100000 1.949278
1.101000 1.950101
1.102000 1.950923
1.103000 1.951746
1.104000 1.952568
1.105000 1.953391
1.106000 1.954213
1.107000 1.955035
1.108000 1.955857
1.109000 1.956679
1.110000 1.957501
1.111000 1.958323
1.112000 1.959145
1.113000 1.959967
1.114000 1.960788
1.115000 1.961610
1.116000 1.962431
1.117000 1.963253
1.118000 1.964074
1.119000 1.964896
1.120000 1.965717
1.121000 1.966538
1.122000 1.967359
1.123000 1.968180
1.124000 1.969001
1.125000 1.969822
1.126000 1.970643
1.127000 1.971464
1.128000 1.972285
1.129000 1.973105
1.130000 1.973926
1.131000 1.974746
1.132000 1.975567
1.133000 1.976387
1.134000 1.977208
1.135000 1.978028
1.136000 1.978848
1.137000 1.979668
1.138000 1.980488
1.139000 1.981308
1.140000 1.982128
1.141000 1.982948
1.142000 1.983768
1.143000 1.984587
1.144000 1.985407
1.145000 1.986226
1.146000 1.987046
1.147000 1.987865
1.148000 1.988685
1.149000 1.989504
1.150000 1.990323
1.151000 1.991142
1.152000 1.991961
1.153000 1.992780
1.154000 1.993599
1.155000 1.994418
1.156000 1.995237
1.157000 1.996056
1.158000 1.996874
1.159000 1.997693
1.160000 1.998511
1.161000 1.999330
1.162000 2.000148
1.163000 2.000967
1.164000 2.001785
1.165000 2.002603
1.166000 2.003421
1.167000 2.004239
1.168000 2.005057
1.169000 2.005875
1.170000 2.006693
1.171000 2.007511
1.172000 2.008328
1.173000 2.009146
1.174000 2.009964
1.175000 2.010781
1.176000 2.011598
1.177000 2.012416
1.178000 2.013233
1.179000 2.014050
1.180000 2.014867
1.181000 2.015685
1.182000 2.016502
1.183000 2.017319
1.184000 2.018135
1.185000 2.018952
1.186000 2.019769
1.187000 2.020586
1.188000 2.021402
1.189000 2.022219
1.190000 2.023035
1.191000 2.023852
1.192000 2.024668
1.193000 2.025484
1.194000 2.026300
1.195000 2.027117
1.196000 2.027933
1.197000 2.028749
1.198000 2.029565
1.199000 2.030380
1.200000 2.031196
1.201000 2.032012
1.202000 2.032828
1.203000 2.033643
1.204000 2.034459
1.205000 2.035274
1.206000 2.036090
1.207000 2.036905
1.208000 2.037720
1.209000 2.038535
1.210000 2.039350
1.211000 2.040165
1.212000 2.040980
1.213000 2.041795
1.214000 2.042610
1.215000 2.043425
1.216000 2.044240
1.217000 2.045054
1.218000 2.045869
1.219000 2.046683
1.220000 2.047498
1.221000 2.048312
1.222000 2.049126
1.223000 2.049941
1.224000 2.050755
1.225000 2.051569
1.226000 2.052383
1.227000 2.053197
1.228000 2.054011
1.229000 2.054825
1.230000 2.055638
1.231000 2.056452
1.232000 2.057266
1.233000 2.058079
1.234000 2.058893
1.235000 2.059706
1.236000 2.060519
1.237000 2.061333
1.238000 2.062146
1.239000 2.062959
1.240000 2.063772
1.241000 2.064585
1.242000 2.065398
1.243000 2.066211
1.244000 2.067024
1.245000 2.067837
1.246000 2.068649
1.247000 2.069462
1.248000 2.070274
1.249000 2.071087
1.250000 2.071899
1.251000 2.072712
1.252000 2.073524
1.253000 2.074336
1.254000 2.075148
1.255000 2.075960
1.256000 2.076772
1.257000 2.077584
1.258000 2.078396
1.259000 2.079208
1.260000 2.080020
1.261000 2.080831
1.262000 2.081643
1.263000 2.082454
1.264000 2.083266
1.265000 2.084077
1.266000 2.084889
1.267000 2.085700
1.268000 2.086511
1.269000 2.087322
1.270000 2.088133
1.271000 2.088944
1.272000 2.089755
1.273000 2.090566
1.274000 2.091377
1.275000 2.092188
1.276000 2.092998
1.277000 2.093809
1.278000 2.094619
1.279000 2.095430
1.280000 2.096240
1.281000 2.097051
1.282000 2.097861
1.283000 2.098671
1.284000 2.099481
1.285000 2.100291
1.286000 2.101101
1.287000 2.101911
1.288000 2.102721
1.289000 2.103531
1.290000 2.104340
1.291000 2.105150
1.292000 2.105960
1.293000 2.106769
1.294000 2.107579
1.295000 2.108388
1.296000 2.109197
1.297000 2.110007
1.298000 2.110816
1.299000 2.111625
1.300000 2.112434
1.301000 2.113243
1.302000 2.114052
1.303000 2.114861
1.304000 2.115670
1.305000 2.116478
1.306000 2.117287
1.307000 2.118096
1.308000 2.118904
1.309000 2.119712
1.310000 2.120521
1.311000 2.121329
1.312000 2.122137
1.313000 2.122946
1.314000 2.123754
1.315000 2.124562
1.316000 2.125370
1.317000 2.126178
1.318000 2.126986
1.319000 2.127793
1.320000 2.128601
1.321000 2.129409
1.322000 2.130216
1.323000 2.131024
1.324000 2.131831
1.325000 2.132639
1.326000 2.133446
1.327000 2.134253
1.328000 2.135061
1.329000 2.135868
1.330000 2.136675
1.331000 2.137482
1.332000 2.138289
1.333000 2.139095
1.334000 2.139902
1.335000 2.140709
1.336000 2.141516
1.337000 2.142322
1.338000 2.143129
1.339000 2.143935
1.340000 2.144742
1.341000 2.145548
1.342000 2.146354
1.343000 2.147160
1.344000 2.147967
1.345000 2.148773
1.346000 2.149579
1.347000 2.150385
1.348000 2.151190
1.349000 2.151996
1.350000 2.152802
1.351000 2.153608
1.352000 2.154413
1.353000 2.155219
1.354000 2.156024
1.355000 2.156830
1.356000 2.157635
1.357000 2.158440
1.358000 2.159245
1.359000 2.160051
1.360000 2.160856
1.361000 2.161661
1.362000 2.162466
1.363000 2.163271
1.364000 2.164075
1.365000 2.164880
1.366000 2.165685
1.367000 2.166489
1.368000 2.167294
1.369000 2.168098
1.370000 2.168903
1.371000 2.169707
1.372000 2.170511
1.373000 2.171316
1.374000 2.172120
1.375000 2.172924
1.376000 2.173728
1.377000 2.174532
1.378000 2.175336
1.379000 2.176140
1.380000 2.176943
1.381000 2.177747
1.382000 2.178551
1.383000 2.179354
1.384000 2.180158
1.385000 2.180961
1.386000 2.181765
1.387000 2.182568
1.388000 2.183371
1.389000 2.184174
1.390000 2.184977
1.391000 2.185780
1.392000 2.186583
1.393000 2.187386
1.394000 2.188189
1.395000 2.188992
1.396000 2.189795
1.397000 2.190597
1.398000 2.191400
1.399000 2.192202
1.400000 2.193005
1.401000 2.193807
1.402000 2.194609
1.403000 2.195412
1.404000 2.196214
1.405000 2.197016
1.406000 2.197818
1.407000 2.198620
1.408000 2.199422
1.409000 2.200224
1.410000 2.201026
1.411000 2.201827
1.412000 2.202629
1.413000 2.203431
1.414000 2.204232
1.415000 2.205034
1.416000 2.205835
1.417000 2.206636
1.418000 2.207438
1.419000 2.208239
1.420000 2.209040
1.421000 2.209841
1.422000 2.210642
1.423000 2.211443
1.424000 2.212244
1.425000 2.213045
1.426000 2.213845
1.427000 2.214646
1.428000 2.215447
1.429000 2.216247
1.430000 2.217048
1.431000 2.217848
1.432000 2.218649
1.433000 2.219449
1.434000 2.220249
1.435000 2.221049
1.436000 2.221849
1.437000 2.222649
1.438000 2.223449
1.439000 2.224249
1.440000 2.225049
1.441000 2.225849
1.442000 2.226649
1.443000 2.227448
1.444000 2.228248
1.445000 2.229047
1.446000 2.229847
1.447000 2.230646
1.448000 2.231446
1.449000 2.232245
1.450000 2.233044
1.451000 2.233843
1.452000 2.234642
1.453000 2.235441
1.454000 2.236240
1.455000 2.237039
1.456000 2.237838
1.457000 2.238636
1.458000 2.239435
1.459000 2.240234
1.460000 2.241032
1.461000 2.241831
1.462000 2.242629
1.463000 2.243428
1.464000 2.244226
1.465000 2.245024
1.466000 2.245822
1.467000 2.246620
1.468000 2.247418
1.469000 2.248216
1.470000 2.249014
1.471000 2.249812
1.472000 2.250610
1.473000 2.251407
1.474000 2.252205
1.475000 2.253003
1.476000 2.253800
1.477000 2.254598
1.478000 2.255395
1.479000 2.256192
1.480000 2.256990
1.481000 2.257787
1.482000 2.258584
1.483000 2.259381
1.484000 2.260178
1.485000 2.260975
1.486000 2.261772
1.487000 2.262569
1.488000 2.263365
1.489000 2.264162
1.490000 2.264959
1.491000 2.265755
1.492000 2.266552
1.493000 2.267348
1.494000 2.268144
1.495000 2.268941
1.496000 2.269737
1.497000 2.270533
1.498000 2.271329
1.499000 2.272125
1.500000 2.272921
1.501000 2.273717
1.502000 2.274513
1.503000 2.275309
1.504000 2.276104
1.505000 2.276900
1.506000 2.277695
1.507000 2.278491
1.508000 2.279286
1.509000 2.280082
1.510000 2.280877
1.511000 2.281672
1.512000 2.282468
1.513000 2.283263
1.514000 2.284058
1.515000 2.284853
1.516000 2.285648
1.517000 2.286443
1.518000 2.287237
1.519000 2.288032
1.520000 2.288827
1.521000 2.289621
1.522000 2.290416
1.523000 2.291211
1.524000 2.292005
1.525000 2.292799
1.526000 2.293594
1.527000 2.294388
1.528000 2.295182
1.529000 2.295976
1.530000 2.296770
1.531000 2.297564
1.532000 2.298358
1.533000 2.299152
1.534000 2.299946
1.535000 2.300739
1.536000 2.301533
1.537000 2.302327
1.538000 2.303120
1.539000 2.303914
1.540000 2.304707
1.541000 2.305500
1.542000 2.306294
1.543000 2.307087
1.544000 2.307880
1.545000 2.308673
1.546000 2.309466
1.547000 2.310259
1.548000 2.311052
1.549000 2.311845
1.550000 2.312638
1.551000 2.313430
1.552000 2.314223
1.553000 2.315015
1.554000 2.315808
1.555000 2.316600
1.556000 2.317393
1.557000 2.318185
1.558000 2.318977
1.559000 2.319770
1.560000 2.320562
1.561000 2.321354
1.562000 2.322146
1.563000 2.322938
1.564000 2.323730
1.565000 2.324521
1.566000 2.325313
1.567000 2.326105
1.568000 2.326896
1.569000 2.327688
1.570000 2.328480
1.571000 2.329271
1.572000 2.330062
1.573000 2.330854
1.574000 2.331645
1.575000 2.332436
1.576000 2.333227
1.577000 2.334018
1.578000 2.334809
1.579000 2.335600
1.580000 2.336391
1.581000 2.337182
1.582000 2.337972
1.583000 2.338763
1.584000 2.339554
1.585000 2.340344
1.586000 2.341135
1.587000 2.341925
1.588000 2.342716
1.589000 2.343506
1.590000 2.344296
1.591000 2.345086
1.592000 2.345876
1.593000 2.346666
1.594000 2.347456
1.595000 2.348246
1.596000 2.349036
1.597000 2.349826
1.598000 2.350616
1.599000 2.351405
1.600000 2.352195
1.601000 2.352984
1.602000 2.353774
1.603000 2.354563
1.604000 2.355353
1.605000 2.356142
1.606000 2.356931
1.607000 2.357720
1.608000 2.358509
1.609000 2.359298
1.610000 2.360087
1.611000 2.360876
1.612000 2.361665
1.613000 2.362454
1.614000 2.363243
1.615000 2.364031
1.616000 2.364820
1.617000 2.365608
1.618000 2.366397
1.619000 2.367185
1.620000 2.367974
1.621000 2.368762
1.622000 2.369550
1.623000 2.370338
1.624000 2.371126
1.625000 2.371914
1.626000 2.372702
1.627000 2.373490
1.628000 2.374278
1.629000 2.375066
1.630000 2.375853
1.631000 2.376641
1.632000 2.377429
1.633000 2.378216
1.634000 2.379004
1.635000 2.379791
1.636000 2.380578
1.637000 2.381366
1.638000 2.382153
1.639000 2.382940
1.640000 2.383727
1.641000 2.384514
1.642000 2.385301
1.643000 2.386088
1.644000 2.386875
1.645000 2.387662
1.646000 2.388448
1.647000 2.389235
1.648000 2.390022
1.649000 2.390808
1.650000 2.391594
1.651000 2.392381
1.652000 2.393167
1.653000 2.393953
1.654000 2.394740
1.655000 2.395526
1.656000 2.396312
1.657000 2.397098
1.658000 2.397884
1.659000 2.398670
1.660000 2.399456
1.661000 2.400241
1.662000 2.401027
1.663000 2.401813
1.664000 2.402598
1.665000 2.403384
1.666000 2.404169
1.667000 2.404955
1.668000 2.405740
1.669000 2.406525
1.670000 2.407310
1.671000 2.408096
1.672000 2.408881
1.673000 2.409666
1.674000 2.410451
1.675000 2.411236
1.676000 2.412020
1.677000 2.412805
1.678000 2.413590
1.679000 2.414375
1.680000 2.415159
1.681000 2.415944
1.682000 2.416728
1.683000 2.417512
1.684000 2.418297
1.685000 2.419081
1.686000 2.419865
1.687000 2.420649
1.688000 2.421434
1.689000 2.422218
1.690000 2.423002
1.691000 2.423785
1.692000 2.424569
1.693000 2.425353
1.694000 2.426137
1.695000 2.426920
1.696000 2.427704
1.697000 2.428488
1.698000 2.429271
1.699000 2.430054
1.700000 2.430838
1.701000 2.431621
1.702000 2.432404
1.703000 2.433187
1.704000 2.433970
1.705000 2.434754
1.706000 2.435536
1.707000 2.436319
1.708000 2.437102
1.709000 2.437885
1.710000 2.438668
1.711000 2.439450
1.712000 2.440233
1.713000 2.441016
1.714000 2.441798
1.715000 2.442580
1.716000 2.443363
1.717000 2.444145
1.718000 2.444927
1.719000 2.445709
1.720000 2.446492
1.721000 2.447274
1.722000 2.448056
1.723000 2.448837
1.724000 2.449619
1.725000 2.450401
1.726000 2.451183
1.727000 2.451965
1.728000 2.452746
1.729000 2.453528
1.730000 2.454309
1.731000 2.455091
1.732000 2.455872
1.733000 2.456653
1.734000 2.457435
1.735000 2.458216
1.736000 2.458997
1.737000 2.459778
1.738000 2.460559
1.739000 2.461340
1.740000 2.462121
1.741000 2.462901
1.742000 2.463682
1.743000 2.464463
1.744000 2.465244
1.745000 2.466024
1.746000 2.466805
1.747000 2.467585
1.748000 2.468365
1.749000 2.469146
1.750000 2.469926
1.751000 2.470706
1.752000 2.471486
1.753000 2.472266
1.754000 2.473046
1.755000 2.473826
1.756000 2.474606
1.757000 2.475386
1.758000 2.476166
1.759000 2.476945
1.760000 2.477725
1.761000 2.478505
1.762000 2.479284
1.763000 2.480064
1.764000 2.480843
1.765000 2.481622
1.766000 2.482402
1.767000 2.483181
1.768000 2.483960
1.769000 2.484739
1.770000 2.485518
1.771000 2.486297
1.772000 2.487076
1.773000 2.487855
1.774000 2.488634
1.775000 2.489412
1.776000 2.490191
1.777000 2.490970
1.778000 2.491748
1.779000 2.492527
1.780000 2.493305
1.781000 2.494083
1.782000 2.494862
1.783000 2.495640
1.784000 2.496418
1.785000 2.497196
1.786000 2.497974
1.787000 2.498752
1.788000 2.499530
1.789000 2.500308
1.790000 2.501086
1.791000 2.501864
1.792000 2.502641
1.793000 2.503419
1.794000 2.504196
1.795000 2.504974
1.796000 2.505751
1.797000 2.506529
1.798000 2.507306
1.799000 2.508083
1.800000 2.508861
1.801000 2.509638
1.802000 2.510415
1.803000 2.511192
1.804000 2.511969
1.805000 2.512746
1.806000 2.513522
1.807000 2.514299
1.808000 2.515076
1.809000 2.515853
1.810000 2.516629
1.811000 2.517406
1.812000 2.518182
1.813000 2.518959
1.814000 2.519735
1.815000 2.520511
1.816000 2.521287
1.817000 2.522064
1.818000 2.522840
1.819000 2.523616
1.820000 2.524392
1.821000 2.525168
1.822000 2.525943
1.823000 2.526719
1.824000 2.527495
1.825000 2.528271
1.826000 2.529046
1.827000 2.529822
1.828000 2.530597
1.829000 2.531373
1.830000 2.532148
1.831000 2.532923
1.832000 2.533699
1.833000 2.534474
1.834000 2.535249
1.835000 2.536024
1.836000 2.536799
1.837000 2.537574
1.838000 2.538349
1.839000 2.539124
1.840000 2.539898
1.841000 2.540673
1.842000 2.541448
1.843000 2.542222
1.844000 2.542997
1.845000 2.543771
1.846000 2.544546
1.847000 2.545320
1.848000 2.546094
1.849000 2.546869
1.850000 2.547643
1.851000 2.548417
1.852000 2.549191
1.853000 2.549965
1.854000 2.550739
1.855000 2.551513
1.856000 2.552286
1.857000 2.553060
1.858000 2.553834
1.859000 2.554607
1.860000 2.555381
1.861000 2.556155
1.862000 2.556928
1.863000 2.557701
1.864000 2.558475
1.865000 2.559248
1.866000 2.560021
1.867000 2.560794
1.868000 2.561567
1.869000 2.562340
1.870000 2.563113
1.871000 2.563886
1.872000 2.564659
1.873000 2.565432
1.874000 2.566205
1.875000 2.566977
1.876000 2.567750
1.877000 2.568522
1.878000 2.569295
1.879000 2.570067
1.880000 2.570840
1.881000 2.571612
1.882000 2.572384
1.883000 2.573156
1.884000 2.573928
1.885000 2.574700
1.886000 2.575472
1.887000 2.576244
1.888000 2.577016
1.889000 2.577788
1.890000 2.578560
1.891000 2.579331
1.892000 2.580103
1.893000 2.580875
1.894000 2.581646
1.895000 2.582418
1.896000 2.583189
1.897000 2.583960
1.898000 2.584732
1.899000 2.585503
1.900000 2.586274
1.901000 2.587045
1.902000 2.587816
1.903000 2.588587
1.904000 2.589358
1.905000 2.590129
1.906000 2.590900
1.907000 2.591670
1.908000 2.592441
1.909000 2.593212
1.910000 2.593982
1.911000 2.594753
1.912000 2.595523
1.913000 2.596293
1.914000 2.597064
1.915000 2.597834
1.916000 2.598604
1.917000 2.599374
1.918000 2.600144
1.919000 2.600914
1.920000 2.601684
1.921000 2.602454
1.922000 2.603224
1.923000 2.603994
1.924000 2.604764
1.925000 2.605533
1.926000 2.606303
1.927000 2.607072
1.928000 2.607842
1.929000 2.608611
1.930000 2.609381
1.931000 2.610150
1.932000 2.610919
1.933000 2.611688
1.934000 2.612457
1.935000 2.613226
1.936000 2.613995
1.937000 2.614764
1.938000 2.615533
1.939000 2.616302
1.940000 2.617071
1.941000 2.617840
1.942000 2.618608
1.943000 2.619377
1.944000 2.620145
1.945000 2.620914
1.946000 2.621682
1.947000 2.622451
1.948000 2.623219
1.949000 2.623987
1.950000 2.624755
1.951000 2.625523
1.952000 2.626291
1.953000 2.627059
1.954000 2.627827
1.955000 2.628595
1.956000 2.629363
1.957000 2.630131
1.958000 2.630898
1.959000 2.631666
1.960000 2.632434
1.961000 2.633201
1.962000 2.633969
1.963000 2.634736
1.964000 2.635503
1.965000 2.636271
1.966000 2.637038
1.967000 2.637805
1.968000 2.638572
1.969000 2.639339
1.970000 2.640106
1.971000 2.640873
1.972000 2.641640
1.973000 2.642407
1.974000 2.643173
1.975000 2.643940
1.976000 2.644707
1.977000 2.645473
1.978000 2.646240
1.979000 2.647006
1.980000 2.647773
1.981000 2.648539
1.982000 2.649305
1.983000 2.650071
1.984000 2.650838
1.985000 2.651604
1.986000 2.652370
1.987000 2.653136
1.988000 2.653902
1.989000 2.654667
1.990000 2.655433
1.991000 2.656199
1.992000 2.656965
1.993000 2.657730
1.994000 2.658496
1.995000 2.659261
1.996000 2.660027
1.997000 2.660792
1.998000 2.661557
1.999000 2.662323
2.000000 2.663088
2.001000 2.663853
2.002000 2.664618
2.003000 2.665383
2.004000 2.666148
2.005000 2.666913
2.006000 2.667678
2.007000 2.668443
2.008000 2.669207
2.009000 2.669972
2.010000 2.670737
2.011000 2.671501
2.012000 2.672266
2.013000 2.673030
2.014000 2.673795
2.015000 2.674559
2.016000 2.675323
2.017000 2.676087
2.018000 2.676852
2.019000 2.677616
2.020000 2.678380
2.021000 2.679144
2.022000 2.679908
2.023000 2.680671
2.024000 2.681435
2.025000 2.682199
2.026000 2.682963
2.027000 2.683726
2.028000 2.684490
2.029000 2.685253
2.030000 2.686017
2.031000 2.686780
2.032000 2.687543
2.033000 2.688307
2.034000 2.689070
2.035000 2.689833
2.036000 2.690596
2.037000 2.691359
2.038000 2.692122
2.039000 2.692885
2.040000 2.693648
2.041000 2.694411
2.042000 2.695173
2.043000 2.695936
2.044000 2.696699
2.045000 2.697461
2.046000 2.698224
2.047000 2.698986
2.048000 2.699749
2.049000 2.700511
2.050000 2.701273
2.051000 2.702035
2.052000 2.702798
2.053000 2.703560
2.054000 2.704322
2.055000 2.705084
2.056000 2.705846
2.057000 2.706607
2.058000 2.707369
2.059000 2.708131
2.060000 2.708893
2.061000 2.709654
2.062000 2.710416
2.063000 2.711177
2.064000 2.711939
2.065000 2.712700
2.066000 2.713462
2.067000 2.714223
2.068000 2.714984
2.069000 2.715745
2.070000 2.716506
2.071000 2.717267
2.072000 2.718028
2.073000 2.718789
2.074000 2.719550
2.075000 2.720311
2.076000 2.721072
2.077000 2.721832
2.078000 2.722593
2.079000 2.723354
2.080000 2.724114
2.081000 2.724875
2.082000 2.725635
2.083000 2.726395
2.084000 2.727156
2.085000 2.727916
2.086000 2.728676
2.087000 2.729436
2.088000 2.730196
2.089000 2.730956
2.090000 2.731716
2.091000 2.732476
2.092000 2.733236
2.093000 2.733996
2.094000 2.734755
2.095000 2.735515
2.096000 2.736274
2.097000 2.737034
2.098000 2.737793
2.099000 2.738553
2.100000 2.739312
2.101000 2.740072
2.102000 2.740831
2.103000 2.741590
2.104000 2.742349
2.105000 2.743108
2.106000 2.743867
2.107000 2.744626
2.108000 2.745385
2.109000 2.746144
2.110000 2.746903
2.111000 2.747661
2.112000 2.748420
2.113000 2.749179
2.114000 2.749937
2.115000 2.750696
2.116000 2.751454
2.117000 2.752212
2.118000 2.752971
2.119000 2.753729
2.120000 2.754487
2.121000 2.755245
2.122000 2.756003
2.123000 2.756761
2.124000 2.757519
2.125000 2.758277
2.126000 2.759035
2.127000 2.759793
2.128000 2.760551
2.129000 2.761308
2.130000 2.762066
2.131000 2.762823
2.132000 2.763581
2.133000 2.764338
2.134000 2.765096
2.135000 2.765853
2.136000 2.766610
2.137000 2.767368
2.138000 2.768125
2.139000 2.768882
2.140000 2.769639
2.141000 2.770396
2.142000 2.771153
2.143000 2.771910
2.144000 2.772667
2.145000 2.773423
2.146000 2.774180
2.147000 2.774937
2.148000 2.775693
2.149000 2.776450
2.150000 2.777206
2.151000 2.777963
2.152000 2.778719
2.153000 2.779475
2.154000 2.780231
2.155000 2.780988
2.156000 2.781744
2.157000 2.782500
2.158000 2.783256
2.159000 2.784012
2.160000 2.784768
2.161000 2.785523
2.162000 2.786279
2.163000 2.787035
2.164000 2.787791
2.165000 2.788546
2.166000 2.789302
2.167000 2.790057
2.168000 2.790813
2.169000 2.791568
2.170000 2.792323
2.171000 2.793079
2.172000 2.793834
2.173000 2.794589
2.174000 2.795344
2.175000 2.796099
2.176000 2.796854
2.177000 2.797609
2.178000 2.798364
2.179000 2.799119
2.180000 2.799873
2.181000 2.800628
2.182000 2.801383
2.183000 2.802137
2.184000 2.802892
2.185000 2.803646
2.186000 2.804401
2.187000 2.805155
2.188000 2.805909
2.189000 2.806663
2.190000 2.807418
2.191000 2.808172
2.192000 2.808926
2.193000 2.809680
2.194000 2.810434
2.195000 2.811188
2.196000 2.811941
2.197000 2.812695
2.198000 2.813449
2.199000 2.814203
2.200000 2.814956
2.201000 2.815710
2.202000 2.816463
2.203000 2.817217
2.204000 2.817970
2.205000 2.818723
2.206000 2.819477
2.207000 2.820230
2.208000 2.820983
2.209000 2.821736
2.210000 2.822489
2.211000 2.823242
2.212000 2.823995
2.213000 2.824748
2.214000 2.825501
2.215000 2.826253
2.216000 2.827006
2.217000 2.827759
2.218000 2.828511
2.219000 2.829264
2.220000 2.830016
2.221000 2.830768
2.222000 2.831521
2.223000 2.832273
2.224000 2.833025
2.225000 2.833778
2.226000 2.834530
2.227000 2.835282
2.228000 2.836034
2.229000 2.836786
2.230000 2.837538
2.231000 2.838289
2.232000 2.839041
2.233000 2.839793
2.234000 2.840544
2.235000 2.841296
2.236000 2.842048
2.237000 2.842799
2.238000 2.843551
2.239000 2.844302
2.240000 2.845053
2.241000 2.845805
2.242000 2.846556
2.243000 2.847307
2.244000 2.848058
2.245000 2.848809
2.246000 2.849560
2.247000 2.850311
2.248000 2.851062
2.249000 2.851813
2.250000 2.852563
2.251000 2.853314
2.252000 2.854065
2.253000 2.854815
2.254000 2.855566
2.255000 2.856316
2.256000 2.857067
2.257000 2.857817
2.258000 2.858567
2.259000 2.859317
2.260000 2.860068
2.261000 2.860818
2.262000 2.861568
2.263000 2.862318
2.264000 2.863068
2.265000 2.863818
2.266000 2.864568
2.267000 2.865317
2.268000 2.866067
2.269000 2.866817
2.270000 2.867566
2.271000 2.868316
2.272000 2.869065
2.273000 2.869815
2.274000 2.870564
2.275000 2.871314
2.276000 2.872063
2.277000 2.872812
2.278000 2.873561
2.279000 2.874310
2.280000 2.875059
2.281000 2.875808
2.282000 2.876557
2.283000 2.877306
2.284000 2.878055
2.285000 2.878804
2.286000 2.879553
2.287000 2.880301
2.288000 2.881050
2.289000 2.881798
2.290000 2.882547
2.291000 2.883295
2.292000 2.884044
2.293000 2.884792
2.294000 2.885540
2.295000 2.886288
2.296000 2.887037
2.297000 2.887785
2.298000 2.888533
2.299000 2.889281
2.300000 2.890029
2.301000 2.890777
2.302000 2.891524
2.303000 2.892272
2.304000 2.893020
2.305000 2.893767
2.306000 2.894515
2.307000 2.895263
2.308000 2.896010
2.309000 2.896757
2.310000 2.897505
2.311000 2.898252
2.312000 2.898999
2.313000 2.899747
2.314000 2.900494
2.315000 2.901241
2.316000 2.901988
2.317000 2.902735
2.318000 2.903482
2.319000 2.904229
2.320000 2.904975
2.321000 2.905722
2.322000 2.906469
2.323000 2.907215
2.324000 2.907962
2.325000 2.908709
2.326000 2.909455
2.327000 2.910201
2.328000 2.910948
2.329000 2.911694
2.330000 2.912440
2.331000 2.913187
2.332000 2.913933
2.333000 2.914679
2.334000 2.915425
2.335000 2.916171
2.336000 2.916917
2.337000 2.917662
2.338000 2.918408
2.339000 2.919154
2.340000 2.919900
2.341000 2.920645
2.342000 2.921391
2.343000 2.922136
2.344000 2.922882
2.345000 2.923627
2.346000 2.924373
2.347000 2.925118
2.348000 2.925863
2.349000 2.926608
2.350000 2.927353
2.351000 2.928098
2.352000 2.928843
2.353000 2.929588
2.354000 2.930333
2.355000 2.931078
2.356000 2.931823
2.357000 2.932568
2.358000 2.933312
2.359000 2.934057
2.360000 2.934802
2.361000 2.935546
2.362000 2.936290
2.363000 2.937035
2.364000 2.937779
2.365000 2.938524
2.366000 2.939268
2.367000 2.940012
2.368000 2.940756
2.369000 2.941500
2.370000 2.942244
2.371000 2.942988
2.372000 2.943732
2.373000 2.944476
2.374000 2.945220
2.375000 2.945963
2.376000 2.946707
2.377000 2.947451
2.378000 2.948194
2.379000 2.948938
2.380000 2.949681
2.381000 2.950424
2.382000 2.951168
2.383000 2.951911
2.384000 2.952654
2.385000 2.953398
2.386000 2.954141
2.387000 2.954884
2.388000 2.955627
2.389000 2.956370
2.390000 2.957113
2.391000 2.957855
2.392000 2.958598
2.393000 2.959341
2.394000 2.960084
2.395000 2.960826
2.396000 2.961569
2.397000 2.962311
2.398000 2.963054
2.399000 2.963796
2.400000 2.964538
2.401000 2.965281
2.402000 2.966023
2.403000 2.966765
2.404000 2.967507
2.405000 2.968249
2.406000 2.968991
2.407000 2.969733
2.408000 2.970475
2.409000 2.971217
2.410000 2.971959
2.411000 2.972701
2.412000 2.973442
2.413000 2.974184
2.414000 2.974925
2.415000 2.975667
2.416000 2.976408
2.417000 2.977150
2.418000 2.977891
2.419000 2.978632
2.420000 2.979374
2.421000 2.980115
2.422000 2.980856
2.423000 2.981597
2.424000 2.982338
2.425000 2.983079
2.426000 2.983820
2.427000 2.984561
2.428000 2.985301
2.429000 2.986042
2.430000 2.986783
2.431000 2.987523
2.432000 2.988264
2.433000 2.989005
2.434000 2.989745
2.435000 2.990485
2.436000 2.991226
2.437000 2.991966
2.438000 2.992706
2.439000 2.993447
2.440000 2.994187
2.441000 2.994927
2.442000 2.995667
2.443000 2.996407
2.444000 2.997147
2.445000 2.997886
2.446000 2.998626
2.447000 2.999366
2.448000 3.000106
2.449000 3.000845
2.450000 3.001585
2.451000 3.002324
2.452000 3.003064
2.453000 3.003803
2.454000 3.004543
2.455000 3.005282
2.456000 3.006021
2.457000 3.006760
2.458000 3.007500
2.459000 3.008239
2.460000 3.008978
2.461000 3.009717
2.462000 3.010456
2.463000 3.011194
2.464000 3.011933
2.465000 3.012672
2.466000 3.013411
2.467000 3.014149
2.468000 3.014888
2.469000 3.015626
2.470000 3.016365
2.471000 3.017103
2.472000 3.017842
2.473000 3.018580
2.474000 3.019318
2.475000 3.020056
2.476000 3.020795
2.477000 3.021533
2.478000 3.022271
2.479000 3.023009
2.480000 3.023747
2.481000 3.024485
2.482000 3.025222
2.483000 3.025960
2.484000 3.026698
2.485000 3.027435
2.486000 3.028173
2.487000 3.028911
2.488000 3.029648
2.489000 3.030386
2.490000 3.031123
2.491000 3.031860
2.492000 3.032598
2.493000 3.033335
2.494000 3.034072
2.495000 3.034809
2.496000 3.035546
2.497000 3.036283
2.498000 3.037020
2.499000 3.037757
2.500000 3.038494
2.501000 3.039231
2.502000 3.039967
2.503000 3.040704
2.504000 3.041441
2.505000 3.042177
2.506000 3.042914
2.507000 3.043650
2.508000 3.044386
2.509000 3.045123
2.510000 3.045859
2.511000 3.046595
2.512000 3.047331
2.513000 3.048068
2.514000 3.048804
2.515000 3.049540
2.516000 3.050276
2.517000 3.051012
2.518000 3.051747
2.519000 3.052483
2.520000 3.053219
2.521000 3.053955
2.522000 3.054690
2.523000 3.055426
2.524000 3.056161
2.525000 3.056897
2.526000 3.057632
2.527000 3.058368
2.528000 3.059103
2.529000 3.059838
2.530000 3.060573
2.531000 3.061309
2.532000 3.062044
2.533000 3.062779
2.534000 3.063514
2.535000 3.064249
2.536000 3.064983
2.537000 3.065718
2.538000 3.066453
2.539000 3.067188
2.540000 3.067922
2.541000 3.068657
2.542000 3.069392
2.543000 3.070126
2.544000 3.070860
2.545000 3.071595
2.546000 3.072329
2.547000 3.073063
2.548000 3.073798
2.549000 3.074532
2.550000 3.075266
2.551000 3.076000
2.552000 3.076734
2.553000 3.077468
2.554000 3.078202
2.555000 3.078936
2.556000 3.079670
2.557000 3.080403
2.558000 3.081137
2.559000 3.081871
2.560000 3.082604
2.561000 3.083338
2.562000 3.084071
2.563000 3.084805
2.564000 3.085538
2.565000 3.086271
2.566000 3.087004
2.567000 3.087738
2.568000 3.088471
2.569000 3.089204
2.570000 3.089937
2.571000 3.090670
2.572000 3.091403
2.573000 3.092136
2.574000 3.092868
2.575000 3.093601
2.576000 3.094334
2.577000 3.095067
2.578000 3.095799
2.579000 3.096532
2.580000 3.097264
2.581000 3.097997
2.582000 3.098729
2.583000 3.099461
2.584000 3.100194
2.585000 3.100926
2.586000 3.101658
2.587000 3.102390
2.588000 3.103122
2.589000 3.103854
2.590000 3.104586
2.591000 3.105318
2.592000 3.106050
2.593000 3.106782
2.594000 3.107513
2.595000 3.108245
2.596000 3.108977
2.597000 3.109708
2.598000 3.110440
2.599000 3.111171
2.600000 3.111903
2.601000 3.112634
2.602000 3.113365
2.603000 3.114097
2.604000 3.114828
2.605000 3.115559
2.606000 3.116290
2.607000 3.117021
2.608000 3.117752
2.609000 3.118483
2.610000 3.119214
2.611000 3.119945
2.612000 3.120675
2.613000 3.121406
2.614000 3.122137
2.615000 3.122867
2.616000 3.123598
2.617000 3.124328
2.618000 3.125059
2.619000 3.125789
2.620000 3.126519
2.621000 3.127250
2.622000 3.127980
2.623000 3.128710
2.624000 3.129440
2.625000 3.130170
2.626000 3.130900
2.627000 3.131630
2.628000 3.132360
2.629000 3.133090
2.630000 3.133820
2.631000 3.134550
2.632000 3.135279
2.633000 3.136009
2.634000 3.136739
2.635000 3.137468
2.636000 3.138198
2.637000 3.138927
2.638000 3.139656
2.639000 3.140386
2.640000 3.141115
2.641000 3.141844
2.642000 3.142573
2.643000 3.143302
2.644000 3.144031
2.645000 3.144760
2.646000 3.145489
2.647000 3.146218
2.648000 3.146947
2.649000 3.147676
2.650000 3.148405
2.651000 3.149133
2.652000 3.149862
2.653000 3.150590
2.654000 3.151319
2.655000 3.152047
2.656000 3.152776
2.657000 3.153504
2.658000 3.154232
2.659000 3.154961
2.660000 3.155689
2.661000 3.156417
2.662000 3.157145
2.663000 3.157873
2.664000 3.158601
2.665000 3.159329
2.666000 3.160057
2.667000 3.160785
2.668000 3.161512
2.669000 3.162240
2.670000 3.162968
2.671000 3.163695
2.672000 3.164423
2.673000 3.165151
2.674000 3.165878
2.675000 3.166605
2.676000 3.167333
2.677000 3.168060
2.678000 3.168787
2.679000 3.169514
2.680000 3.170241
2.681000 3.170969
2.682000 3.171696
2.683000 3.172423
2.684000 3.173149
2.685000 3.173876
2.686000 3.174603
2.687000 3.175330
2.688000 3.176057
2.689000 3.176783
2.690000 3.177510
2.691000 3.178236
2.692000 3.178963
2.693000 3.179689
2.694000 3.180416
2.695000 3.181142
2.696000 3.181868
2.697000 3.182594
2.698000 3.183321
2.699000 3.184047
2.700000 3.184773
2.701000 3.185499
2.702000 3.186225
2.703000 3.186951
2.704000 3.187677
2.705000 3.188402
2.706000 3.189128
2.707000 3.189854
2.708000 3.190579
2.709000 3.191305
2.710000 3.192030
2.711000 3.192756
2.712000 3.193481
2.713000 3.194207
2.714000 3.194932
2.715000 3.195657
2.716000 3.196383
2.717000 3.197108
2.718000 3.197833
2.719000 3.198558
2.720000 3.199283
2.721000 3.200008
2.722000 3.200733
2.723000 3.201458
2.724000 3.202182
2.725000 3.202907
2.726000 3.203632
2.727000 3.204356
2.728000 3.205081
2.729000 3.205805
2.730000 3.206530
2.731000 3.207254
2.732000 3.207979
2.733000 3.208703
2.734000 3.209427
2.735000 3.210152
2.736000 3.210876
2.737000 3.211600
2.738000 3.212324
2.739000 3.213048
2.740000 3.213772
2.741000 3.214496
2.742000 3.215219
2.743000 3.215943
2.744000 3.216667
2.745000 3.217391
2.746000 3.218114
2.747000 3.218838
2.748000 3.219561
2.749000 3.220285
2.750000 3.221008
2.751000 3.221732
2.752000 3.222455
2.753000 3.223178
2.754000 3.223901
2.755000 3.224625
2.756000 3.225348
2.757000 3.226071
2.758000 3.226794
2.759000 3.227517
2.760000 3.228240
2.761000 3.228962
2.762000 3.229685
2.763000 3.230408
2.764000 3.231131
2.765000 3.231853
2.766000 3.232576
2.767000 3.233298
2.768000 3.234021
2.769000 3.234743
2.770000 3.235465
2.771000 3.236188
2.772000 3.236910
2.773000 3.237632
2.774000 3.238354
2.775000 3.239077
2.776000 3.239799
2.777000 3.240521
2.778000 3.241242
2.779000 3.241964
2.780000 3.242686
2.781000 3.243408
2.782000 3.244130
2.783000 3.244851
2.784000 3.245573
2.785000 3.246295
2.786000 3.247016
2.787000 3.247738
2.788000 3.248459
2.789000 3.249180
2.790000 3.249902
2.791000 3.250623
2.792000 3.251344
2.793000 3.252065
2.794000 3.252786
2.795000 3.253507
2.796000 3.254228
2.797000 3.254949
2.798000 3.255670
2.799000 3.256391
2.800000 3.257112
2.801000 3.257833
2.802000 3.258553
2.803000 3.259274
2.804000 3.259995
2.805000 3.260715
2.806000 3.261436
2.807000 3.262156
2.808000 3.262876
2.809000 3.263597
2.810000 3.264317
2.811000 3.265037
2.812000 3.265757
2.813000 3.266477
2.814000 3.267197
2.815000 3.267917
2.816000 3.268637
2.817000 3.269357
2.818000 3.270077
2.819000 3.270797
2.820000 3.271517
2.821000 3.272236
2.822000 3.272956
2.823000 3.273676
2.824000 3.274395
2.825000 3.275115
2.826000 3.275834
2.827000 3.276553
2.828000 3.277273
2.829000 3.277992
2.830000 3.278711
2.831000 3.279430
2.832000 3.280149
2.833000 3.280868
2.834000 3.281587
2.835000 3.282306
2.836000 3.283025
2.837000 3.283744
2.838000 3.284463
2.839000 3.285182
2.840000 3.285900
2.841000 3.286619
2.842000 3.287338
2.843000 3.288056
2.844000 3.288775
2.845000 3.289493
2.846000 3.290212
2.847000 3.290930
2.848000 3.291648
2.849000 3.292366
2.850000 3.293085
2.851000 3.293803
2.852000 3.294521
2.853000 3.295239
2.854000 3.295957
2.855000 3.296675
2.856000 3.297392
2.857000 3.298110
2.858000 3.298828
2.859000 3.299546
2.860000 3.300263
2.861000 3.300981
2.862000 3.301699
2.863000 3.302416
2.864000 3.303134
2.865000 3.303851
2.866000 3.304568
2.867000 3.305286
2.868000 3.306003
2.869000 3.306720
2.870000 3.307437
2.871000 3.308154
2.872000 3.308871
2.873000 3.309588
2.874000 3.310305
2.875000 3.311022
2.876000 3.311739
2.877000 3.312456
2.878000 3.313172
2.879000 3.313889
2.880000 3.314606
2.881000 3.315322
2.882000 3.316039
2.883000 3.316755
2.884000 3.317472
2.885000 3.318188
2.886000 3.318904
2.887000 3.319621
2.888000 3.320337
2.889000 3.321053
2.890000 3.321769
2.891000 3.322485
2.892000 3.323201
2.893000 3.323917
2.894000 3.324633
2.895000 3.325349
2.896000 3.326064
2.897000 3.326780
2.898000 3.327496
2.899000 3.328212
2.900000 3.328927
2.901000 3.329643
2.902000 3.330358
2.903000 3.331074
2.904000 3.331789
2.905000 3.332504
2.906000 3.333220
2.907000 3.333935
2.908000 3.334650
2.909000 3.335365
2.910000 3.336080
2.911000 3.336795
2.912000 3.337510
2.913000 3.338225
2.914000 3.338940
2.915000 3.339655
2.916000 3.340369
2.917000 3.341084
2.918000 3.341799
2.919000 3.342513
2.920000 3.343228
2.921000 3.343942
2.922000 3.344657
2.923000 3.345371
2.924000 3.346086
2.925000 3.346800
2.926000 3.347514
2.927000 3.348228
2.928000 3.348942
2.929000 3.349657
2.930000 3.350371
2.931000 3.351085
2.932000 3.351798
2.933000 3.352512
2.934000 3.353226
2.935000 3.353940
2.936000 3.354654
2.937000 3.355367
2.938000 3.356081
2.939000 3.356795
2.940000 3.357508
2.941000 3.358222
2.942000 3.358935
2.943000 3.359648
2.944000 3.360362
2.945000 3.361075
2.946000 3.361788
2.947000 3.362501
2.948000 3.363214
2.949000 3.363927
2.950000 3.364640
2.951000 3.365353
2.952000 3.366066
2.953000 3.366779
2.954000 3.367492
2.955000 3.368205
2.956000 3.368917
2.957000 3.369630
2.958000 3.370343
2.959000 3.371055
2.960000 3.371768
2.961000 3.372480
2.962000 3.373193
2.963000 3.373905
2.964000 3.374617
2.965000 3.375329
2.966000 3.376042
2.967000 3.376754
2.968000 3.377466
2.969000 3.378178
2.970000 3.378890
2.971000 3.379602
2.972000 3.380314
2.973000 3.381025
2.974000 3.381737
2.975000 3.382449
2.976000 3.383161
2.977000 3.383872
2.978000 3.384584
2.979000 3.385295
2.980000 3.386007
2.981000 3.386718
2.982000 3.387430
2.983000 3.388141
2.984000 3.388852
2.985000 3.389563
2.986000 3.390275
2.987000 3.390986
2.988000 3.391697
2.989000 3.392408
2.990000 3.393119
2.991000 3.393830
2.992000 3.394541
2.993000 3.395251
2.994000 3.395962
2.995000 3.396673
2.996000 3.397383
2.997000 3.398094
2.998000 3.398805
2.999000 3.399515
3.000000 3.400226
3.001000 3.400936
3.002000 3.401646
3.003000 3.402357
3.004000 3.403067
3.005000 3.403777
3.006000 3.404487
3.007000 3.405197
3.008000 3.405907
3.009000 3.406617
3.010000 3.407327
3.011000 3.408037
3.012000 3.408747
3.013000 3.409457
3.014000 3.410166
3.015000 3.410876
3.016000 3.411586
3.017000 3.412295
3.018000 3.413005
3.019000 3.413714
3.020000 3.414424
3.021000 3.415133
3.022000 3.415843
3.023000 3.416552
3.024000 3.417261
3.025000 3.417970
3.026000 3.418679
3.027000 3.419388
3.028000 3.420097
3.029000 3.420806
3.030000 3.421515
3.031000 3.422224
3.032000 3.422933
3.033000 3.423642
3.034000 3.424350
3.035000 3.425059
3.036000 3.425768
3.037000 3.426476
3.038000 3.427185
3.039000 3.427893
3.040000 3.428602
3.041000 3.429310
3.042000 3.430018
3.043000 3.430727
3.044000 3.431435
3.045000 3.432143
3.046000 3.432851
3.047000 3.433559
3.048000 3.434267
3.049000 3.434975
3.050000 3.435683
3.051000 3.436391
3.052000 3.437099
3.053000 3.437807
3.054000 3.438514
3.055000 3.439222
3.056000 3.439929
3.057000 3.440637
3.058000 3.441345
3.059000 3.442052
3.060000 3.442759
3.061000 3.443467
3.062000 3.444174
3.063000 3.444881
3.064000 3.445588
3.065000 3.446296
3.066000 3.447003
3.067000 3.447710
3.068000 3.448417
3.069000 3.449124
3.070000 3.449831
3.071000 3.450537
3.072000 3.451244
3.073000 3.451951
3.074000 3.452658
3.075000 3.453364
3.076000 3.454071
3.077000 3.454777
3.078000 3.455484
3.079000 3.456190
3.080000 3.456897
3.081000 3.457603
3.082000 3.458309
3.083000 3.459016
3.084000 3.459722
3.085000 3.460428
3.086000 3.461134
3.087000 3.461840
3.088000 3.462546
3.089000 3.463252
3.090000 3.463958
3.091000 3.464664
3.092000 3.465370
3.093000 3.466075
3.094000 3.466781
3.095000 3.467487
3.096000 3.468192
3.097000 3.468898
3.098000 3.469603
3.099000 3.470309
3.100000 3.471014
3.101000 3.471719
3.102000 3.472425
3.103000 3.473130
3.104000 3.473835
3.105000 3.474540
3.106000 3.475245
3.107000 3.475950
3.108000 3.476655
3.109000 3.477360
3.110000 3.478065
3.111000 3.478770
3.112000 3.479475
3.113000 3.480179
3.114000 3.480884
3.115000 3.481589
3.116000 3.482293
3.117000 3.482998
3.118000 3.483702
3.119000 3.484407
3.120000 3.485111
3.121000 3.485815
3.122000 3.486520
3.123000 3.487224
3.124000 3.487928
3.125000 3.488632
3.126000 3.489336
3.127000 3.490040
3.128000 3.490744
3.129000 3.491448
3.130000 3.492152
3.131000 3.492856
3.132000 3.493560
3.133000 3.494263
3.134000 3.494967
3.135000 3.495671
3.136000 3.496374
3.137000 3.497078
3.138000 3.497781
3.139000 3.498485
3.140000 3.499188
3.141000 3.499891
3.142000 3.500595
3.143000 3.501298
3.144000 3.502001
3.145000 3.502704
3.146000 3.503407
3.147000 3.504110
3.148000 3.504813
3.149000 3.505516
3.150000 3.506219
3.151000 3.506922
3.152000 3.507625
3.153000 3.508327
3.154000 3.509030
3.155000 3.509733
3.156000 3.510435
3.157000 3.511138
3.158000 3.511840
3.159000 3.512543
3.160000 3.513245
3.161000 3.513947
3.162000 3.514650
3.163000 3.515352
3.164000 3.516054
3.165000 3.516756
3.166000 3.517458
3.167000 3.518160
3.168000 3.518862
3.169000 3.519564
3.170000 3.520266
3.171000 3.520968
3.172000 3.521670
3.173000 3.522371
3.174000 3.523073
3.175000 3.523775
3.176000 3.524476
3.177000 3.525178
3.178000 3.525879
3.179000 3.526581
3.180000 3.527282
3.181000 3.527983
3.182000 3.528685
3.183000 3.529386
3.184000 3.530087
3.185000 3.530788
3.186000 3.531489
3.187000 3.532190
3.188000 3.532891
3.189000 3.533592
3.190000 3.534293
3.191000 3.534994
3.192000 3.535695
3.193000 3.536395
3.194000 3.537096
3.195000 3.537797
3.196000 3.538497
3.197000 3.539198
3.198000 3.539898
3.199000 3.540599
3.200000 3.541299
3.201000 3.542000
3.202000 3.542700
3.203000 3.543400
3.204000 3.544100
3.205000 3.544800
3.206000 3.545500
3.207000 3.546200
3.208000 3.546900
3.209000 3.547600
3.210000 3.548300
3.211000 3.549000
3.212000 3.549700
3.213000 3.550400
3.214000 3.551099
3.215000 3.551799
3.216000 3.552499
3.217000 3.553198
3.218000 3.553898
3.219000 3.554597
3.220000 3.555296
3.221000 3.555996
3.222000 3.556695
3.223000 3.557394
3.224000 3.558093
3.225000 3.558793
3.226000 3.559492
3.227000 3.560191
3.228000 3.560890
3.229000 3.561589
3.230000 3.562288
3.231000 3.562986
3.232000 3.563685
3.233000 3.564384
3.234000 3.565083
3.235000 3.565781
3.236000 3.566480
3.237000 3.567178
3.238000 3.567877
3.239000 3.568575
3.240000 3.569274
3.241000 3.569972
3.242000 3.570670
3.243000 3.571369
3.244000 3.572067
3.245000 3.572765
3.246000 3.573463
3.247000 3.574161
3.248000 3.574859
3.249000 3.575557
3.250000 3.576255
3.251000 3.576953
3.252000 3.577651
3.253000 3.578348
3.254000 3.579046
3.255000 3.579744
3.256000 3.580441
3.257000 3.581139
3.258000 3.581837
3.259000 3.582534
3.260000 3.583231
3.261000 3.583929
3.262000 3.584626
3.263000 3.585323
3.264000 3.586021
3.265000 3.586718
3.266000 3.587415
3.267000 3.588112
3.268000 3.588809
3.269000 3.589506
3.270000 3.590203
3.271000 3.590900
3.272000 3.591597
3.273000 3.592293
3.274000 3.592990
3.275000 3.593687
3.276000 3.594383
3.277000 3.595080
3.278000 3.595776
3.279000 3.596473
3.280000 3.597169
3.281000 3.597866
3.282000 3.598562
3.283000 3.599258
3.284000 3.599955
3.285000 3.600651
3.286000 3.601347
3.287000 3.602043
3.288000 3.602739
3.289000 3.603435
3.290000 3.604131
3.291000 3.604827
3.292000 3.605523
3.293000 3.606218
3.294000 3.606914
3.295000 3.607610
3.296000 3.608305
3.297000 3.609001
3.298000 3.609697
3.299000 3.610392
3.300000 3.611088
3.301000 3.611783
3.302000 3.612478
3.303000 3.613174
3.304000 3.613869
3.305000 3.614564
3.306000 3.615259
3.307000 3.615954
3.308000 3.616649
3.309000 3.617344
3.310000 3.618039
3.311000 3.618734
3.312000 3.619429
3.313000 3.620124
3.314000 3.620819
3.315000 3.621513
3.316000 3.622208
3.317000 3.622903
3.318000 3.623597
3.319000 3.624292
3.320000 3.624986
3.321000 3.625681
3.322000 3.626375
3.323000 3.627069
3.324000 3.627764
3.325000 3.628458
3.326000 3.629152
3.327000 3.629846
3.328000 3.630540
3.329000 3.631234
3.330000 3.631928
3.331000 3.632622
3.332000 3.633316
3.333000 3.634010
3.334000 3.634704
3.335000 3.635397
3.336000 3.636091
3.337000 3.636785
3.338000 3.637478
3.339000 3.638172
3.340000 3.638865
3.341000 3.639559
3.342000 3.640252
3.343000 3.640945
3.344000 3.641639
3.345000 3.642332
3.346000 3.643025
3.347000 3.643718
3.348000 3.644411
3.349000 3.645104
3.350000 3.645797
3.351000 3.646490
3.352000 3.647183
3.353000 3.647876
3.354000 3.648569
3.355000 3.649262
3.356000 3.649954
3.357000 3.650647
3.358000 3.651340
3.359000 3.652032
3.360000 3.652725
3.361000 3.653417
3.362000 3.654110
3.363000 3.654802
3.364000 3.655494
3.365000 3.656187
3.366000 3.656879
3.367000 3.657571
3.368000 3.658263
3.369000 3.658955
3.370000 3.659647
3.371000 3.660339
3.372000 3.661031
3.373000 3.661723
3.374000 3.662415
3.375000 3.663107
3.376000 3.663798
3.377000 3.664490
3.378000 3.665182
3.379000 3.665873
3.380000 3.666565
3.381000 3.667256
3.382000 3.667948
3.383000 3.668639
3.384000 3.669330
3.385000 3.670022
3.386000 3.670713
3.387000 3.671404
3.388000 3.672095
3.389000 3.672786
3.390000 3.673477
3.391000 3.674168
3.392000 3.674859
3.393000 3.675550
3.394000 3.676241
3.395000 3.676932
3.396000 3.677623
3.397000 3.678314
3.398000 3.679004
3.399000 3.679695
3.400000 3.680385
3.401000 3.681076
3.402000 3.681766
3.403000 3.682457
3.404000 3.683147
3.405000 3.683837
3.406000 3.684528
3.407000 3.685218
3.408000 3.685908
3.409000 3.686598
3.410000 3.687288
3.411000 3.687978
3.412000 3.688668
3.413000 3.689358
3.414000 3.690048
3.415000 3.690738
3.416000 3.691428
3.417000 3.692118
3.418000 3.692807
3.419000 3.693497
3.420000 3.694187
3.421000 3.694876
3.422000 3.695566
3.423000 3.696255
3.424000 3.696945
3.425000 3.697634
3.426000 3.698323
3.427000 3.699012
3.428000 3.699702
3.429000 3.700391
3.430000 3.701080
3.431000 3.701769
3.432000 3.702458
3.433000 3.703147
3.434000 3.703836
3.435000 3.704525
3.436000 3.705214
3.437000 3.705902
3.438000 3.706591
3.439000 3.707280
3.440000 3.707969
3.441000 3.708657
3.442000 3.709346
3.443000 3.710034
3.444000 3.710723
3.445000 3.711411
3.446000 3.712099
3.447000 3.712788
3.448000 3.713476
3.449000 3.714164
3.450000 3.714852
3.451000 3.715540
3.452000 3.716228
3.453000 3.716916
3.454000 3.717604
3.455000 3.718292
3.456000 3.718980
3.457000 3.719668
3.458000 3.720356
3.459000 3.721043
3.460000 3.721731
3.461000 3.722419
3.462000 3.723106
3.463000 3.723794
3.464000 3.724481
3.465000 3.725169
3.466000 3.725856
3.467000 3.726544
3.468000 3.727231
3.469000 3.727918
3.470000 3.728605
3.471000 3.729292
3.472000 3.729980
3.473000 3.730667
3.474000 3.731354
3.475000 3.732041
3.476000 3.732727
3.477000 3.733414
3.478000 3.734101
3.479000 3.734788
3.480000 3.735475
3.481000 3.736161
3.482000 3.736848
3.483000 3.737534
3.484000 3.738221
3.485000 3.738907
3.486000 3.739594
3.487000 3.740280
3.488000 3.740967
3.489000 3.741653
3.490000 3.742339
3.491000 3.743025
3.492000 3.743711
3.493000 3.744398
3.494000 3.745084
3.495000 3.745770
3.496000 3.746455
3.497000 3.747141
3.498000 3.747827
3.499000 3.748513
3.500000 3.749199
3.501000 3.749885
3.502000 3.750570
3.503000 3.751256
3.504000 3.751941
3.505000 3.752627
3.506000 3.753312
3.507000 3.753998
3.508000 3.754683
3.509000 3.755368
3.510000 3.756054
3.511000 3.756739
3.512000 3.757424
3.513000 3.758109
3.514000 3.758794
3.515000 3.759479
3.516000 3.760164
3.517000 3.760849
3.518000 3.761534
3.519000 3.762219
3.520000 3.762904
3.521000 3.763589
3.522000 3.764273
3.523000 3.764958
3.524000 3.765643
3.525000 3.766327
3.526000 3.767012
3.527000 3.767696
3.528000 3.768381
3.529000 3.769065
3.530000 3.769749
3.531000 3.770434
3.532000 3.771118
3.533000 3.771802
3.534000 3.772486
3.535000 3.773170
3.536000 3.773854
3.537000 3.774538
3.538000 3.775222
3.539000 3.775906
3.540000 3.776590
3.541000 3.777274
3.542000 3.777957
3.543000 3.778641
3.544000 3.779325
3.545000 3.780008
3.546000 3.780692
3.547000 3.781375
3.548000 3.782059
3.549000 3.782742
3.550000 3.783426
3.551000 3.784109
3.552000 3.784792
3.553000 3.785476
3.554000 3.786159
3.555000 3.786842
3.556000 3.787525
3.557000 3.788208
3.558000 3.788891
3.559000 3.789574
3.560000 3.790257
3.561000 3.790940
3.562000 3.791623
3.563000 3.792305
3.564000 3.792988
3.565000 3.793671
3.566000 3.794353
3.567000 3.795036
3.568000 3.795718
3.569000 3.796401
3.570000 3.797083
3.571000 3.797766
3.572000 3.798448
3.573000 3.799130
3.574000 3.799812
3.575000 3.800495
3.576000 3.801177
3.577000 3.801859
3.578000 3.802541
3.579000 3.803223
3.580000 3.803905
3.581000 3.804587
3.582000 3.805269
3.583000 3.805950
3.584000 3.806632
3.585000 3.807314
3.586000 3.807996
3.587000 3.808677
3.588000 3.809359
3.589000 3.810040
3.590000 3.810722
3.591000 3.811403
3.592000 3.812084
3.593000 3.812766
3.594000 3.813447
3.595000 3.814128
3.596000 3.814810
3.597000 3.815491
3.598000 3.816172
3.599000 3.816853
3.600000 3.817534
3.601000 3.818215
3.602000 3.818896
3.603000 3.819577
3.604000 3.820257
3.605000 3.820938
3.606000 3.821619
3.607000 3.822300
3.608000 3.822980
3.609000 3.823661
3.610000 3.824341
3.611000 3.825022
3.612000 3.825702
3.613000 3.826383
3.614000 3.827063
3.615000 3.827743
3.616000 3.828423
3.617000 3.829104
3.618000 3.829784
3.619000 3.830464
3.620000 3.831144
3.621000 3.831824
3.622000 3.832504
3.623000 3.833184
3.624000 3.833864
3.625000 3.834544
3.626000 3.835223
3.627000 3.835903
3.628000 3.836583
3.629000 3.837262
3.630000 3.837942
3.631000 3.838621
3.632000 3.839301
3.633000 3.839980
3.634000 3.840660
3.635000 3.841339
3.636000 3.842018
3.637000 3.842698
3.638000 3.843377
3.639000 3.844056
3.640000 3.844735
3.641000 3.845414
3.642000 3.846093
3.643000 3.846772
3.644000 3.847451
3.645000 3.848130
3.646000 3.848809
3.647000 3.849488
3.648000 3.850166
3.649000 3.850845
3.650000 3.851524
3.651000 3.852202
3.652000 3.852881
3.653000 3.853559
3.654000 3.854238
3.655000 3.854916
3.656000 3.855595
3.657000 3.856273
3.658000 3.856951
3.659000 3.857629
3.660000 3.858308
3.661000 3.858986
3.662000 3.859664
3.663000 3.860342
3.664000 3.861020
3.665000 3.861698
3.666000 3.862376
3.667000 3.863054
3.668000 3.863731
3.669000 3.864409
3.670000 3.865087
3.671000 3.865764
3.672000 3.866442
3.673000 3.867120
3.674000 3.867797
3.675000 3.868475
3.676000 3.869152
3.677000 3.869829
3.678000 3.870507
3.679000 3.871184
3.680000 3.871861
3.681000 3.872538
3.682000 3.873216
3.683000 3.873893
3.684000 3.874570
3.685000 3.875247
3.686000 3.875924
3.687000 3.876601
3.688000 3.877278
3.689000 3.877954
3.690000 3.878631
3.691000 3.879308
3.692000 3.879985
3.693000 3.880661
3.694000 3.881338
3.695000 3.882014
3.696000 3.882691
3.697000 3.883367
3.698000 3.884044
3.699000 3.884720
3.700000 3.885396
3.701000 3.886072
3.702000 3.886749
3.703000 3.887425
3.704000 3.888101
3.705000 3.888777
3.706000 3.889453
3.707000 3.890129
3.708000 3.890805
3.709000 3.891481
3.710000 3.892157
3.711000 3.892833
3.712000 3.893508
3.713000 3.894184
3.714000 3.894860
3.715000 3.895535
3.716000 3.896211
3.717000 3.896886
3.718000 3.897562
3.719000 3.898237
3.720000 3.898913
3.721000 3.899588
3.722000 3.900263
3.723000 3.900938
3.724000 3.901614
3.725000 3.902289
3.726000 3.902964
3.727000 3.903639
3.728000 3.904314
3.729000 3.904989
3.730000 3.905664
3.731000 3.906339
3.732000 3.907013
3.733000 3.907688
3.734000 3.908363
3.735000 3.909037
3.736000 3.909712
3.737000 3.910387
3.738000 3.911061
3.739000 3.911736
3.740000 3.912410
3.741000 3.913085
3.742000 3.913759
3.743000 3.914433
3.744000 3.915107
3.745000 3.915782
3.746000 3.916456
3.747000 3.917130
3.748000 3.917804
3.749000 3.918478
3.750000 3.919152
3.751000 3.919826
3.752000 3.920500
3.753000 3.921174
3.754000 3.921847
3.755000 3.922521
3.756000 3.923195
3.757000 3.923869
3.758000 3.924542
3.759000 3.925216
3.760000 3.925889
3.761000 3.926563
3.762000 3.927236
3.763000 3.927909
3.764000 3.928583
3.765000 3.929256
3.766000 3.929929
3.767000 3.930603
3.768000 3.931276
3.769000 3.931949
3.770000 3.932622
3.771000 3.933295
3.772000 3.933968
3.773000 3.934641
3.774000 3.935314
3.775000 3.935986
3.776000 3.936659
3.777000 3.937332
3.778000 3.938005
3.779000 3.938677
3.780000 3.939350
3.781000 3.940022
3.782000 3.940695
3.783000 3.941367
3.784000 3.942040
3.785000 3.942712
3.786000 3.943384
3.787000 3.944057
3.788000 3.944729
3.789000 3.945401
3.790000 3.946073
3.791000 3.946745
3.792000 3.947417
3.793000 3.948089
3.794000 3.948761
3.795000 3.949433
3.796000 3.950105
3.797000 3.950777
3.798000 3.951448
3.799000 3.952120
3.800000 3.952792
3.801000 3.953463
3.802000 3.954135
3.803000 3.954806
3.804000 3.955478
3.805000 3.956149
3.806000 3.956821
3.807000 3.957492
3.808000 3.958163
3.809000 3.958835
3.810000 3.959506
3.811000 3.960177
3.812000 3.960848
3.813000 3.961519
3.814000 3.962190
3.815000 3.962861
3.816000 3.963532
3.817000 3.964203
3.818000 3.964874
3.819000 3.965545
3.820000 3.966215
3.821000 3.966886
3.822000 3.967557
3.823000 3.968227
3.824000 3.968898
3.825000 3.969568
3.826000 3.970239
3.827000 3.970909
3.828000 3.971580
3.829000 3.972250
3.830000 3.972920
3.831000 3.973590
3.832000 3.974261
3.833000 3.974931
3.834000 3.975601
3.835000 3.976271
3.836000 3.976941
3.837000 3.977611
3.838000 3.978281
3.839000 3.978951
3.840000 3.979620
3.841000 3.980290
3.842000 3.980960
3.843000 3.981630
3.844000 3.982299
3.845000 3.982969
3.846000 3.983638
3.847000 3.984308
3.848000 3.984977
3.849000 3.985647
3.850000 3.986316
3.851000 3.986985
3.852000 3.987655
3.853000 3.988324
3.854000 3.988993
3.855000 3.989662
3.856000 3.990331
3.857000 3.991000
3.858000 3.991669
3.859000 3.992338
3.860000 3.993007
3.861000 3.993676
3.862000 3.994345
3.863000 3.995014
3.864000 3.995682
3.865000 3.996351
3.866000 3.997020
3.867000 3.997688
3.868000 3.998357
3.869000 3.999025
3.870000 3.999694
3.871000 4.000362
3.872000 4.001031
3.873000 4.001699
3.874000 4.002367
3.875000 4.003035
3.876000 4.003703
3.877000 4.004372
3.878000 4.005040
3.879000 4.005708
3.880000 4.006376
3.881000 4.007044
3.882000 4.007712
3.883000 4.008379
3.884000 4.009047
3.885000 4.009715
3.886000 4.010383
3.887000 4.011050
3.888000 4.011718
3.889000 4.012386
3.890000 4.013053
3.891000 4.013721
3.892000 4.014388
3.893000 4.015055
3.894000 4.015723
3.895000 4.016390
3.896000 4.017057
3.897000 4.017725
3.898000 4.018392
3.899000 4.019059
3.900000 4.019726
3.901000 4.020393
3.902000 4.021060
3.903000 4.021727
3.904000 4.022394
3.905000 4.023061
3.906000 4.023727
3.907000 4.024394
3.908000 4.025061
3.909000 4.025728
3.910000 4.026394
3.911000 4.027061
3.912000 4.027727
3.913000 4.028394
3.914000 4.029060
3.915000 4.029727
3.916000 4.030393
3.917000 4.031059
3.918000 4.031725
3.919000 4.032392
3.920000 4.033058
3.921000 4.033724
3.922000 4.034390
3.923000 4.035056
3.924000 4.035722
3.925000 4.036388
3.926000 4.037054
3.927000 4.037720
3.928000 4.038386
3.929000 4.039051
3.930000 4.039717
3.931000 4.040383
3.932000 4.041048
3.933000 4.041714
3.934000 4.042379
3.935000 4.043045
3.936000 4.043710
3.937000 4.044376
3.938000 4.045041
3.939000 4.045706
3.940000 4.046372
3.941000 4.047037
3.942000 4.047702
3.943000 4.048367
3.944000 4.049032
3.945000 4.049697
3.946000 4.050362
3.947000 4.051027
3.948000 4.051692
3.949000 4.052357
3.950000 4.053022
3.951000 4.053686
3.952000 4.054351
3.953000 4.055016
3.954000 4.055680
3.955000 4.056345
3.956000 4.057010
3.957000 4.057674
3.958000 4.058338
3.959000 4.059003
3.960000 4.059667
3.961000 4.060332
3.962000 4.060996
3.963000 4.061660
3.964000 4.062324
3.965000 4.062988
3.966000 4.063652
3.967000 4.064316
3.968000 4.064980
3.969000 4.065644
3.970000 4.066308
3.971000 4.066972
3.972000 4.067636
3.973000 4.068300
3.974000 4.068963
3.975000 4.069627
3.976000 4.070291
3.977000 4.070954
3.978000 4.071618
3.979000 4.072281
3.980000 4.072945
3.981000 4.073608
3.982000 4.074271
3.983000 4.074935
3.984000 4.075598
3.985000 4.076261
3.986000 4.076924
3.987000 4.077588
3.988000 4.078251
3.989000 4.078914
3.990000 4.079577
3.991000 4.080240
3.992000 4.080903
3.993000 4.081565
3.994000 4.082228
3.995000 4.082891
3.996000 4.083554
3.997000 4.084216
3.998000 4.084879
3.999000 4.085542
4.000000 4.086204
4.001000 4.086867
4.002000 4.087529
4.003000 4.088191
4.004000 4.088854
4.005000 4.089516
4.006000 4.090178
4.007000 4.090841
4.008000 4.091503
4.009000 4.092165
4.010000 4.092827
4.011000 4.093489
4.012000 4.094151
4.013000 4.094813
4.014000 4.095475
4.015000 4.096137
4.016000 4.096799
4.017000 4.097460
4.018000 4.098122
4.019000 4.098784
4.020000 4.099446
4.021000 4.100107
4.022000 4.100769
4.023000 4.101430
4.024000 4.102092
4.025000 4.102753
4.026000 4.103414
4.027000 4.104076
4.028000 4.104737
4.029000 4.105398
4.030000 4.106059
4.031000 4.106721
4.032000 4.107382
4.033000 4.108043
4.034000 4.108704
4.035000 4.109365
4.036000 4.110026
4.037000 4.110687
4.038000 4.111347
4.039000 4.112008
4.040000 4.112669
4.041000 4.113330
4.042000 4.113990
4.043000 4.114651
4.044000 4.115311
4.045000 4.115972
4.046000 4.116632
4.047000 4.117293
4.048000 4.117953
4.049000 4.118614
4.050000 4.119274
4.051000 4.119934
4.052000 4.120594
4.053000 4.121255
4.054000 4.121915
4.055000 4.122575
4.056000 4.123235
4.057000 4.123895
4.058000 4.124555
4.059000 4.125215
4.060000 4.125874
4.061000 4.126534
4.062000 4.127194
4.063000 4.127854
4.064000 4.128513
4.065000 4.129173
4.066000 4.129833
4.067000 4.130492
4.068000 4.131152
4.069000 4.131811
4.070000 4.132470
4.071000 4.133130
4.072000 4.133789
4.073000 4.134448
4.074000 4.135108
4.075000 4.135767
4.076000 4.136426
4.077000 4.137085
4.078000 4.137744
4.079000 4.138403
4.080000 4.139062
4.081000 4.139721
4.082000 4.140380
4.083000 4.141039
4.084000 4.141697
4.085000 4.142356
4.086000 4.143015
4.087000 4.143673
4.088000 4.144332
4.089000 4.144991
4.090000 4.145649
4.091000 4.146308
4.092000 4.146966
4.093000 4.147624
4.094000 4.148283
4.095000 4.148941
4.096000 4.149599
4.097000 4.150257
4.098000 4.150916
4.099000 4.151574
4.100000 4.152232
4.101000 4.152890
4.102000 4.153548
4.103000 4.154206
4.104000 4.154864
4.105000 4.155521
4.106000 4.156179
4.107000 4.156837
4.108000 4.157495
4.109000 4.158152
4.110000 4.158810
4.111000 4.159467
4.112000 4.160125
4.113000 4.160782
4.114000 4.161440
4.115000 4.162097
4.116000 4.162755
4.117000 4.163412
4.118000 4.164069
4.119000 4.164726
4.120000 4.165384
4.121000 4.166041
4.122000 4.166698
4.123000 4.167355
4.124000 4.168012
4.125000 4.168669
4.126000 4.169326
4.127000 4.169983
4.128000 4.170639
4.129000 4.171296
4.130000 4.171953
4.131000 4.172610
4.132000 4.173266
4.133000 4.173923
4.134000 4.174579
4.135000 4.175236
4.136000 4.175892
4.137000 4.176549
4.138000 4.177205
4.139000 4.177861
4.140000 4.178518
4.141000 4.179174
4.142000 4.179830
4.143000 4.180486
4.144000 4.181142
4.145000 4.181799
4.146000 4.182455
4.147000 4.183111
4.148000 4.183766
4.149000 4.184422
4.150000 4.185078
4.151000 4.185734
4.152000 4.186390
4.153000 4.187045
4.154000 4.187701
4.155000 4.188357
4.156000 4.189012
4.157000 4.189668
4.158000 4.190323
4.159000 4.190979
4.160000 4.191634
4.161000 4.192289
4.162000 4.192945
4.163000 4.193600
4.164000 4.194255
4.165000 4.194910
4.166000 4.195566
4.167000 4.196221
4.168000 4.196876
4.169000 4.197531
4.170000 4.198186
4.171000 4.198841
4.172000 4.199495
4.173000 4.200150
4.174000 4.200805
4.175000 4.201460
4.176000 4.202115
4.177000 4.202769
4.178000 4.203424
4.179000 4.204078
4.180000 4.204733
4.181000 4.205387
4.182000 4.206042
4.183000 4.206696
4.184000 4.207350
4.185000 4.208005
4.186000 4.208659
4.187000 4.209313
4.188000 4.209967
4.189000 4.210621
4.190000 4.211276
4.191000 4.211930
4.192000 4.212584
4.193000 4.213238
4.194000 4.213891
4.195000 4.214545
4.196000 4.215199
4.197000 4.215853
4.198000 4.216507
4.199000 4.217160
4.200000 4.217814
4.201000 4.218467
4.202000 4.219121
4.203000 4.219775
4.204000 4.220428
4.205000 4.221081
4.206000 4.221735
4.207000 4.222388
4.208000 4.223041
4.209000 4.223695
4.210000 4.224348
4.211000 4.225001
4.212000 4.225654
4.213000 4.226307
4.214000 4.226960
4.215000 4.227613
4.216000 4.228266
4.217000 4.228919
4.218000 4.229572
4.219000 4.230225
4.220000 4.230877
4.221000 4.231530
4.222000 4.232183
4.223000 4.232835
4.224000 4.233488
4.225000 4.234140
4.226000 4.234793
4.227000 4.235445
4.228000 4.236098
4.229000 4.236750
4.230000 4.237402
4.231000 4.238055
4.232000 4.238707
4.233000 4.239359
4.234000 4.240011
4.235000 4.240663
4.236000 4.241315
4.237000 4.241967
4.238000 4.242619
4.239000 4.243271
4.240000 4.243923
4.241000 4.244575
4.242000 4.245227
4.243000 4.245879
4.244000 4.246530
4.245000 4.247182
4.246000 4.247833
4.247000 4.248485
4.248000 4.249137
4.249000 4.249788
4.250000 4.250439
4.251000 4.251091
4.252000 4.251742
4.253000 4.252394
4.254000 4.253045
4.255000 4.253696
4.256000 4.254347
4.257000 4.254998
4.258000 4.255649
4.259000 4.256300
4.260000 4.256951
4.261000 4.257602
4.262000 4.258253
4.263000 4.258904
4.264000 4.259555
4.265000 4.260206
4.266000 4.260857
4.267000 4.261507
4.268000 4.262158
4.269000 4.262808
4.270000 4.263459
4.271000 4.264110
4.272000 4.264760
4.273000 4.265410
4.274000 4.266061
4.275000 4.266711
4.276000 4.267362
4.277000 4.268012
4.278000 4.268662
4.279000 4.269312
4.280000 4.269962
4.281000 4.270612
4.282000 4.271262
4.283000 4.271912
4.284000 4.272562
4.285000 4.273212
4.286000 4.273862
4.287000 4.274512
4.288000 4.275162
4.289000 4.275811
4.290000 4.276461
4.291000 4.277111
4.292000 4.277760
4.293000 4.278410
4.294000 4.279059
4.295000 4.279709
4.296000 4.280358
4.297000 4.281008
4.298000 4.281657
4.299000 4.282306
4.300000 4.282956
4.301000 4.283605
4.302000 4.284254
4.303000 4.284903
4.304000 4.285552
4.305000 4.286201
4.306000 4.286850
4.307000 4.287499
4.308000 4.288148
4.309000 4.288797
4.310000 4.289446
4.311000 4.290095
4.312000 4.290743
4.313000 4.291392
4.314000 4.292041
4.315000 4.292689
4.316000 4.293338
4.317000 4.293986
4.318000 4.294635
4.319000 4.295283
4.320000 4.295932
4.321000 4.296580
4.322000 4.297228
4.323000 4.297876
4.324000 4.298525
4.325000 4.299173
4.326000 4.299821
4.327000 4.300469
4.328000 4.301117
4.329000 4.301765
4.330000 4.302413
4.331000 4.303061
4.332000 4.303709
4.333000 4.304357
4.334000 4.305004
4.335000 4.305652
4.336000 4.306300
4.337000 4.306947
4.338000 4.307595
4.339000 4.308243
4.340000 4.308890
4.341000 4.309538
4.342000 4.310185
4.343000 4.310832
4.344000 4.311480
4.345000 4.312127
4.346000 4.312774
4.347000 4.313422
4.348000 4.314069
4.349000 4.314716
4.350000 4.315363
4.351000 4.316010
4.352000 4.316657
4.353000 4.317304
4.354000 4.317951
4.355000 4.318598
4.356000 4.319245
4.357000 4.319891
4.358000 4.320538
4.359000 4.321185
4.360000 4.321831
4.361000 4.322478
4.362000 4.323125
4.363000 4.323771
4.364000 4.324418
4.365000 4.325064
4.366000 4.325710
4.367000 4.326357
4.368000 4.327003
4.369000 4.327649
4.370000 4.328296
4.371000 4.328942
4.372000 4.329588
4.373000 4.330234
4.374000 4.330880
4.375000 4.331526
4.376000 4.332172
4.377000 4.332818
4.378000 4.333464
4.379000 4.334110
4.380000 4.334755
4.381000 4.335401
4.382000 4.336047
4.383000 4.336692
4.384000 4.337338
4.385000 4.337984
4.386000 4.338629
4.387000 4.339275
4.388000 4.339920
4.389000 4.340565
4.390000 4.341211
4.391000 4.341856
4.392000 4.342501
4.393000 4.343147
4.394000 4.343792
4.395000 4.344437
4.396000 4.345082
4.397000 4.345727
4.398000 4.346372
4.399000 4.347017
4.400000 4.347662
4.401000 4.348307
4.402000 4.348952
4.403000 4.349597
4.404000 4.350241
4.405000 4.350886
4.406000 4.351531
4.407000 4.352175
4.408000 4.352820
4.409000 4.353464
4.410000 4.354109
4.411000 4.354753
4.412000 4.355398
4.413000 4.356042
4.414000 4.356686
4.415000 4.357331
4.416000 4.357975
4.417000 4.358619
4.418000 4.359263
4.419000 4.359907
4.420000 4.360551
4.421000 4.361195
4.422000 4.361839
4.423000 4.362483
4.424000 4.363127
4.425000 4.363771
4.426000 4.364415
4.427000 4.365059
4.428000 4.365702
4.429000 4.366346
4.430000 4.366990
4.431000 4.367633
4.432000 4.368277
4.433000 4.368920
4.434000 4.369564
4.435000 4.370207
4.436000 4.370851
4.437000 4.371494
4.438000 4.372137
4.439000 4.372781
4.440000 4.373424
4.441000 4.374067
4.442000 4.374710
4.443000 4.375353
4.444000 4.375996
4.445000 4.376639
4.446000 4.377282
4.447000 4.377925
4.448000 4.378568
4.449000 4.379211
4.450000 4.379853
4.451000 4.380496
4.452000 4.381139
4.453000 4.381782
4.454000 4.382424
4.455000 4.383067
4.456000 4.383709
4.457000 4.384352
4.458000 4.384994
4.459000 4.385637
4.460000 4.386279
4.461000 4.386921
4.462000 4.387563
4.463000 4.388206
4.464000 4.388848
4.465000 4.389490
4.466000 4.390132
4.467000 4.390774
4.468000 4.391416
4.469000 4.392058
4.470000 4.392700
4.471000 4.393342
4.472000 4.393984
4.473000 4.394626
4.474000 4.395267
4.475000 4.395909
4.476000 4.396551
4.477000 4.397192
4.478000 4.397834
4.479000 4.398475
4.480000 4.399117
4.481000 4.399758
4.482000 4.400400
4.483000 4.401041
4.484000 4.401682
4.485000 4.402324
4.486000 4.402965
4.487000 4.403606
4.488000 4.404247
4.489000 4.404888
4.490000 4.405530
4.491000 4.406171
4.492000 4.406812
4.493000 4.407452
4.494000 4.408093
4.495000 4.408734
4.496000 4.409375
4.497000 4.410016
4.498000 4.410657
4.499000 4.411297
4.500000 4.411938
4.501000 4.412578
4.502000 4.413219
4.503000 4.413860
4.504000 4.414500
4.505000 4.415140
4.506000 4.415781
4.507000 4.416421
4.508000 4.417061
4.509000 4.417702
4.510000 4.418342
4.511000 4.418982
4.512000 4.419622
4.513000 4.420262
4.514000 4.420902
4.515000 4.421542
4.516000 4.422182
4.517000 4.422822
4.518000 4.423462
4.519000 4.424102
4.520000 4.424742
4.521000 4.425382
4.522000 4.426021
4.523000 4.426661
4.524000 4.427301
4.525000 4.427940
4.526000 4.428580
4.527000 4.429219
4.528000 4.429859
4.529000 4.430498
4.530000 4.431137
4.531000 4.431777
4.532000 4.432416
4.533000 4.433055
4.534000 4.433694
4.535000 4.434334
4.536000 4.434973
4.537000 4.435612
4.538000 4.436251
4.539000 4.436890
4.540000 4.437529
4.541000 4.438168
4.542000 4.438806
4.543000 4.439445
4.544000 4.440084
4.545000 4.440723
4.546000 4.441361
4.547000 4.442000
4.548000 4.442639
4.549000 4.443277
4.550000 4.443916
4.551000 4.444554
4.552000 4.445193
4.553000 4.445831
4.554000 4.446469
4.555000 4.447108
4.556000 4.447746
4.557000 4.448384
4.558000 4.449022
4.559000 4.449661
4.560000 4.450299
4.561000 4.450937
4.562000 4.451575
4.563000 4.452213
4.564000 4.452851
4.565000 4.453489
4.566000 4.454126
4.567000 4.454764
4.568000 4.455402
4.569000 4.456040
4.570000 4.456677
4.571000 4.457315
4.572000 4.457953
4.573000 4.458590
4.574000 4.459228
4.575000 4.459865
4.576000 4.460502
4.577000 4.461140
4.578000 4.461777
4.579000 4.462414
4.580000 4.463052
4.581000 4.463689
4.582000 4.464326
4.583000 4.464963
4.584000 4.465600
4.585000 4.466237
4.586000 4.466874
4.587000 4.467511
4.588000 4.468148
4.589000 4.468785
4.590000 4.469422
4.591000 4.470059
4.592000 4.470695
4.593000 4.471332
4.594000 4.471969
4.595000 4.472605
4.596000 4.473242
4.597000 4.473879
4.598000 4.474515
4.599000 4.475152
4.600000 4.475788
4.601000 4.476424
4.602000 4.477061
4.603000 4.477697
4.604000 4.478333
4.605000 4.478969
4.606000 4.479605
4.607000 4.480242
4.608000 4.480878
4.609000 4.481514
4.610000 4.482150
4.611000 4.482786
4.612000 4.483422
4.613000 4.484057
4.614000 4.484693
4.615000 4.485329
4.616000 4.485965
4.617000 4.486600
4.618000 4.487236
4.619000 4.487872
4.620000 4.488507
4.621000 4.489143
4.622000 4.489778
4.623000 4.490414
4.624000 4.491049
4.625000 4.491684
4.626000 4.492320
4.627000 4.492955
4.628000 4.493590
4.629000 4.494225
4.630000 4.494861
4.631000 4.495496
4.632000 4.496131
4.633000 4.496766
4.634000 4.497401
4.635000 4.498036
4.636000 4.498671
4.637000 4.499305
4.638000 4.499940
4.639000 4.500575
4.640000 4.501210
4.641000 4.501844
4.642000 4.502479
4.643000 4.503114
4.644000 4.503748
4.645000 4.504383
4.646000 4.505017
4.647000 4.505652
4.648000 4.506286
4.649000 4.506920
4.650000 4.507555
4.651000 4.508189
4.652000 4.508823
4.653000 4.509457
4.654000 4.510092
4.655000 4.510726
4.656000 4.511360
4.657000 4.511994
4.658000 4.512628
4.659000 4.513262
4.660000 4.513896
4.661000 4.514529
4.662000 4.515163
4.663000 4.515797
4.664000 4.516431
4.665000 4.517064
4.666000 4.517698
4.667000 4.518332
4.668000 4.518965
4.669000 4.519599
4.670000 4.520232
4.671000 4.520866
4.672000 4.521499
4.673000 4.522132
4.674000 4.522766
4.675000 4.523399
4.676000 4.524032
4.677000 4.524665
4.678000 4.525298
4.679000 4.525932
4.680000 4.526565
4.681000 4.527198
4.682000 4.527831
4.683000 4.528463
4.684000 4.529096
4.685000 4.529729
4.686000 4.530362
4.687000 4.530995
4.688000 4.531628
4.689000 4.532260
4.690000 4.532893
4.691000 4.533525
4.692000 4.534158
4.693000 4.534790
4.694000 4.535423
4.695000 4.536055
4.696000 4.536688
4.697000 4.537320
4.698000 4.537952
4.699000 4.538585
4.700000 4.539217
4.701000 4.539849
4.702000 4.540481
4.703000 4.541113
4.704000 4.541745
4.705000 4.542377
4.706000 4.543009
4.707000 4.543641
4.708000 4.544273
4.709000 4.544905
4.710000 4.545537
4.711000 4.546169
4.712000 4.546800
4.713000 4.547432
4.714000 4.548064
4.715000 4.548695
4.716000 4.549327
4.717000 4.549958
4.718000 4.550590
4.719000 4.551221
4.720000 4.551853
4.721000 4.552484
4.722000 4.553115
4.723000 4.553746
4.724000 4.554378
4.725000 4.555009
4.726000 4.555640
4.727000 4.556271
4.728000 4.556902
4.729000 4.557533
4.730000 4.558164
4.731000 4.558795
4.732000 4.559426
4.733000 4.560057
4.734000 4.560688
4.735000 4.561318
4.736000 4.561949
4.737000 4.562580
4.738000 4.563210
4.739000 4.563841
4.740000 4.564472
4.741000 4.565102
4.742000 4.565733
4.743000 4.566363
4.744000 4.566993
4.745000 4.567624
4.746000 4.568254
4.747000 4.568884
4.748000 4.569515
4.749000 4.570145
4.750000 4.570775
4.751000 4.571405
4.752000 4.572035
4.753000 4.572665
4.754000 4.573295
4.755000 4.573925
4.756000 4.574555
4.757000 4.575185
4.758000 4.575815
4.759000 4.576444
4.760000 4.577074
4.761000 4.577704
4.762000 4.578333
4.763000 4.578963
4.764000 4.579593
4.765000 4.580222
4.766000 4.580852
4.767000 4.581481
4.768000 4.582110
4.769000 4.582740
4.770000 4.583369
4.771000 4.583998
4.772000 4.584628
4.773000 4.585257
4.774000 4.585886
4.775000 4.586515
4.776000 4.587144
4.777000 4.587773
4.778000 4.588402
4.779000 4.589031
4.780000 4.589660
4.781000 4.590289
4.782000 4.590918
4.783000 4.591546
4.784000 4.592175
4.785000 4.592804
4.786000 4.593433
4.787000 4.594061
4.788000 4.594690
4.789000 4.595318
4.790000 4.595947
4.791000 4.596575
4.792000 4.597204
4.793000 4.597832
4.794000 4.598460
4.795000 4.599089
4.796000 4.599717
4.797000 4.600345
4.798000 4.600973
4.799000 4.601601
4.800000 4.602229
4.801000 4.602857
4.802000 4.603485
4.803000 4.604113
4.804000 4.604741
4.805000 4.605369
4.806000 4.605997
4.807000 4.606625
4.808000 4.607252
4.809000 4.607880
4.810000 4.608508
4.811000 4.609135
4.812000 4.609763
4.813000 4.610391
4.814000 4.611018
4.815000 4.611646
4.816000 4.612273
4.817000 4.612900
4.818000 4.613528
4.819000 4.614155
4.820000 4.614782
4.821000 4.615409
4.822000 4.616037
4.823000 4.616664
4.824000 4.617291
4.825000 4.617918
4.826000 4.618545
4.827000 4.619172
4.828000 4.619799
4.829000 4.620426
4.830000 4.621053
4.831000 4.621679
4.832000 4.622306
4.833000 4.622933
4.834000 4.623560
4.835000 4.624186
4.836000 4.624813
4.837000 4.625439
4.838000 4.626066
4.839000 4.626692
4.840000 4.627319
4.841000 4.627945
4.842000 4.628571
4.843000 4.629198
4.844000 4.629824
4.845000 4.630450
4.846000 4.631076
4.847000 4.631703
4.848000 4.632329
4.849000 4.632955
4.850000 4.633581
4.851000 4.634207
4.852000 4.634833
4.853000 4.635459
4.854000 4.636084
4.855000 4.636710
4.856000 4.637336
4.857000 4.637962
4.858000 4.638588
4.859000 4.639213
4.860000 4.639839
4.861000 4.640464
4.862000 4.641090
4.863000 4.641715
4.864000 4.642341
4.865000 4.642966
4.866000 4.643592
4.867000 4.644217
4.868000 4.644842
4.869000 4.645467
4.870000 4.646093
4.871000 4.646718
4.872000 4.647343
4.873000 4.647968
4.874000 4.648593
4.875000 4.649218
4.876000 4.649843
4.877000 4.650468
4.878000 4.651093
4.879000 4.651718
4.880000 4.652342
4.881000 4.652967
4.882000 4.653592
4.883000 4.654217
4.884000 4.654841
4.885000 4.655466
4.886000 4.656090
4.887000 4.656715
4.888000 4.657339
4.889000 4.657964
4.890000 4.658588
4.891000 4.659213
4.892000 4.659837
4.893000 4.660461
4.894000 4.661085
4.895000 4.661710
4.896000 4.662334
4.897000 4.662958
4.898000 4.663582
4.899000 4.664206
4.900000 4.664830
4.901000 4.665454
4.902000 4.666078
4.903000 4.666702
4.904000 4.667325
4.905000 4.667949
4.906000 4.668573
4.907000 4.669197
4.908000 4.669820
4.909000 4.670444
4.910000 4.671067
4.911000 4.671691
4.912000 4.672314
4.913000 4.672938
4.914000 4.673561
4.915000 4.674185
4.916000 4.674808
4.917000 4.675431
4.918000 4.676054
4.919000 4.676678
4.920000 4.677301
4.921000 4.677924
4.922000 4.678547
4.923000 4.679170
4.924000 4.679793
4.925000 4.680416
4.926000 4.681039
4.927000 4.681662
4.928000 4.682285
4.929000 4.682908
4.930000 4.683530
4.931000 4.684153
4.932000 4.684776
4.933000 4.685398
4.934000 4.686021
4.935000 4.686643
4.936000 4.687266
4.937000 4.687888
4.938000 4.688511
4.939000 4.689133
4.940000 4.689756
4.941000 4.690378
4.942000 4.691000
4.943000 4.691622
4.944000 4.692245
4.945000 4.692867
4.946000 4.693489
4.947000 4.694111
4.948000 4.694733
4.949000 4.695355
4.950000 4.695977
4.951000 4.696599
4.952000 4.697221
4.953000 4.697843
4.954000 4.698464
4.955000 4.699086
4.956000 4.699708
4.957000 4.700329
4.958000 4.700951
4.959000 4.701573
4.960000 4.702194
4.961000 4.702816
4.962000 4.703437
4.963000 4.704059
4.964000 4.704680
4.965000 4.705301
4.966000 4.705923
4.967000 4.706544
4.968000 4.707165
4.969000 4.707786
4.970000 4.708407
4.971000 4.709028
4.972000 4.709649
4.973000 4.710271
4.974000 4.710891
4.975000 4.711512
4.976000 4.712133
4.977000 4.712754
4.978000 4.713375
4.979000 4.713996
4.980000 4.714616
4.981000 4.715237
4.982000 4.715858
4.983000 4.716478
4.984000 4.717099
4.985000 4.717720
4.986000 4.718340
4.987000 4.718960
4.988000 4.719581
4.989000 4.720201
4.990000 4.720822
4.991000 4.721442
4.992000 4.722062
4.993000 4.722682
4.994000 4.723302
4.995000 4.723923
4.996000 4.724543
4.997000 4.725163
4.998000 4.725783
4.999000 4.726403
5.000000 4.727023
