0.000000 1.000000
1.000000 0.966667
2.000000 0.943845
3.000000 0.925000
4.000000 0.908515
5.000000 0.893653
6.000000 0.880002
7.000000 0.867301
8.000000 0.855374
9.000000 0.844094
10.000000 0.833367
11.000000 0.823119
12.000000 0.813296
13.000000 0.803849
14.000000 0.794742
15.000000 0.785943
16.000000 0.777427
17.000000 0.769171
18.000000 0.761155
19.000000 0.753363
20.000000 0.745780
21.000000 0.738394
22.000000 0.731193
23.000000 0.724167
24.000000 0.717307
25.000000 0.710603
26.000000 0.704050
27.000000 0.697639
28.000000 0.691365
29.000000 0.685221
30.000000 0.679203
31.000000 0.673305
32.000000 0.667523
33.000000 0.661852
34.000000 0.656289
35.000000 0.650829
36.000000 0.645469
37.000000 0.640206
38.000000 0.635037
39.000000 0.629958
40.000000 0.624968
41.000000 0.620062
42.000000 0.615239
43.000000 0.610496
44.000000 0.605831
45.000000 0.601242
46.000000 0.596727
47.000000 0.592283
48.000000 0.587909
49.000000 0.583603
50.000000 0.579363
51.000000 0.575188
52.000000 0.571075
53.000000 0.567024
54.000000 0.563033
55.000000 0.559100
56.000000 0.555224
57.000000 0.551403
58.000000 0.547638
59.000000 0.543925
60.000000 0.540264
61.000000 0.536654
62.000000 0.533093
63.000000 0.529582
64.000000 0.526117
65.000000 0.522699
66.000000 0.519327
67.000000 0.515999
68.000000 0.512715
69.000000 0.509474
70.000000 0.506274
71.000000 0.503116
72.000000 0.499997
73.000000 0.496918
74.000000 0.493878
75.000000 0.490875
76.000000 0.487910
77.000000 0.484981
78.000000 0.482088
79.000000 0.479230
80.000000 0.476406
81.000000 0.473616
82.000000 0.470859
83.000000 0.468135
84.000000 0.465442
85.000000 0.462781
86.000000 0.460151
87.000000 0.457551
88.000000 0.454980
89.000000 0.452439
90.000000 0.449927
91.000000 0.447442
92.000000 0.444986
93.000000 0.442556
94.000000 0.440154
95.000000 0.437777
96.000000 0.435427
97.000000 0.433102
98.000000 0.430802
99.000000 0.428527
100.000000 0.426276
101.000000 0.424048
102.000000 0.421845
103.000000 0.419664
104.000000 0.417506
105.000000 0.415370
106.000000 0.413256
107.000000 0.411164
108.000000 0.409093
109.000000 0.407043
110.000000 0.405014
111.000000 0.403005
112.000000 0.401017
113.000000 0.399047
114.000000 0.397098
115.000000 0.395167
116.000000 0.393255
117.000000 0.391362
118.000000 0.389488
119.000000 0.387631
120.000000 0.385792
121.000000 0.383970
122.000000 0.382166
123.000000 0.380379
124.000000 0.378608
125.000000 0.376854
126.000000 0.375117
127.000000 0.373395
128.000000 0.371689
129.000000 0.369999
130.000000 0.368325
131.000000 0.366665
132.000000 0.365021
133.000000 0.363391
134.000000 0.361776
135.000000 0.360175
136.000000 0.358589
137.000000 0.357016
138.000000 0.355457
139.000000 0.353912
140.000000 0.352381
141.000000 0.350862
142.000000 0.349357
143.000000 0.347865
144.000000 0.346385
145.000000 0.344918
146.000000 0.343464
147.000000 0.342022
148.000000 0.340592
149.000000 0.339174
150.000000 0.337767
151.000000 0.336373
152.000000 0.334990
153.000000 0.333618
154.000000 0.332257
155.000000 0.330908
156.000000 0.329570
157.000000 0.328242
158.000000 0.326925
159.000000 0.325619
160.000000 0.324323
161.000000 0.323038
162.000000 0.321762
163.000000 0.320497
164.000000 0.319242
165.000000 0.317996
166.000000 0.316761
167.000000 0.315535
168.000000 0.314318
169.000000 0.313111
170.000000 0.311913
171.000000 0.310724
172.000000 0.309544
173.000000 0.308373
174.000000 0.307212
175.000000 0.306058
176.000000 0.304914
177.000000 0.303778
178.000000 0.302650
179.000000 0.301531
180.000000 0.300420
181.000000 0.299318
182.000000 0.298223
183.000000 0.297137
184.000000 0.296058
185.000000 0.294987
186.000000 0.293924
187.000000 0.292869
188.000000 0.291821
189.000000 0.290781
190.000000 0.289748
191.000000 0.288722
192.000000 0.287704
193.000000 0.286693
194.000000 0.285688
195.000000 0.284691
196.000000 0.283701
197.000000 0.282718
198.000000 0.281742
199.000000 0.280772
200.000000 0.279809
201.000000 0.278853
202.000000 0.277903
203.000000 0.276960
204.000000 0.276023
205.000000 0.275092
206.000000 0.274168
207.000000 0.273250
208.000000 0.272338
209.000000 0.271432
210.000000 0.270532
211.000000 0.269638
212.000000 0.268750
213.000000 0.267868
214.000000 0.266991
215.000000 0.266120
216.000000 0.265255
217.000000 0.264396
218.000000 0.263542
219.000000 0.262694
220.000000 0.261851
221.000000 0.261014
222.000000 0.260182
223.000000 0.259355
224.000000 0.258533
225.000000 0.257717
226.000000 0.256906
227.000000 0.256100
228.000000 0.255299
229.000000 0.254502
230.000000 0.253711
231.000000 0.252925
232.000000 0.252144
233.000000 0.251367
234.000000 0.250596
235.000000 0.249829
236.000000 0.249067
237.000000 0.248309
238.000000 0.247556
239.000000 0.246807
240.000000 0.246063
241.000000 0.245324
242.000000 0.244589
243.000000 0.243858
244.000000 0.243132
245.000000 0.242410
246.000000 0.241692
247.000000 0.240979
248.000000 0.240270
249.000000 0.239565
250.000000 0.238864
251.000000 0.238167
252.000000 0.237474
253.000000 0.236786
254.000000 0.236101
255.000000 0.235420
256.000000 0.234743
257.000000 0.234070
258.000000 0.233401
259.000000 0.232736
260.000000 0.232074
261.000000 0.231417
262.000000 0.230763
263.000000 0.230112
264.000000 0.229466
265.000000 0.228822
266.000000 0.228183
267.000000 0.227547
268.000000 0.226915
269.000000 0.226286
270.000000 0.225661
271.000000 0.225039
272.000000 0.224420
273.000000 0.223805
274.000000 0.223193
275.000000 0.222585
276.000000 0.221980
277.000000 0.221378
278.000000 0.220780
279.000000 0.220184
280.000000 0.219592
281.000000 0.219003
282.000000 0.218418
283.000000 0.217835
284.000000 0.217256
285.000000 0.216679
286.000000 0.216106
287.000000 0.215535
288.000000 0.214968
289.000000 0.214404
290.000000 0.213842
291.000000 0.213284
292.000000 0.212728
293.000000 0.212176
294.000000 0.211626
295.000000 0.211079
296.000000 0.210535
297.000000 0.209993
298.000000 0.209455
299.000000 0.208919
300.000000 0.208386
301.000000 0.207856
302.000000 0.207328
303.000000 0.206803
304.000000 0.206281
305.000000 0.205761
306.000000 0.205244
307.000000 0.204730
308.000000 0.204218
309.000000 0.203709
310.000000 0.203202
311.000000 0.202697
312.000000 0.202196
313.000000 0.201696
314.000000 0.201200
315.000000 0.200705
316.000000 0.200213
317.000000 0.199724
318.000000 0.199236
319.000000 0.198752
320.000000 0.198269
321.000000 0.197789
322.000000 0.197311
323.000000 0.196836
324.000000 0.196363
325.000000 0.195892
326.000000 0.195423
327.000000 0.194957
328.000000 0.194493
329.000000 0.194031
330.000000 0.193571
331.000000 0.193113
332.000000 0.192658
333.000000 0.192204
334.000000 0.191753
335.000000 0.191304
336.000000 0.190857
337.000000 0.190412
338.000000 0.189970
339.000000 0.189529
340.000000 0.189090
341.000000 0.188653
342.000000 0.188219
343.000000 0.187786
344.000000 0.187355
345.000000 0.186927
346.000000 0.186500
347.000000 0.186075
348.000000 0.185652
349.000000 0.185231
350.000000 0.184812
351.000000 0.184395
352.000000 0.183980
353.000000 0.183567
354.000000 0.183155
355.000000 0.182745
356.000000 0.182337
357.000000 0.181931
358.000000 0.181527
359.000000 0.181125
360.000000 0.180724
361.000000 0.180325
362.000000 0.179928
363.000000 0.179533
364.000000 0.179139
365.000000 0.178747
366.000000 0.178357
367.000000 0.177968
368.000000 0.177581
369.000000 0.177196
370.000000 0.176813
371.000000 0.176431
372.000000 0.176051
373.000000 0.175672
374.000000 0.175295
375.000000 0.174920
376.000000 0.174546
377.000000 0.174174
378.000000 0.173804
379.000000 0.173435
380.000000 0.173067
381.000000 0.172701
382.000000 0.172337
383.000000 0.171974
384.000000 0.171613
385.000000 0.171253
386.000000 0.170895
387.000000 0.170539
388.000000 0.170183
389.000000 0.169830
390.000000 0.169477
391.000000 0.169126
392.000000 0.168777
393.000000 0.168429
394.000000 0.168083
395.000000 0.167738
396.000000 0.167394
397.000000 0.167052
398.000000 0.166711
399.000000 0.166371
400.000000 0.166033
401.000000 0.165697
402.000000 0.165361
403.000000 0.165027
404.000000 0.164695
405.000000 0.164363
406.000000 0.164033
407.000000 0.163705
408.000000 0.163377
409.000000 0.163051
410.000000 0.162727
411.000000 0.162403
412.000000 0.162081
413.000000 0.161760
414.000000 0.161441
415.000000 0.161122
416.000000 0.160805
417.000000 0.160489
418.000000 0.160175
419.000000 0.159861
420.000000 0.159549
421.000000 0.159238
422.000000 0.158929
423.000000 0.158620
424.000000 0.158313
425.000000 0.158007
426.000000 0.157702
427.000000 0.157398
428.000000 0.157095
429.000000 0.156794
430.000000 0.156494
431.000000 0.156194
432.000000 0.155896
433.000000 0.155600
434.000000 0.155304
435.000000 0.155009
436.000000 0.154716
437.000000 0.154423
438.000000 0.154132
439.000000 0.153842
440.000000 0.153553
441.000000 0.153265
442.000000 0.152978
443.000000 0.152692
444.000000 0.152407
445.000000 0.152123
446.000000 0.151841
447.000000 0.151559
448.000000 0.151279
449.000000 0.150999
450.000000 0.150721
451.000000 0.150443
452.000000 0.150167
453.000000 0.149891
454.000000 0.149617
455.000000 0.149343
456.000000 0.149071
457.000000 0.148799
458.000000 0.148529
459.000000 0.148259
460.000000 0.147991
461.000000 0.147723
462.000000 0.147457
463.000000 0.147191
464.000000 0.146927
465.000000 0.146663
466.000000 0.146400
467.000000 0.146138
468.000000 0.145877
469.000000 0.145617
470.000000 0.145358
471.000000 0.145100
472.000000 0.144843
473.000000 0.144587
474.000000 0.144332
475.000000 0.144077
476.000000 0.143823
477.000000 0.143571
478.000000 0.143319
479.000000 0.143068
480.000000 0.142818
481.000000 0.142569
482.000000 0.142321
483.000000 0.142073
484.000000 0.141827
485.000000 0.141581
486.000000 0.141336
487.000000 0.141092
488.000000 0.140849
489.000000 0.140606
490.000000 0.140365
491.000000 0.140124
492.000000 0.139884
493.000000 0.139645
494.000000 0.139407
495.000000 0.139170
496.000000 0.138933
497.000000 0.138697
498.000000 0.138462
499.000000 0.138228
500.000000 0.137995
501.000000 0.137762
502.000000 0.137530
503.000000 0.137299
504.000000 0.137069
505.000000 0.136839
506.000000 0.136611
507.000000 0.136383
508.000000 0.136156
509.000000 0.135929
510.000000 0.135703
511.000000 0.135478
512.000000 0.135254
513.000000 0.135031
514.000000 0.134808
515.000000 0.134586
516.000000 0.134365
517.000000 0.134144
518.000000 0.133924
519.000000 0.133705
520.000000 0.133487
521.000000 0.133269
522.000000 0.133052
523.000000 0.132836
524.000000 0.132620
525.000000 0.132405
526.000000 0.132191
527.000000 0.131978
528.000000 0.131765
529.000000 0.131553
530.000000 0.131341
531.000000 0.131131
532.000000 0.130921
533.000000 0.130711
534.000000 0.130503
535.000000 0.130294
536.000000 0.130087
537.000000 0.129880
538.000000 0.129674
539.000000 0.129469
540.000000 0.129264
541.000000 0.129060
542.000000 0.128856
543.000000 0.128654
544.000000 0.128451
545.000000 0.128250
546.000000 0.128049
547.000000 0.127849
548.000000 0.127649
549.000000 0.127450
550.000000 0.127251
551.000000 0.127054
552.000000 0.126856
553.000000 0.126660
554.000000 0.126464
555.000000 0.126268
556.000000 0.126074
557.000000 0.125879
558.000000 0.125686
559.000000 0.125493
560.000000 0.125300
561.000000 0.125109
562.000000 0.124917
563.000000 0.124727
564.000000 0.124537
565.000000 0.124347
566.000000 0.124158
567.000000 0.123970
568.000000 0.123782
569.000000 0.123595
570.000000 0.123408
571.000000 0.123222
572.000000 0.123037
573.000000 0.122852
574.000000 0.122667
575.000000 0.122484
576.000000 0.122300
577.000000 0.122118
578.000000 0.121935
579.000000 0.121754
580.000000 0.121573
581.000000 0.121392
582.000000 0.121212
583.000000 0.121033
584.000000 0.120854
585.000000 0.120675
586.000000 0.120497
587.000000 0.120320
588.000000 0.120143
589.000000 0.119967
590.000000 0.119791
591.000000 0.119615
592.000000 0.119441
593.000000 0.119266
594.000000 0.119093
595.000000 0.118919
596.000000 0.118746
597.000000 0.118574
598.000000 0.118402
599.000000 0.118231
600.000000 0.118060
601.000000 0.117890
602.000000 0.117720
603.000000 0.117551
604.000000 0.117382
605.000000 0.117214
606.000000 0.117046
607.000000 0.116879
608.000000 0.116712
609.000000 0.116545
610.000000 0.116379
611.000000 0.116214
612.000000 0.116049
613.000000 0.115884
614.000000 0.115720
615.000000 0.115557
616.000000 0.115393
617.000000 0.115231
618.000000 0.115068
619.000000 0.114907
620.000000 0.114745
621.000000 0.114584
622.000000 0.114424
623.000000 0.114264
624.000000 0.114105
625.000000 0.113945
626.000000 0.113787
627.000000 0.113629
628.000000 0.113471
629.000000 0.113314
630.000000 0.113157
631.000000 0.113000
632.000000 0.112844
633.000000 0.112689
634.000000 0.112534
635.000000 0.112379
636.000000 0.112224
637.000000 0.112071
638.000000 0.111917
639.000000 0.111764
640.000000 0.111611
641.000000 0.111459
642.000000 0.111307
643.000000 0.111156
644.000000 0.111005
645.000000 0.110855
646.000000 0.110704
647.000000 0.110555
648.000000 0.110405
649.000000 0.110256
650.000000 0.110108
651.000000 0.109960
652.000000 0.109812
653.000000 0.109665
654.000000 0.109518
655.000000 0.109371
656.000000 0.109225
657.000000 0.109079
658.000000 0.108934
659.000000 0.108789
660.000000 0.108644
661.000000 0.108500
662.000000 0.108356
663.000000 0.108213
664.000000 0.108070
665.000000 0.107927
666.000000 0.107785
667.000000 0.107643
668.000000 0.107501
669.000000 0.107360
670.000000 0.107219
671.000000 0.107079
672.000000 0.106939
673.000000 0.106799
674.000000 0.106659
675.000000 0.106520
676.000000 0.106382
677.000000 0.106243
678.000000 0.106106
679.000000 0.105968
680.000000 0.105831
681.000000 0.105694
682.000000 0.105557
683.000000 0.105421
684.000000 0.105285
685.000000 0.105150
686.000000 0.105015
687.000000 0.104880
688.000000 0.104746
689.000000 0.104612
690.000000 0.104478
691.000000 0.104345
692.000000 0.104212
693.000000 0.104079
694.000000 0.103947
695.000000 0.103814
696.000000 0.103683
697.000000 0.103551
698.000000 0.103420
699.000000 0.103290
700.000000 0.103159
701.000000 0.103029
702.000000 0.102900
703.000000 0.102770
704.000000 0.102641
705.000000 0.102512
706.000000 0.102384
707.000000 0.102256
708.000000 0.102128
709.000000 0.102001
710.000000 0.101874
711.000000 0.101747
712.000000 0.101620
713.000000 0.101494
714.000000 0.101368
715.000000 0.101243
716.000000 0.101117
717.000000 0.100992
718.000000 0.100868
719.000000 0.100744
720.000000 0.100620
721.000000 0.100496
722.000000 0.100372
723.000000 0.100249
724.000000 0.100126
725.000000 0.100004
726.000000 0.099882
727.000000 0.099760
728.000000 0.099638
729.000000 0.099517
730.000000 0.099396
731.000000 0.099275
732.000000 0.099155
733.000000 0.099035
734.000000 0.098915
735.000000 0.098795
736.000000 0.098676
737.000000 0.098557
738.000000 0.098438
739.000000 0.098320
740.000000 0.098202
741.000000 0.098084
742.000000 0.097966
743.000000 0.097849
744.000000 0.097732
745.000000 0.097615
746.000000 0.097499
747.000000 0.097383
748.000000 0.097267
749.000000 0.097151
750.000000 0.097036
751.000000 0.096921
752.000000 0.096806
753.000000 0.096692
754.000000 0.096577
755.000000 0.096463
756.000000 0.096350
757.000000 0.096236
758.000000 0.096123
759.000000 0.096010
760.000000 0.095897
761.000000 0.095785
762.000000 0.095673
763.000000 0.095561
764.000000 0.095450
765.000000 0.095338
766.000000 0.095227
767.000000 0.095116
768.000000 0.095006
769.000000 0.094895
770.000000 0.094785
771.000000 0.094676
772.000000 0.094566
773.000000 0.094457
774.000000 0.094348
775.000000 0.094239
776.000000 0.094130
777.000000 0.094022
778.000000 0.093914
779.000000 0.093806
780.000000 0.093699
781.000000 0.093592
782.000000 0.093485
783.000000 0.093378
784.000000 0.093271
785.000000 0.093165
786.000000 0.093059
787.000000 0.092953
788.000000 0.092847
789.000000 0.092742
790.000000 0.092637
791.000000 0.092532
792.000000 0.092427
793.000000 0.092323
794.000000 0.092219
795.000000 0.092115
796.000000 0.092011
797.000000 0.091908
798.000000 0.091805
799.000000 0.091702
800.000000 0.091599
801.000000 0.091496
802.000000 0.091394
803.000000 0.091292
804.000000 0.091190
805.000000 0.091088
806.000000 0.090987
807.000000 0.090886
808.000000 0.090785
809.000000 0.090684
810.000000 0.090584
811.000000 0.090483
812.000000 0.090383
813.000000 0.090284
814.000000 0.090184
815.000000 0.090085
816.000000 0.089985
817.000000 0.089886
818.000000 0.089788
819.000000 0.089689
820.000000 0.089591
821.000000 0.089493
822.000000 0.089395
823.000000 0.089297
824.000000 0.089200
825.000000 0.089103
826.000000 0.089006
827.000000 0.088909
828.000000 0.088812
829.000000 0.088716
830.000000 0.088620
831.000000 0.088524
832.000000 0.088428
833.000000 0.088332
834.000000 0.088237
835.000000 0.088142
836.000000 0.088047
837.000000 0.087952
838.000000 0.087858
839.000000 0.087763
840.000000 0.087669
841.000000 0.087575
842.000000 0.087481
843.000000 0.087388
844.000000 0.087295
845.000000 0.087201
846.000000 0.087109
847.000000 0.087016
848.000000 0.086923
849.000000 0.086831
850.000000 0.086739
851.000000 0.086647
852.000000 0.086555
853.000000 0.086464
854.000000 0.086372
855.000000 0.086281
856.000000 0.086190
857.000000 0.086099
858.000000 0.086009
859.000000 0.085918
860.000000 0.085828
861.000000 0.085738
862.000000 0.085648
863.000000 0.085558
864.000000 0.085469
865.000000 0.085380
866.000000 0.085291
867.000000 0.085202
868.000000 0.085113
869.000000 0.085025
870.000000 0.084936
871.000000 0.084848
872.000000 0.084760
873.000000 0.084672
874.000000 0.084585
875.000000 0.084497
876.000000 0.084410
877.000000 0.084323
878.000000 0.084236
879.000000 0.084149
880.000000 0.084063
881.000000 0.083976
882.000000 0.083890
883.000000 0.083804
884.000000 0.083718
885.000000 0.083633
886.000000 0.083547
887.000000 0.083462
888.000000 0.083377
889.000000 0.083292
890.000000 0.083207
891.000000 0.083122
892.000000 0.083038
893.000000 0.082954
894.000000 0.082870
895.000000 0.082786
896.000000 0.082702
897.000000 0.082618
898.000000 0.082535
899.000000 0.082452
900.000000 0.082369
901.000000 0.082286
902.000000 0.082203
903.000000 0.082120
904.000000 0.082038
905.000000 0.081956
906.000000 0.081874
907.000000 0.081792
908.000000 0.081710
909.000000 0.081628
910.000000 0.081547
911.000000 0.081466
912.000000 0.081384
913.000000 0.081303
914.000000 0.081223
915.000000 0.081142
916.000000 0.081062
917.000000 0.080981
918.000000 0.080901
919.000000 0.080821
920.000000 0.080741
921.000000 0.080662
922.000000 0.080582
923.000000 0.080503
924.000000 0.080424
925.000000 0.080344
926.000000 0.080266
927.000000 0.080187
928.000000 0.080108
929.000000 0.080030
930.000000 0.079952
931.000000 0.079873
932.000000 0.079795
933.000000 0.079718
934.000000 0.079640
935.000000 0.079562
936.000000 0.079485
937.000000 0.079408
938.000000 0.079331
939.000000 0.079254
940.000000 0.079177
941.000000 0.079101
942.000000 0.079024
943.000000 0.078948
944.000000 0.078872
945.000000 0.078796
946.000000 0.078720
947.000000 0.078644
948.000000 0.078568
949.000000 0.078493
950.000000 0.078418
951.000000 0.078342
952.000000 0.078267
953.000000 0.078193
954.000000 0.078118
955.000000 0.078043
956.000000 0.077969
957.000000 0.077894
958.000000 0.077820
959.000000 0.077746
960.000000 0.077672
961.000000 0.077599
962.000000 0.077525
963.000000 0.077452
964.000000 0.077378
965.000000 0.077305
966.000000 0.077232
967.000000 0.077159
968.000000 0.077086
969.000000 0.077014
970.000000 0.076941
971.000000 0.076869
972.000000 0.076797
973.000000 0.076725
974.000000 0.076653
975.000000 0.076581
976.000000 0.076509
977.000000 0.076438
978.000000 0.076366
979.000000 0.076295
980.000000 0.076224
981.000000 0.076153
982.000000 0.076082
983.000000 0.076011
984.000000 0.075941
985.000000 0.075870
986.000000 0.075800
987.000000 0.075730
988.000000 0.075659
989.000000 0.075589
990.000000 0.075520
991.000000 0.075450
992.000000 0.075380
993.000000 0.075311
994.000000 0.075242
995.000000 0.075172
996.000000 0.075103
997.000000 0.075034
998.000000 0.074966
999.000000 0.074897
1000.000000 0.074828
